T,V,event
0.0,511.0,0
0.00010923084679113383,511.0,0
0.00021846169358226766,510.0,0
0.0003276925403734015,511.0,0
0.0004369233871645353,511.0,0
0.0005461542339556692,511.0,0
0.000655385080746803,511.0,0
0.0007646159275379368,512.0,0
0.0008738467743290707,511.0,0
0.0009830776211202045,511.0,0
0.0010923084679113383,511.0,0
0.001201539314702472,512.0,0
0.001310770161493606,511.0,0
0.0014200010082847398,511.0,0
0.0015292318550758736,512.0,0
0.0016384627018670075,512.0,0
0.0017476935486581413,511.0,0
0.0018569243954492751,512.0,0
0.001966155242240409,512.0,0
0.002075386089031543,511.0,0
0.0021846169358226766,511.0,0
0.0022938477826138105,512.0,0
0.002403078629404944,511.0,0
0.0025123094761960777,511.0,0
0.002621540322987212,511.0,0
0.002730771169778346,511.0,0
0.0028400020165694796,510.0,0
0.0029492328633606135,510.0,0
0.0030584637101517473,511.0,0
0.003167694556942881,510.0,0
0.003276925403734015,510.0,0
0.0033861562505251483,510.0,0
0.0034953870973162826,510.0,0
0.0036046179441074164,510.0,0
0.0037138487908985503,509.0,0
0.003823079637689684,510.0,0
0.003932310484480818,510.0,0
0.004041541331271952,509.0,0
0.004150772178063086,509.0,0
0.004260003024854219,510.0,0
0.004369233871645353,509.0,0
0.004478464718436487,509.0,0
0.004587695565227621,509.0,0
0.004696926412018755,509.0,0
0.004806157258809888,508.0,0
0.004915388105601022,510.0,0
0.005024618952392155,509.0,0
0.00513384979918329,509.0,0
0.005243080645974424,509.0,0
0.005352311492765558,510.0,0
0.005461542339556692,509.0,0
0.005570773186347825,509.0,0
0.005680004033138959,510.0,0
0.005789234879930093,510.0,0
0.005898465726721227,509.0,0
0.006007696573512361,510.0,0
0.006116927420303495,510.0,0
0.0062261582670946275,510.0,0
0.006335389113885762,510.0,0
0.006444619960676895,510.0,0
0.00655385080746803,510.0,0
0.006663081654259164,510.0,0
0.006772312501050297,510.0,0
0.0068815433478414305,510.0,0
0.006990774194632565,510.0,0
0.007100005041423699,510.0,0
0.007209235888214833,510.0,0
0.007318466735005966,510.0,0
0.0074276975817971005,510.0,0
0.007536928428588234,510.0,0
0.007646159275379368,510.0,0
0.007755390122170501,510.0,0
0.007864620968961636,509.0,0
0.00797385181575277,510.0,0
0.008083082662543904,510.0,0
0.008192313509335036,509.0,0
0.008301544356126171,509.0,0
0.008410775202917305,510.0,0
0.008520006049708439,509.0,0
0.008629236896499571,509.0,0
0.008738467743290707,509.0,0
0.00884769859008184,509.0,0
0.008956929436872974,508.0,0
0.009066160283664108,508.0,0
0.009175391130455242,509.0,0
0.009284621977246376,509.0,0
0.00939385282403751,508.0,0
0.009503083670828643,508.0,0
0.009612314517619775,508.0,0
0.009721545364410911,508.0,0
0.009830776211202045,508.0,0
0.009940007057993179,508.0,0
0.01004923790478431,508.0,0
0.010158468751575446,508.0,0
0.01026769959836658,508.0,0
0.010376930445157714,508.0,0
0.010486161291948848,508.0,0
0.01059539213873998,508.0,0
0.010704622985531115,508.0,0
0.01081385383232225,508.0,0
0.010923084679113383,508.0,0
0.011032315525904515,508.0,0
0.01114154637269565,508.0,0
0.011250777219486785,508.0,0
0.011360008066277918,508.0,0
0.01146923891306905,508.0,0
0.011578469759860186,508.0,0
0.01168770060665132,508.0,0
0.011796931453442454,508.0,0
0.011906162300233586,508.0,0
0.012015393147024721,508.0,0
0.012124623993815855,508.0,0
0.01223385484060699,508.0,0
0.012343085687398123,508.0,0
0.012452316534189255,508.0,0
0.01256154738098039,508.0,0
0.012670778227771524,508.0,0
0.012780009074562658,508.0,0
0.01288923992135379,508.0,0
0.012998470768144926,508.0,0
0.01310770161493606,508.0,0
0.013216932461727192,508.0,0
0.013326163308518327,508.0,0
0.01343539415530946,508.0,0
0.013544625002100593,508.0,0
0.013653855848891729,508.0,0
0.013763086695682861,508.0,0
0.013872317542473997,508.0,0
0.01398154838926513,508.0,0
0.014090779236056263,508.0,0
0.014200010082847398,508.0,0
0.01430924092963853,508.0,0
0.014418471776429666,508.0,0
0.0145277026232208,508.0,0
0.014636933470011932,508.0,0
0.014746164316803067,508.0,0
0.014855395163594201,508.0,0
0.014964626010385333,508.0,0
0.015073856857176469,508.0,0
0.0151830877039676,508.0,0
0.015292318550758736,508.0,0
0.01540154939754987,508.0,0
0.015510780244341002,508.0,0
0.015620011091132138,509.0,0
0.015729241937923272,508.0,0
0.015838472784714407,509.0,0
0.01594770363150554,509.0,0
0.01605693447829667,510.0,0
0.016166165325087807,509.0,0
0.01627539617187894,510.0,0
0.01638462701867007,510.0,0
0.016493857865461207,510.0,0
0.016603088712252342,510.0,0
0.016712319559043478,510.0,0
0.01682155040583461,510.0,0
0.016930781252625742,510.0,0
0.017040012099416878,510.0,0
0.01714924294620801,511.0,0
0.017258473792999142,510.0,0
0.017367704639790277,510.0,0
0.017476935486581413,511.0,0
0.01758616633337255,511.0,0
0.01769539718016368,510.0,0
0.017804628026954813,511.0,0
0.01791385887374595,511.0,0
0.01802308972053708,511.0,0
0.018132320567328216,511.0,0
0.018241551414119348,512.0,0
0.018350782260910484,512.0,0
0.018460013107701616,512.0,0
0.01856924395449275,512.0,0
0.018678474801283883,513.0,0
0.01878770564807502,512.0,0
0.01889693649486615,513.0,0
0.019006167341657287,513.0,0
0.01911539818844842,513.0,0
0.01922462903523955,513.0,0
0.019333859882030686,513.0,0
0.019443090728821822,514.0,0
0.019552321575612958,513.0,0
0.01966155242240409,513.0,0
0.019770783269195222,515.0,0
0.019880014115986357,514.0,0
0.01998924496277749,514.0,0
0.02009847580956862,514.0,0
0.020207706656359757,515.0,0
0.020316937503150893,515.0,0
0.020426168349942028,515.0,0
0.02053539919673316,515.0,0
0.020644630043524292,515.0,0
0.020753860890315428,515.0,0
0.02086309173710656,515.0,0
0.020972322583897696,515.0,0
0.021081553430688828,515.0,0
0.02119078427747996,515.0,0
0.0213000151242711,516.0,0
0.02140924597106223,515.0,0
0.021518476817853363,515.0,0
0.0216277076646445,516.0,0
0.02173693851143563,516.0,0
0.021846169358226766,515.0,0
0.0219554002050179,515.0,0
0.02206463105180903,515.0,0
0.022173861898600166,515.0,0
0.0222830927453913,515.0,0
0.022392323592182434,515.0,0
0.02250155443897357,515.0,0
0.0226107852857647,515.0,0
0.022720016132555837,515.0,0
0.02282924697934697,515.0,0
0.0229384778261381,514.0,0
0.023047708672929237,513.0,0
0.023156939519720372,514.0,0
0.023266170366511508,514.0,0
0.02337540121330264,513.0,0
0.023484632060093772,513.0,0
0.023593862906884908,513.0,0
0.02370309375367604,513.0,0
0.023812324600467172,512.0,0
0.023921555447258307,512.0,0
0.024030786294049443,512.0,0
0.024140017140840575,512.0,0
0.02424924798763171,511.0,0
0.024358478834422843,512.0,0
0.02446770968121398,511.0,0
0.02457694052800511,511.0,0
0.024686171374796246,511.0,0
0.024795402221587378,511.0,0
0.02490463306837851,510.0,0
0.025013863915169646,510.0,0
0.02512309476196078,510.0,0
0.025232325608751913,510.0,0
0.02534155645554305,509.0,0
0.02545078730233418,510.0,0
0.025560018149125317,510.0,0
0.025669248995916445,509.0,0
0.02577847984270758,509.0,0
0.025887710689498716,510.0,0
0.025996941536289852,509.0,0
0.026106172383080984,509.0,0
0.02621540322987212,509.0,0
0.026324634076663255,510.0,0
0.026433864923454384,509.0,0
0.02654309577024552,509.0,0
0.026652326617036655,510.0,0
0.026761557463827787,510.0,0
0.02687078831061892,509.0,0
0.026980019157410058,510.0,0
0.027089250004201187,510.0,0
0.027198480850992322,510.0,0
0.027307711697783458,510.0,0
0.027416942544574593,511.0,0
0.027526173391365722,511.0,0
0.027635404238156858,511.0,0
0.027744635084947993,512.0,0
0.027853865931739125,512.0,0
0.02796309677853026,512.0,0
0.028072327625321396,513.0,0
0.028181558472112525,513.0,0
0.02829078931890366,513.0,0
0.028400020165694796,513.0,0
0.028509251012485925,514.0,0
0.02861848185927706,514.0,0
0.028727712706068196,514.0,0
0.02883694355285933,514.0,0
0.028946174399650464,515.0,0
0.0290554052464416,515.0,0
0.029164636093232735,515.0,0
0.029273866940023863,515.0,0
0.029383097786815,515.0,0
0.029492328633606135,515.0,0
0.029601559480397263,515.0,0
0.029710790327188402,516.0,0
0.029820021173979534,515.0,0
0.029929252020770666,515.0,0
0.030038482867561802,516.0,0
0.030147713714352938,516.0,0
0.030256944561144073,515.0,0
0.0303661754079352,515.0,0
0.030475406254726337,516.0,0
0.030584637101517473,515.0,0
0.030693867948308605,515.0,0
0.03080309879509974,515.0,0
0.030912329641890876,516.0,0
0.031021560488682005,515.0,0
0.03113079133547314,515.0,0
0.031240022182264276,516.0,0
0.031349253029055404,515.0,0
0.031458483875846543,515.0,0
0.031567714722637676,515.0,0
0.031676945569428815,515.0,0
0.03178617641621994,515.0,0
0.03189540726301108,515.0,0
0.03200463810980221,515.0,0
0.03211386895659334,515.0,0
0.03222309980338448,514.0,0
0.032332330650175614,514.0,0
0.032441561496966746,515.0,0
0.03255079234375788,513.0,0
0.03266002319054902,513.0,0
0.03276925403734014,513.0,0
0.03287848488413128,513.0,0
0.032987715730922414,512.0,0
0.033096946577713546,512.0,0
0.033206177424504685,512.0,0
0.03331540827129582,512.0,0
0.033424639118086956,512.0,0
0.03353386996487808,512.0,0
0.03364310081166922,511.0,0
0.03375233165846035,511.0,0
0.033861562505251484,511.0,0
0.033970793352042616,511.0,0
0.034080024198833755,510.0,0
0.03418925504562489,510.0,0
0.03429848589241602,510.0,0
0.03440771673920716,510.0,0
0.034516947585998284,510.0,0
0.03462617843278942,510.0,0
0.034735409279580555,510.0,0
0.034844640126371694,510.0,0
0.034953870973162826,509.0,0
0.03506310181995396,510.0,0
0.0351723326667451,510.0,0
0.03528156351353622,509.0,0
0.03539079436032736,509.0,0
0.035500025207118494,510.0,0
0.035609256053909626,509.0,0
0.03571848690070076,509.0,0
0.0358277177474919,510.0,0
0.03593694859428303,510.0,0
0.03604617944107416,509.0,0
0.0361554102878653,510.0,0
0.03626464113465643,510.0,0
0.036373871981447564,510.0,0
0.036483102828238696,509.0,0
0.036592333675029835,510.0,0
0.03670156452182097,510.0,0
0.0368107953686121,510.0,0
0.03692002621540323,510.0,0
0.037029257062194364,510.0,0
0.0371384879089855,510.0,0
0.037247718755776635,510.0,0
0.03735694960256777,510.0,0
0.0374661804493589,510.0,0
0.03757541129615004,510.0,0
0.03768464214294117,510.0,0
0.0377938729897323,510.0,0
0.03790310383652344,510.0,0
0.03801233468331457,510.0,0
0.038121565530105705,511.0,0
0.03823079637689684,510.0,0
0.03834002722368798,511.0,0
0.0384492580704791,511.0,0
0.03855848891727024,511.0,0
0.03866771976406137,510.0,0
0.038776950610852505,511.0,0
0.038886181457643644,511.0,0
0.038995412304434776,511.0,0
0.039104643151225915,510.0,0
0.03921387399801704,511.0,0
0.03932310484480818,511.0,0
0.03943233569159931,510.0,0
0.039541566538390444,510.0,0
0.03965079738518158,511.0,0
0.039760028231972715,510.0,0
0.03986925907876385,510.0,0
0.03997848992555498,510.0,0
0.04008772077234612,510.0,0
0.04019695161913724,510.0,0
0.04030618246592838,510.0,0
0.040415413312719514,510.0,0
0.04052464415951065,510.0,0
0.040633875006301785,510.0,0
0.04074310585309292,510.0,0
0.040852336699884056,510.0,0
0.04096156754667518,510.0,0
0.04107079839346632,510.0,0
0.04118002924025745,510.0,0
0.041289260087048585,510.0,0
0.04139849093383972,510.0,0
0.041507721780630856,510.0,0
0.04161695262742199,510.0,0
0.04172618347421312,510.0,0
0.04183541432100426,510.0,0
0.04194464516779539,510.0,0
0.04205387601458652,510.0,0
0.042163106861377656,510.0,0
0.042272337708168795,510.0,0
0.04238156855495992,511.0,0
0.04249079940175106,510.0,0
0.0426000302485422,510.0,0
0.04270926109533332,511.0,0
0.04281849194212446,511.0,0
0.042927722788915594,511.0,0
0.043036953635706726,511.0,0
0.04314618448249786,512.0,0
0.043255415329289,511.0,0
0.04336464617608013,511.0,0
0.04347387702287126,512.0,0
0.0435831078696624,512.0,0
0.04369233871645353,512.0,0
0.043801569563244665,513.0,0
0.0439108004100358,513.0,0
0.044020031256826936,513.0,0
0.04412926210361806,513.0,0
0.0442384929504092,513.0,0
0.04434772379720033,513.0,0
0.044456954643991464,513.0,0
0.0445661854907826,513.0,0
0.044675416337573735,515.0,0
0.04478464718436487,514.0,0
0.044893878031156,514.0,0
0.04500310887794714,515.0,0
0.04511233972473827,515.0,0
0.0452215705715294,515.0,0
0.045330801418320535,515.0,0
0.045440032265111674,515.0,0
0.045549263111902806,515.0,0
0.04565849395869394,515.0,0
0.04576772480548508,516.0,0
0.0458769556522762,516.0,0
0.04598618649906734,515.0,0
0.04609541734585847,515.0,0
0.046204648192649606,516.0,0
0.046313879039440745,516.0,0
0.04642310988623188,515.0,0
0.046532340733023016,515.0,0
0.04664157157981414,516.0,0
0.04675080242660528,515.0,0
0.04686003327339641,515.0,0
0.046969264120187544,515.0,0
0.047078494966978676,515.0,0
0.047187725813769815,515.0,0
0.04729695666056095,515.0,0
0.04740618750735208,515.0,0
0.04751541835414322,515.0,0
0.047624649200934344,514.0,0
0.04773388004772548,515.0,0
0.047843110894516615,515.0,0
0.047952341741307754,514.0,0
0.048061572588098886,513.0,0
0.04817080343489002,514.0,0
0.04828003428168115,513.0,0
0.04838926512847228,513.0,0
0.04849849597526342,513.0,0
0.04860772682205455,514.0,0
0.048716957668845685,513.0,0
0.04882618851563682,513.0,0
0.04893541936242796,513.0,0
0.04904465020921909,513.0,0
0.04915388105601022,512.0,0
0.04926311190280136,512.0,0
0.04937234274959249,513.0,0
0.049481573596383624,512.0,0
0.049590804443174756,512.0,0
0.049700035289965895,513.0,0
0.04980926613675702,512.0,0
0.04991849698354816,512.0,0
0.05002772783033929,512.0,0
0.050136958677130423,513.0,0
0.05024618952392156,512.0,0
0.050355420370712695,512.0,0
0.05046465121750383,512.0,0
0.05057388206429496,512.0,0
0.0506831129110861,512.0,0
0.05079234375787722,512.0,0
0.05090157460466836,512.0,0
0.0510108054514595,512.0,0
0.05112003629825063,511.0,0
0.051229267145041765,512.0,0
0.05133849799183289,511.0,0
0.05144772883862403,511.0,0
0.05155695968541516,511.0,0
0.0516661905322063,511.0,0
0.05177542137899743,511.0,0
0.05188465222578857,511.0,0
0.051993883072579704,511.0,0
0.05210311391937083,511.0,0
0.05221234476616197,510.0,0
0.0523215756129531,510.0,0
0.05243080645974424,511.0,0
0.05254003730653537,510.0,0
0.05264926815332651,510.0,0
0.052758499000117635,510.0,0
0.05286772984690877,510.0,0
0.05297696069369991,510.0,0
0.05308619154049104,510.0,0
0.05319542238728218,511.0,0
0.05330465323407331,510.0,0
0.05341388408086445,510.0,0
0.053523114927655574,510.0,0
0.053632345774446706,510.0,0
0.05374157662123784,510.0,0
0.05385080746802898,510.0,0
0.053960038314820116,511.0,0
0.05406926916161125,511.0,0
0.054178500008402374,510.0,0
0.054287730855193506,511.0,0
0.054396961701984645,511.0,0
0.05450619254877578,511.0,0
0.054615423395566916,511.0,0
0.05472465424235805,511.0,0
0.05483388508914919,511.0,0
0.05494311593594031,511.0,0
0.055052346782731444,511.0,0
0.05516157762952258,511.0,0
0.055270808476313715,511.0,0
0.055380039323104854,511.0,0
0.055489270169895986,511.0,0
0.05559850101668711,511.0,0
0.05570773186347825,511.0,0
0.05581696271026938,512.0,0
0.05592619355706052,512.0,0
0.056035424403851654,511.0,0
0.05614465525064279,512.0,0
0.056253886097433925,512.0,0
0.05636311694422505,511.0,0
0.05647234779101619,512.0,0
0.05658157863780732,512.0,0
0.05669080948459845,512.0,0
0.05680004033138959,511.0,0
0.05690927117818073,512.0,0
0.05701850202497185,512.0,0
0.05712773287176299,511.0,0
0.05723696371855412,511.0,0
0.05734619456534526,512.0,0
0.05745542541213639,512.0,0
0.05756465625892753,511.0,0
0.05767388710571866,512.0,0
0.05778311795250979,512.0,0
0.05789234879930093,511.0,0
0.05800157964609206,511.0,0
0.0581108104928832,512.0,0
0.05822004133967433,511.0,0
0.05832927218646547,511.0,0
0.058438503033256595,511.0,0
0.05854773388004773,512.0,0
0.058656964726838866,511.0,0
0.05876619557363,511.0,0
0.05887542642042114,511.0,0
0.05898465726721227,511.0,0
0.05909388811400341,511.0,0
0.059203118960794526,511.0,0
0.059312349807585665,511.0,0
0.059421580654376804,511.0,0
0.059530811501167936,510.0,0
0.05964004234795907,510.0,0
0.05974927319475021,510.0,0
0.05985850404154133,510.0,0
0.059967734888332465,510.0,0
0.060076965735123604,510.0,0
0.060186196581914736,510.0,0
0.060295427428705875,509.0,0
0.06040465827549701,510.0,0
0.060513889122288146,510.0,0
0.06062311996907927,509.0,0
0.0607323508158704,509.0,0
0.06084158166266154,510.0,0
0.060950812509452675,509.0,0
0.061060043356243814,508.0,0
0.061169274203034946,509.0,0
0.06127850504982607,509.0,0
0.06138773589661721,508.0,0
0.06149696674340834,509.0,0
0.06160619759019948,509.0,0
0.06171542843699061,509.0,0
0.06182465928378175,509.0,0
0.061933890130572884,510.0,0
0.06204312097736401,510.0,0
0.06215235182415514,509.0,0
0.06226158267094628,509.0,0
0.06237081351773742,510.0,0
0.06248004436452855,510.0,0
0.06258927521131968,510.0,0
0.06269850605811081,510.0,0
0.06280773690490195,510.0,0
0.06291696775169309,510.0,0
0.06302619859848421,510.0,0
0.06313542944527535,510.0,0
0.06324466029206649,510.0,0
0.06335389113885763,510.0,0
0.06346312198564875,510.0,0
0.06357235283243988,510.0,0
0.06368158367923102,510.0,0
0.06379081452602216,510.0,0
0.0639000453728133,511.0,0
0.06400927621960442,510.0,0
0.06411850706639555,510.0,0
0.06422773791318669,511.0,0
0.06433696875997783,511.0,0
0.06444619960676896,511.0,0
0.06455543045356009,511.0,0
0.06466466130035123,511.0,0
0.06477389214714237,511.0,0
0.06488312299393349,511.0,0
0.06499235384072463,512.0,0
0.06510158468751576,512.0,0
0.0652108155343069,512.0,0
0.06532004638109803,512.0,0
0.06542927722788916,512.0,0
0.06553850807468029,512.0,0
0.06564773892147142,513.0,0
0.06575696976826256,513.0,0
0.0658662006150537,513.0,0
0.06597543146184483,513.0,0
0.06608466230863597,514.0,0
0.06619389315542709,515.0,0
0.06630312400221823,515.0,0
0.06641235484900937,515.0,0
0.0665215856958005,515.0,0
0.06663081654259163,515.0,0
0.06674004738938277,515.0,0
0.06684927823617391,515.0,0
0.06695850908296504,516.0,0
0.06706773992975616,516.0,0
0.0671769707765473,516.0,0
0.06728620162333844,516.0,0
0.06739543247012958,518.0,0
0.0675046633169207,516.0,0
0.06761389416371183,517.0,0
0.06772312501050297,518.0,0
0.06783235585729411,517.0,0
0.06794158670408523,516.0,0
0.06805081755087637,517.0,0
0.06816004839766751,517.0,0
0.06826927924445865,516.0,0
0.06837851009124978,516.0,0
0.0684877409380409,516.0,0
0.06859697178483204,515.0,0
0.06870620263162318,515.0,0
0.06881543347841432,515.0,0
0.06892466432520544,515.0,0
0.06903389517199657,515.0,0
0.0691431260187877,515.0,0
0.06925235686557885,515.0,0
0.06936158771236998,514.0,0
0.06947081855916111,513.0,0
0.06958004940595225,514.0,0
0.06968928025274339,513.0,0
0.06979851109953451,513.0,0
0.06990774194632565,513.0,0
0.07001697279311678,513.0,0
0.07012620363990792,512.0,0
0.07023543448669906,512.0,0
0.0703446653334902,512.0,0
0.0704538961802813,513.0,0
0.07056312702707244,512.0,0
0.07067235787386358,512.0,0
0.07078158872065472,512.0,0
0.07089081956744586,512.0,0
0.07100005041423699,512.0,0
0.07110928126102813,513.0,0
0.07121851210781925,513.0,0
0.07132774295461039,512.0,0
0.07143697380140152,512.0,0
0.07154620464819265,513.0,0
0.0716554354949838,513.0,0
0.07176466634177493,513.0,0
0.07187389718856606,513.0,0
0.07198312803535718,513.0,0
0.07209235888214832,513.0,0
0.07220158972893946,513.0,0
0.0723108205757306,513.0,0
0.07242005142252173,513.0,0
0.07252928226931286,513.0,0
0.07263851311610399,513.0,0
0.07274774396289513,513.0,0
0.07285697480968627,513.0,0
0.07296620565647739,513.0,0
0.07307543650326853,513.0,0
0.07318466735005967,513.0,0
0.0732938981968508,512.0,0
0.07340312904364193,512.0,0
0.07351235989043306,513.0,0
0.0736215907372242,512.0,0
0.07373082158401534,512.0,0
0.07384005243080646,512.0,0
0.0739492832775976,512.0,0
0.07405851412438873,511.0,0
0.07416774497117987,511.0,0
0.074276975817971,511.0,0
0.07438620666476213,511.0,0
0.07449543751155327,510.0,0
0.07460466835834441,511.0,0
0.07471389920513553,511.0,0
0.07482313005192667,510.0,0
0.0749323608987178,510.0,0
0.07504159174550894,511.0,0
0.07515082259230008,510.0,0
0.07526005343909122,510.0,0
0.07536928428588234,510.0,0
0.07547851513267347,510.0,0
0.0755877459794646,509.0,0
0.07569697682625574,509.0,0
0.07580620767304688,510.0,0
0.07591543851983801,509.0,0
0.07602466936662915,508.0,0
0.07613390021342027,509.0,0
0.07624313106021141,509.0,0
0.07635236190700254,508.0,0
0.07646159275379368,508.0,0
0.07657082360058481,508.0,0
0.07668005444737595,508.0,0
0.07678928529416709,508.0,0
0.0768985161409582,508.0,0
0.07700774698774934,508.0,0
0.07711697783454048,508.0,0
0.07722620868133162,508.0,0
0.07733543952812275,508.0,0
0.07744467037491388,508.0,0
0.07755390122170501,507.0,0
0.07766313206849615,507.0,0
0.07777236291528729,507.0,0
0.07788159376207841,507.0,0
0.07799082460886955,507.0,0
0.07810005545566069,507.0,0
0.07820928630245183,507.0,0
0.07831851714924296,506.0,0
0.07842774799603408,507.0,0
0.07853697884282522,507.0,0
0.07864620968961636,505.0,0
0.0787554405364075,506.0,0
0.07886467138319862,506.0,0
0.07897390222998975,506.0,0
0.07908313307678089,505.0,0
0.07919236392357203,506.0,0
0.07930159477036317,505.0,0
0.07941082561715429,505.0,0
0.07952005646394543,505.0,0
0.07962928731073657,506.0,0
0.0797385181575277,505.0,0
0.07984774900431882,505.0,0
0.07995697985110996,506.0,0
0.0800662106979011,507.0,0
0.08017544154469224,506.0,0
0.08028467239148336,506.0,0
0.08039390323827449,507.0,0
0.08050313408506563,507.0,0
0.08061236493185676,506.0,0
0.0807215957786479,507.0,0
0.08083082662543903,507.0,0
0.08094005747223017,507.0,0
0.0810492883190213,507.0,0
0.08115851916581243,508.0,0
0.08126775001260357,507.0,0
0.0813769808593947,507.0,0
0.08148621170618583,508.0,0
0.08159544255297697,508.0,0
0.08170467339976811,508.0,0
0.08181390424655924,508.0,0
0.08192313509335036,508.0,0
0.0820323659401415,508.0,0
0.08214159678693264,508.0,0
0.08225082763372377,508.0,0
0.0823600584805149,508.0,0
0.08246928932730604,508.0,0
0.08257852017409717,508.0,0
0.08268775102088831,509.0,0
0.08279698186767943,508.0,0
0.08290621271447057,508.0,0
0.08301544356126171,508.0,0
0.08312467440805285,508.0,0
0.08323390525484398,508.0,0
0.0833431361016351,508.0,0
0.08345236694842624,508.0,0
0.08356159779521738,508.0,0
0.08367082864200852,507.0,0
0.08378005948879964,507.0,0
0.08388929033559078,507.0,0
0.08399852118238191,506.0,0
0.08410775202917305,506.0,0
0.08421698287596419,507.0,0
0.08432621372275531,505.0,0
0.08443544456954645,505.0,0
0.08454467541633759,506.0,0
0.08465390626312871,506.0,0
0.08476313710991984,505.0,0
0.08487236795671098,506.0,0
0.08498159880350212,506.0,0
0.08509082965029326,505.0,0
0.0852000604970844,505.0,0
0.0853092913438755,507.0,0
0.08541852219066665,506.0,0
0.08552775303745778,505.0,0
0.08563698388424892,506.0,0
0.08574621473104005,507.0,0
0.08585544557783119,506.0,0
0.08596467642462233,506.0,0
0.08607390727141345,507.0,0
0.08618313811820459,507.0,0
0.08629236896499572,507.0,0
0.08640159981178686,507.0,0
0.086510830658578,507.0,0
0.08662006150536913,507.0,0
0.08672929235216026,507.0,0
0.08683852319895138,508.0,0
0.08694775404574252,508.0,0
0.08705698489253366,507.0,0
0.0871662157393248,508.0,0
0.08727544658611593,508.0,0
0.08738467743290707,508.0,0
0.08749390827969819,508.0,0
0.08760313912648933,508.0,0
0.08771236997328047,508.0,0
0.0878216008200716,508.0,0
0.08793083166686273,508.0,0
0.08804006251365387,508.0,0
0.088149293360445,508.0,0
0.08825852420723612,508.0,0
0.08836775505402726,508.0,0
0.0884769859008184,508.0,0
0.08858621674760954,508.0,0
0.08869544759440066,508.0,0
0.0888046784411918,509.0,0
0.08891390928798293,508.0,0
0.08902314013477407,508.0,0
0.0891323709815652,508.0,0
0.08924160182835633,509.0,0
0.08935083267514747,508.0,0
0.08946006352193861,508.0,0
0.08956929436872973,509.0,0
0.08967852521552087,509.0,0
0.089787756062312,508.0,0
0.08989698690910314,509.0,0
0.09000621775589428,509.0,0
0.09011544860268542,508.0,0
0.09022467944947654,508.0,0
0.09033391029626767,509.0,0
0.0904431411430588,508.0,0
0.09055237198984994,508.0,0
0.09066160283664107,508.0,0
0.09077083368343221,509.0,0
0.09088006453022335,508.0,0
0.09098929537701447,508.0,0
0.09109852622380561,508.0,0
0.09120775707059674,508.0,0
0.09131698791738788,508.0,0
0.09142621876417902,508.0,0
0.09153544961097015,508.0,0
0.09164468045776128,508.0,0
0.0917539113045524,508.0,0
0.09186314215134354,508.0,0
0.09197237299813468,508.0,0
0.09208160384492582,508.0,0
0.09219083469171695,508.0,0
0.09230006553850809,508.0,0
0.09240929638529921,508.0,0
0.09251852723209035,508.0,0
0.09262775807888149,508.0,0
0.09273698892567261,508.0,0
0.09284621977246375,508.0,0
0.09295545061925489,508.0,0
0.09306468146604603,508.0,0
0.09317391231283714,508.0,0
0.09328314315962828,508.0,0
0.09339237400641942,508.0,0
0.09350160485321056,508.0,0
0.0936108357000017,508.0,0
0.09372006654679282,508.0,0
0.09382929739358395,509.0,0
0.09393852824037509,508.0,0
0.09404775908716623,509.0,0
0.09415698993395735,509.0,0
0.09426622078074849,509.0,0
0.09437545162753963,509.0,0
0.09448468247433077,510.0,0
0.0945939133211219,509.0,0
0.09470314416791302,510.0,0
0.09481237501470416,509.0,0
0.0949216058614953,510.0,0
0.09503083670828644,510.0,0
0.09514006755507756,510.0,0
0.09524929840186869,510.0,0
0.09535852924865983,510.0,0
0.09546776009545097,509.0,0
0.0955769909422421,510.0,0
0.09568622178903323,509.0,0
0.09579545263582437,510.0,0
0.09590468348261551,509.0,0
0.09601391432940663,510.0,0
0.09612314517619777,509.0,0
0.0962323760229889,509.0,0
0.09634160686978004,509.0,0
0.09645083771657117,509.0,0
0.0965600685633623,509.0,0
0.09666929941015343,509.0,0
0.09677853025694456,508.0,0
0.0968877611037357,508.0,0
0.09699699195052684,508.0,0
0.09710622279731797,508.0,0
0.0972154536441091,508.0,0
0.09732468449090025,508.0,0
0.09743391533769137,508.0,0
0.09754314618448251,508.0,0
0.09765237703127363,508.0,0
0.09776160787806477,508.0,0
0.09787083872485591,508.0,0
0.09798006957164705,508.0,0
0.09808930041843818,508.0,0
0.0981985312652293,508.0,0
0.09830776211202044,507.0,0
0.09841699295881158,507.0,0
0.09852622380560272,507.0,0
0.09863545465239384,507.0,0
0.09874468549918498,507.0,0
0.09885391634597611,507.0,0
0.09896314719276725,507.0,0
0.09907237803955837,506.0,0
0.09918160888634951,507.0,0
0.09929083973314065,507.0,0
0.09940007057993179,507.0,0
0.09950930142672292,507.0,0
0.09961853227351404,507.0,0
0.09972776312030518,507.0,0
0.09983699396709632,507.0,0
0.09994622481388746,507.0,0
0.10005545566067858,508.0,0
0.10016468650746972,507.0,0
0.10027391735426085,507.0,0
0.10038314820105199,508.0,0
0.10049237904784313,508.0,0
0.10060160989463425,508.0,0
0.10071084074142539,508.0,0
0.10082007158821653,508.0,0
0.10092930243500765,508.0,0
0.10103853328179879,508.0,0
0.10114776412858992,508.0,0
0.10125699497538106,508.0,0
0.1013662258221722,508.0,0
0.10147545666896333,508.0,0
0.10158468751575445,508.0,0
0.10169391836254559,508.0,0
0.10180314920933672,507.0,0
0.10191238005612786,508.0,0
0.102021610902919,507.0,0
0.10213084174971013,507.0,0
0.10224007259650127,507.0,0
0.1023493034432924,507.0,0
0.10245853429008353,507.0,0
0.10256776513687467,507.0,0
0.10267699598366578,507.0,0
0.10278622683045692,507.0,0
0.10289545767724806,507.0,0
0.1030046885240392,506.0,0
0.10311391937083032,506.0,0
0.10322315021762146,506.0,0
0.1033323810644126,506.0,0
0.10344161191120374,505.0,0
0.10355084275799487,505.0,0
0.103660073604786,506.0,0
0.10376930445157714,505.0,0
0.10387853529836828,505.0,0
0.10398776614515941,505.0,0
0.10409699699195052,506.0,0
0.10420622783874166,505.0,0
0.1043154586855328,506.0,0
0.10442468953232394,506.0,0
0.10453392037911508,507.0,0
0.1046431512259062,507.0,0
0.10475238207269734,507.0,0
0.10486161291948848,507.0,0
0.1049708437662796,507.0,0
0.10508007461307074,508.0,0
0.10518930545986188,508.0,0
0.10529853630665302,508.0,0
0.10540776715344416,508.0,0
0.10551699800023527,508.0,0
0.1056262288470264,508.0,0
0.10573545969381754,508.0,0
0.10584469054060867,509.0,0
0.10595392138739981,509.0,0
0.10606315223419094,510.0,0
0.10617238308098208,510.0,0
0.10628161392777322,510.0,0
0.10639084477456436,510.0,0
0.10650007562135548,511.0,0
0.10660930646814662,511.0,0
0.10671853731493776,511.0,0
0.1068277681617289,511.0,0
0.10693699900852001,512.0,0
0.10704622985531115,512.0,0
0.10715546070210227,512.0,0
0.10726469154889341,512.0,0
0.10737392239568455,512.0,0
0.10748315324247568,512.0,0
0.10759238408926682,512.0,0
0.10770161493605795,512.0,0
0.1078108457828491,512.0,0
0.10792007662964023,512.0,0
0.10802930747643136,512.0,0
0.1081385383232225,512.0,0
0.10824776917001364,512.0,0
0.10835700001680475,512.0,0
0.10846623086359589,512.0,0
0.10857546171038701,512.0,0
0.10868469255717815,512.0,0
0.10879392340396929,512.0,0
0.10890315425076043,512.0,0
0.10901238509755155,512.0,0
0.10912161594434269,512.0,0
0.10923084679113383,512.0,0
0.10934007763792497,512.0,0
0.1094493084847161,512.0,0
0.10955853933150723,512.0,0
0.10966777017829837,512.0,0
0.10977700102508949,512.0,0
0.10988623187188062,512.0,0
0.10999546271867175,512.0,0
0.11010469356546289,512.0,0
0.11021392441225403,512.0,0
0.11032315525904517,512.0,0
0.1104323861058363,512.0,0
0.11054161695262743,512.0,0
0.11065084779941857,512.0,0
0.11076007864620971,512.0,0
0.11086930949300083,512.0,0
0.11097854033979197,512.0,0
0.11108777118658311,512.0,0
0.11119700203337422,512.0,0
0.11130623288016536,512.0,0
0.1114154637269565,512.0,0
0.11152469457374763,512.0,0
0.11163392542053877,512.0,0
0.1117431562673299,512.0,0
0.11185238711412104,512.0,0
0.11196161796091217,512.0,0
0.11207084880770331,512.0,0
0.11218007965449445,512.0,0
0.11228931050128559,512.0,0
0.11239854134807671,512.0,0
0.11250777219486785,512.0,0
0.11261700304165896,512.0,0
0.1127262338884501,512.0,0
0.11283546473524124,512.0,0
0.11294469558203238,512.0,0
0.1130539264288235,512.0,0
0.11316315727561464,512.0,0
0.11327238812240578,512.0,0
0.1133816189691969,512.0,0
0.11349084981598805,513.0,0
0.11360008066277918,512.0,0
0.11370931150957032,512.0,0
0.11381854235636146,513.0,0
0.11392777320315259,513.0,0
0.1140370040499437,513.0,0
0.11414623489673484,513.0,0
0.11425546574352598,513.0,0
0.11436469659031712,513.0,0
0.11447392743710824,513.0,0
0.11458315828389938,514.0,0
0.11469238913069052,514.0,0
0.11480161997748166,513.0,0
0.11491085082427278,514.0,0
0.11502008167106392,514.0,0
0.11512931251785506,513.0,0
0.1152385433646462,514.0,0
0.11534777421143733,515.0,0
0.11545700505822845,514.0,0
0.11556623590501958,513.0,0
0.11567546675181072,514.0,0
0.11578469759860185,514.0,0
0.11589392844539298,513.0,0
0.11600315929218412,513.0,0
0.11611239013897526,514.0,0
0.1162216209857664,513.0,0
0.11633085183255754,513.0,0
0.11644008267934866,513.0,0
0.1165493135261398,513.0,0
0.11665854437293094,513.0,0
0.11676777521972206,513.0,0
0.11687700606651319,513.0,0
0.11698623691330431,513.0,0
0.11709546776009545,512.0,0
0.11720469860688659,512.0,0
0.11731392945367773,512.0,0
0.11742316030046886,512.0,0
0.11753239114726,511.0,0
0.11764162199405113,511.0,0
0.11775085284084227,511.0,0
0.1178600836876334,511.0,0
0.11796931453442454,511.0,0
0.11807854538121568,511.0,0
0.11818777622800682,510.0,0
0.11829700707479793,510.0,0
0.11840623792158905,510.0,0
0.11851546876838019,510.0,0
0.11862469961517133,510.0,0
0.11873393046196247,510.0,0
0.11884316130875361,510.0,0
0.11895239215554473,509.0,0
0.11906162300233587,509.0,0
0.11917085384912701,510.0,0
0.11928008469591814,509.0,0
0.11938931554270928,509.0,0
0.11949854638950042,509.0,0
0.11960777723629155,509.0,0
0.11971700808308267,508.0,0
0.1198262389298738,509.0,0
0.11993546977666493,509.0,0
0.12004470062345607,508.0,0
0.12015393147024721,508.0,0
0.12026316231703835,509.0,0
0.12037239316382947,508.0,0
0.12048162401062061,508.0,0
0.12059085485741175,508.0,0
0.12070008570420289,509.0,0
0.12080931655099401,508.0,0
0.12091854739778515,508.0,0
0.12102777824457629,508.0,0
0.1211370090913674,508.0,0
0.12124623993815854,508.0,0
0.12135547078494968,508.0,0
0.1214647016317408,508.0,0
0.12157393247853195,508.0,0
0.12168316332532308,508.0,0
0.12179239417211421,509.0,0
0.12190162501890535,508.0,0
0.12201085586569649,508.0,0
0.12212008671248763,509.0,0
0.12222931755927877,509.0,0
0.12233854840606989,509.0,0
0.12244777925286103,510.0,0
0.12255701009965214,510.0,0
0.12266624094644328,510.0,0
0.12277547179323442,510.0,0
0.12288470264002554,510.0,0
0.12299393348681668,510.0,0
0.12310316433360782,510.0,0
0.12321239518039896,510.0,0
0.12332162602719009,511.0,0
0.12343085687398123,510.0,0
0.12354008772077237,510.0,0
0.1236493185675635,511.0,0
0.12375854941435463,511.0,0
0.12386778026114577,511.0,0
0.12397701110793688,511.0,0
0.12408624195472802,511.0,0
0.12419547280151916,511.0,0
0.12430470364831028,511.0,0
0.12441393449510142,512.0,0
0.12452316534189256,512.0,0
0.1246323961886837,511.0,0
0.12474162703547484,511.0,0
0.12485085788226596,512.0,0
0.1249600887290571,511.0,0
0.12506931957584824,511.0,0
0.12517855042263937,511.0,0
0.12528778126943052,512.0,0
0.12539701211622162,511.0,0
0.12550624296301277,511.0,0
0.1256154738098039,512.0,0
0.12572470465659502,512.0,0
0.12583393550338617,511.0,0
0.1259431663501773,511.0,0
0.12605239719696842,512.0,0
0.12616162804375958,511.0,0
0.1262708588905507,511.0,0
0.12638008973734186,512.0,0
0.12648932058413298,512.0,0
0.1265985514309241,512.0,0
0.12670778227771526,512.0,0
0.12681701312450636,512.0,0
0.1269262439712975,512.0,0
0.12703547481808863,512.0,0
0.12714470566487976,512.0,0
0.1272539365116709,512.0,0
0.12736316735846204,512.0,0
0.1274723982052532,513.0,0
0.12758162905204432,513.0,0
0.12769085989883544,513.0,0
0.1278000907456266,513.0,0
0.12790932159241772,513.0,0
0.12801855243920884,513.0,0
0.128127783286,513.0,0
0.1282370141327911,514.0,0
0.12834624497958225,515.0,0
0.12845547582637337,514.0,0
0.1285647066731645,514.0,0
0.12867393751995565,515.0,0
0.12878316836674678,515.0,0
0.12889239921353793,515.0,0
0.12900163006032905,515.0,0
0.12911086090712018,515.0,0
0.12922009175391133,515.0,0
0.12932932260070246,515.0,0
0.12943855344749358,516.0,0
0.12954778429428473,516.0,0
0.12965701514107583,516.0,0
0.12976624598786698,516.0,0
0.1298754768346581,517.0,0
0.12998470768144926,516.0,0
0.1300939385282404,517.0,0
0.1302031693750315,517.0,0
0.13031240022182267,518.0,0
0.1304216310686138,516.0,0
0.13053086191540492,518.0,0
0.13064009276219607,518.0,0
0.1307493236089872,518.0,0
0.13085855445577832,518.0,0
0.13096778530256944,518.0,0
0.13107701614936057,518.0,0
0.13118624699615172,518.0,0
0.13129547784294285,518.0,0
0.131404708689734,518.0,0
0.13151393953652513,518.0,0
0.13162317038331625,518.0,0
0.1317324012301074,518.0,0
0.13184163207689853,518.0,0
0.13195086292368965,517.0,0
0.1320600937704808,518.0,0
0.13216932461727193,518.0,0
0.13227855546406309,517.0,0
0.13238778631085418,516.0,0
0.13249701715764534,517.0,0
0.13260624800443646,517.0,0
0.1327154788512276,516.0,0
0.13282470969801874,516.0,0
0.13293394054480986,517.0,0
0.133043171391601,516.0,0
0.13315240223839214,516.0,0
0.13326163308518327,516.0,0
0.1333708639319744,517.0,0
0.13348009477876555,516.0,0
0.13358932562555667,516.0,0
0.13369855647234782,516.0,0
0.13380778731913892,516.0,0
0.13391701816593007,516.0,0
0.1340262490127212,516.0,0
0.13413547985951232,517.0,0
0.13424471070630348,516.0,0
0.1343539415530946,516.0,0
0.13446317239988573,517.0,0
0.13457240324667688,517.0,0
0.134681634093468,516.0,0
0.13479086494025916,516.0,0
0.13490009578705028,517.0,0
0.1350093266338414,516.0,0
0.13511855748063256,516.0,0
0.13522778832742366,516.0,0
0.1353370191742148,516.0,0
0.13544625002100594,515.0,0
0.13555548086779706,516.0,0
0.13566471171458822,516.0,0
0.13577394256137934,515.0,0
0.13588317340817047,515.0,0
0.13599240425496162,515.0,0
0.13610163510175274,515.0,0
0.1362108659485439,515.0,0
0.13632009679533502,515.0,0
0.13642932764212615,515.0,0
0.1365385584889173,515.0,0
0.1366477893357084,515.0,0
0.13675702018249955,515.0,0
0.13686625102929068,515.0,0
0.1369754818760818,515.0,0
0.13708471272287295,515.0,0
0.13719394356966408,515.0,0
0.13730317441645523,515.0,0
0.13741240526324636,515.0,0
0.13752163611003748,515.0,0
0.13763086695682863,515.0,0
0.13774009780361976,514.0,0
0.13784932865041089,514.0,0
0.13795855949720204,515.0,0
0.13806779034399314,514.0,0
0.1381770211907843,514.0,0
0.1382862520375754,514.0,0
0.13839548288436654,514.0,0
0.1385047137311577,513.0,0
0.13861394457794882,514.0,0
0.13872317542473997,514.0,0
0.1388324062715311,513.0,0
0.13894163711832222,513.0,0
0.13905086796511337,514.0,0
0.1391600988119045,513.0,0
0.13926932965869565,513.0,0
0.13937856050548678,513.0,0
0.13948779135227787,513.0,0
0.13959702219906903,512.0,0
0.13970625304586015,512.0,0
0.1398154838926513,513.0,0
0.13992471473944243,512.0,0
0.14003394558623355,512.0,0
0.1401431764330247,512.0,0
0.14025240727981583,512.0,0
0.14036163812660696,511.0,0
0.1404708689733981,511.0,0
0.14058009982018924,512.0,0
0.1406893306669804,511.0,0
0.14079856151377151,511.0,0
0.1409077923605626,511.0,0
0.14101702320735376,511.0,0
0.1411262540541449,510.0,0
0.14123548490093604,510.0,0
0.14134471574772717,511.0,0
0.1414539465945183,511.0,0
0.14156317744130945,510.0,0
0.14167240828810057,511.0,0
0.14178163913489172,511.0,0
0.14189086998168285,510.0,0
0.14200010082847397,510.0,0
0.14210933167526513,511.0,0
0.14221856252205625,511.0,0
0.14232779336884738,510.0,0
0.1424370242156385,511.0,0
0.14254625506242963,511.0,0
0.14265548590922078,511.0,0
0.1427647167560119,511.0,0
0.14287394760280303,511.0,0
0.14298317844959418,511.0,0
0.1430924092963853,511.0,0
0.14320164014317646,511.0,0
0.1433108709899676,511.0,0
0.1434201018367587,511.0,0
0.14352933268354987,511.0,0
0.143638563530341,512.0,0
0.14374779437713212,512.0,0
0.14385702522392324,511.0,0
0.14396625607071437,512.0,0
0.14407548691750552,512.0,0
0.14418471776429664,512.0,0
0.1442939486110878,512.0,0
0.14440317945787892,513.0,0
0.14451241030467005,513.0,0
0.1446216411514612,512.0,0
0.14473087199825233,513.0,0
0.14484010284504345,513.0,0
0.1449493336918346,513.0,0
0.14505856453862573,513.0,0
0.14516779538541685,513.0,0
0.14527702623220798,513.0,0
0.1453862570789991,513.0,0
0.14549548792579026,513.0,0
0.14560471877258138,514.0,0
0.14571394961937253,513.0,0
0.14582318046616366,513.0,0
0.14593241131295479,514.0,0
0.14604164215974594,513.0,0
0.14615087300653706,513.0,0
0.1462601038533282,513.0,0
0.14636933470011934,513.0,0
0.14647856554691047,513.0,0
0.1465877963937016,513.0,0
0.14669702724049272,513.0,0
0.14680625808728387,513.0,0
0.146915488934075,513.0,0
0.14702471978086612,513.0,0
0.14713395062765727,512.0,0
0.1472431814744484,512.0,0
0.14735241232123952,512.0,0
0.14746164316803068,512.0,0
0.1475708740148218,512.0,0
0.14768010486161293,511.0,0
0.14778933570840408,511.0,0
0.1478985665551952,510.0,0
0.14800779740198633,510.0,0
0.14811702824877745,510.0,0
0.1482262590955686,510.0,0
0.14833548994235973,509.0,0
0.14844472078915086,509.0,0
0.148553951635942,508.0,0
0.14866318248273314,508.0,0
0.14877241332952426,508.0,0
0.14888164417631541,508.0,0
0.14899087502310654,508.0,0
0.1491001058698977,508.0,0
0.14920933671668882,507.0,0
0.14931856756347994,507.0,0
0.14942779841027107,507.0,0
0.1495370292570622,507.0,0
0.14964626010385335,507.0,0
0.14975549095064447,507.0,0
0.1498647217974356,507.0,0
0.14997395264422675,507.0,0
0.15008318349101787,507.0,0
0.150192414337809,507.0,0
0.15030164518460015,507.0,0
0.15041087603139128,507.0,0
0.15052010687818243,507.0,0
0.15062933772497356,507.0,0
0.15073856857176468,507.0,0
0.1508477994185558,507.0,0
0.15095703026534693,507.0,0
0.15106626111213808,508.0,0
0.1511754919589292,507.0,0
0.15128472280572033,508.0,0
0.1513939536525115,508.0,0
0.1515031844993026,508.0,0
0.15161241534609377,508.0,0
0.1517216461928849,508.0,0
0.15183087703967602,508.0,0
0.15194010788646717,508.0,0
0.1520493387332583,508.0,0
0.15215856958004942,508.0,0
0.15226780042684054,508.0,0
0.15237703127363167,508.0,0
0.15248626212042282,508.0,0
0.15259549296721395,508.0,0
0.15270472381400507,508.0,0
0.15281395466079623,508.0,0
0.15292318550758735,508.0,0
0.1530324163543785,508.0,0
0.15314164720116963,508.0,0
0.15325087804796075,508.0,0
0.1533601088947519,508.0,0
0.15346933974154303,508.0,0
0.15357857058833418,508.0,0
0.15368780143512528,508.0,0
0.1537970322819164,508.0,0
0.15390626312870756,508.0,0
0.15401549397549869,508.0,0
0.15412472482228984,508.0,0
0.15423395566908096,508.0,0
0.1543431865158721,508.0,0
0.15445241736266324,508.0,0
0.15456164820945437,508.0,0
0.1546708790562455,508.0,0
0.15478010990303664,508.0,0
0.15488934074982777,508.0,0
0.15499857159661892,508.0,0
0.15510780244341002,508.0,0
0.15521703329020115,508.0,0
0.1553262641369923,508.0,0
0.15543549498378342,508.0,0
0.15554472583057458,508.0,0
0.1556539566773657,508.0,0
0.15576318752415683,508.0,0
0.15587241837094798,509.0,0
0.1559816492177391,508.0,0
0.15609088006453026,508.0,0
0.15620011091132138,508.0,0
0.1563093417581125,509.0,0
0.15641857260490366,509.0,0
0.15652780345169476,509.0,0
0.1566370342984859,509.0,0
0.15674626514527704,510.0,0
0.15685549599206816,509.0,0
0.15696472683885931,510.0,0
0.15707395768565044,510.0,0
0.15718318853244156,510.0,0
0.15729241937923272,510.0,0
0.15740165022602384,510.0,0
0.157510881072815,510.0,0
0.15762011191960612,510.0,0
0.15772934276639725,510.0,0
0.1578385736131884,510.0,0
0.1579478044599795,510.0,0
0.15805703530677065,510.0,0
0.15816626615356177,510.0,0
0.1582754970003529,510.0,0
0.15838472784714405,509.0,0
0.15849395869393518,509.0,0
0.15860318954072633,509.0,0
0.15871242038751746,508.0,0
0.15882165123430858,508.0,0
0.15893088208109973,508.0,0
0.15904011292789086,508.0,0
0.15914934377468198,508.0,0
0.15925857462147314,507.0,0
0.15936780546826423,508.0,0
0.1594770363150554,507.0,0
0.1595862671618465,507.0,0
0.15969549800863764,507.0,0
0.1598047288554288,506.0,0
0.15991395970221992,505.0,0
0.16002319054901107,505.0,0
0.1601324213958022,505.0,0
0.16024165224259332,505.0,0
0.16035088308938447,505.0,0
0.1604601139361756,505.0,0
0.16056934478296672,505.0,0
0.16067857562975787,504.0,0
0.16078780647654897,504.0,0
0.16089703732334013,504.0,0
0.16100626817013125,504.0,0
0.1611154990169224,504.0,0
0.16122472986371353,504.0,0
0.16133396071050465,504.0,0
0.1614431915572958,504.0,0
0.16155242240408693,504.0,0
0.16166165325087806,505.0,0
0.1617708840976692,505.0,0
0.16188011494446033,505.0,0
0.16198934579125146,505.0,0
0.1620985766380426,505.0,0
0.1622078074848337,505.0,0
0.16231703833162486,505.0,0
0.162426269178416,506.0,0
0.16253550002520714,506.0,0
0.16264473087199827,506.0,0
0.1627539617187894,507.0,0
0.16286319256558054,507.0,0
0.16297242341237167,507.0,0
0.1630816542591628,507.0,0
0.16319088510595395,507.0,0
0.16330011595274507,507.0,0
0.16340934679953623,507.0,0
0.16351857764632735,508.0,0
0.16362780849311848,507.0,0
0.1637370393399096,508.0,0
0.16384627018670073,508.0,0
0.16395550103349188,508.0,0
0.164064731880283,508.0,0
0.16417396272707413,508.0,0
0.16428319357386528,508.0,0
0.1643924244206564,508.0,0
0.16450165526744753,508.0,0
0.16461088611423869,508.0,0
0.1647201169610298,508.0,0
0.16482934780782096,508.0,0
0.1649385786546121,508.0,0
0.16504780950140321,508.0,0
0.16515704034819434,508.0,0
0.16526627119498546,508.0,0
0.16537550204177662,508.0,0
0.16548473288856774,508.0,0
0.16559396373535887,508.0,0
0.16570319458215002,508.0,0
0.16581242542894115,508.0,0
0.1659216562757323,508.0,0
0.16603088712252342,508.0,0
0.16614011796931455,508.0,0
0.1662493488161057,508.0,0
0.16635857966289683,508.0,0
0.16646781050968795,508.0,0
0.16657704135647908,508.0,0
0.1666862722032702,508.0,0
0.16679550305006136,508.0,0
0.16690473389685248,507.0,0
0.1670139647436436,507.0,0
0.16712319559043476,507.0,0
0.16723242643722588,507.0,0
0.16734165728401704,507.0,0
0.16745088813080816,507.0,0
0.1675601189775993,507.0,0
0.16766934982439044,507.0,0
0.16777858067118157,507.0,0
0.1678878115179727,507.0,0
0.16799704236476382,507.0,0
0.16810627321155494,507.0,0
0.1682155040583461,507.0,0
0.16832473490513722,507.0,0
0.16843396575192837,507.0,0
0.1685431965987195,507.0,0
0.16865242744551062,507.0,0
0.16876165829230177,507.0,0
0.1688708891390929,507.0,0
0.16898011998588403,507.0,0
0.16908935083267518,507.0,0
0.16919858167946628,507.0,0
0.16930781252625743,507.0,0
0.16941704337304855,507.0,0
0.16952627421983968,506.0,0
0.16963550506663083,506.0,0
0.16974473591342196,506.0,0
0.1698539667602131,505.0,0
0.16996319760700423,505.0,0
0.17007242845379536,505.0,0
0.1701816593005865,505.0,0
0.17029089014737764,505.0,0
0.1704001209941688,505.0,0
0.17050935184095992,505.0,0
0.170618582687751,505.0,0
0.17072781353454217,505.0,0
0.1708370443813333,504.0,0
0.17094627522812444,504.0,0
0.17105550607491557,504.0,0
0.1711647369217067,504.0,0
0.17127396776849785,504.0,0
0.17138319861528897,504.0,0
0.1714924294620801,504.0,0
0.17160166030887125,504.0,0
0.17171089115566238,504.0,0
0.17182012200245353,504.0,0
0.17192935284924465,504.0,0
0.17203858369603575,504.0,0
0.1721478145428269,504.0,0
0.17225704538961803,504.0,0
0.17236627623640918,504.0,0
0.1724755070832003,504.0,0
0.17258473792999143,504.0,0
0.17269396877678259,504.0,0
0.1728031996235737,504.0,0
0.17291243047036486,504.0,0
0.173021661317156,504.0,0
0.17313089216394711,505.0,0
0.17324012301073827,505.0,0
0.1733493538575294,504.0,0
0.17345858470432052,504.0,0
0.17356781555111164,505.0,0
0.17367704639790277,505.0,0
0.17378627724469392,505.0,0
0.17389550809148505,505.0,0
0.17400473893827617,505.0,0
0.17411396978506732,505.0,0
0.17422320063185845,505.0,0
0.1743324314786496,506.0,0
0.17444166232544073,505.0,0
0.17455089317223185,505.0,0
0.174660124019023,506.0,0
0.17476935486581413,506.0,0
0.17487858571260526,505.0,0
0.17498781655939638,506.0,0
0.1750970474061875,507.0,0
0.17520627825297866,506.0,0
0.17531550909976978,507.0,0
0.17542473994656094,507.0,0
0.17553397079335206,507.0,0
0.1756432016401432,507.0,0
0.17575243248693434,507.0,0
0.17586166333372547,508.0,0
0.1759708941805166,507.0,0
0.17608012502730774,507.0,0
0.17618935587409887,508.0,0
0.17629858672089,508.0,0
0.17640781756768112,508.0,0
0.17651704841447224,508.0,0
0.1766262792612634,508.0,0
0.17673551010805452,508.0,0
0.17684474095484568,508.0,0
0.1769539718016368,508.0,0
0.17706320264842793,508.0,0
0.17717243349521908,508.0,0
0.1772816643420102,508.0,0
0.17739089518880133,508.0,0
0.17750012603559248,508.0,0
0.1776093568823836,508.0,0
0.17771858772917473,508.0,0
0.17782781857596586,508.0,0
0.177937049422757,507.0,0
0.17804628026954814,508.0,0
0.17815551111633926,508.0,0
0.1782647419631304,507.0,0
0.17837397280992154,507.0,0
0.17848320365671266,508.0,0
0.17859243450350382,507.0,0
0.17870166535029494,506.0,0
0.17881089619708607,507.0,0
0.17892012704387722,507.0,0
0.17902935789066834,505.0,0
0.17913858873745947,506.0,0
0.1792478195842506,507.0,0
0.17935705043104175,505.0,0
0.17946628127783287,505.0,0
0.179575512124624,506.0,0
0.17968474297141515,505.0,0
0.17979397381820628,505.0,0
0.1799032046649974,505.0,0
0.18001243551178855,505.0,0
0.18012166635857968,505.0,0
0.18023089720537083,505.0,0
0.18034012805216196,505.0,0
0.18044935889895308,505.0,0
0.1805585897457442,505.0,0
0.18066782059253533,505.0,0
0.18077705143932649,505.0,0
0.1808862822861176,505.0,0
0.18099551313290874,505.0,0
0.1811047439796999,505.0,0
0.18121397482649101,506.0,0
0.18132320567328214,505.0,0
0.1814324365200733,505.0,0
0.18154166736686442,506.0,0
0.18165089821365557,505.0,0
0.1817601290604467,505.0,0
0.18186935990723782,506.0,0
0.18197859075402895,506.0,0
0.18208782160082007,505.0,0
0.18219705244761122,506.0,0
0.18230628329440235,506.0,0
0.18241551414119347,506.0,0
0.18252474498798463,505.0,0
0.18263397583477575,506.0,0
0.1827432066815669,507.0,0
0.18285243752835803,506.0,0
0.18296166837514916,506.0,0
0.1830708992219403,507.0,0
0.18318013006873143,506.0,0
0.18328936091552256,506.0,0
0.18339859176231368,507.0,0
0.1835078226091048,507.0,0
0.18361705345589596,506.0,0
0.1837262843026871,506.0,0
0.1838355151494782,507.0,0
0.18394474599626937,505.0,0
0.1840539768430605,505.0,0
0.18416320768985164,506.0,0
0.18427243853664277,506.0,0
0.1843816693834339,505.0,0
0.18449090023022505,506.0,0
0.18460013107701617,505.0,0
0.18470936192380732,505.0,0
0.18481859277059842,505.0,0
0.18492782361738955,505.0,0
0.1850370544641807,504.0,0
0.18514628531097183,504.0,0
0.18525551615776298,504.0,0
0.1853647470045541,504.0,0
0.18547397785134523,504.0,0
0.18558320869813638,504.0,0
0.1856924395449275,504.0,0
0.18580167039171863,504.0,0
0.18591090123850978,504.0,0
0.1860201320853009,504.0,0
0.18612936293209206,504.0,0
0.18623859377888316,504.0,0
0.18634782462567429,504.0,0
0.18645705547246544,504.0,0
0.18656628631925656,504.0,0
0.18667551716604772,504.0,0
0.18678474801283884,504.0,0
0.18689397885962997,504.0,0
0.18700320970642112,504.0,0
0.18711244055321224,504.0,0
0.1872216714000034,504.0,0
0.18733090224679452,504.0,0
0.18744013309358565,504.0,0
0.1875493639403768,504.0,0
0.1876585947871679,504.0,0
0.18776782563395905,504.0,0
0.18787705648075018,504.0,0
0.1879862873275413,504.0,0
0.18809551817433245,504.0,0
0.18820474902112358,504.0,0
0.1883139798679147,504.0,0
0.18842321071470586,504.0,0
0.18853244156149698,504.0,0
0.18864167240828814,504.0,0
0.18875090325507926,505.0,0
0.18886013410187039,505.0,0
0.18896936494866154,504.0,0
0.18907859579545264,505.0,0
0.1891878266422438,505.0,0
0.18929705748903491,505.0,0
0.18940628833582604,505.0,0
0.1895155191826172,506.0,0
0.18962475002940832,505.0,0
0.18973398087619947,505.0,0
0.1898432117229906,506.0,0
0.18995244256978172,507.0,0
0.19006167341657287,506.0,0
0.190170904263364,507.0,0
0.19028013511015512,507.0,0
0.19038936595694628,507.0,0
0.19049859680373737,507.0,0
0.19060782765052853,508.0,0
0.19071705849731965,507.0,0
0.19082628934411078,507.0,0
0.19093552019090193,507.0,0
0.19104475103769306,508.0,0
0.1911539818844842,507.0,0
0.19126321273127533,506.0,0
0.19137244357806646,506.0,0
0.1914816744248576,506.0,0
0.19159090527164874,505.0,0
0.19170013611843986,505.0,0
0.19180936696523102,505.0,0
0.1919185978120221,504.0,0
0.19202782865881327,504.0,0
0.1921370595056044,504.0,0
0.19224629035239554,504.0,0
0.19235552119918667,504.0,0
0.1924647520459778,504.0,0
0.19257398289276895,504.0,0
0.19268321373956007,504.0,0
0.1927924445863512,504.0,0
0.19290167543314235,504.0,0
0.19301090627993348,504.0,0
0.1931201371267246,503.0,0
0.19322936797351575,504.0,0
0.19333859882030685,504.0,0
0.193447829667098,504.0,0
0.19355706051388913,504.0,0
0.19366629136068028,504.0,0
0.1937755222074714,504.0,0
0.19388475305426253,504.0,0
0.19399398390105368,504.0,0
0.1941032147478448,504.0,0
0.19421244559463594,504.0,0
0.1943216764414271,504.0,0
0.1944309072882182,505.0,0
0.19454013813500937,505.0,0
0.1946493689818005,505.0,0
0.19475859982859162,505.0,0
0.19486783067538274,506.0,0
0.19497706152217387,505.0,0
0.19508629236896502,505.0,0
0.19519552321575614,507.0,0
0.19530475406254727,507.0,0
0.19541398490933842,506.0,0
0.19552321575612955,507.0,0
0.19563244660292067,507.0,0
0.19574167744971183,507.0,0
0.19585090829650295,507.0,0
0.1959601391432941,507.0,0
0.19606936999008523,507.0,0
0.19617860083687635,507.0,0
0.19628783168366748,507.0,0
0.1963970625304586,507.0,0
0.19650629337724976,507.0,0
0.19661552422404088,506.0,0
0.196724755070832,506.0,0
0.19683398591762316,506.0,0
0.1969432167644143,505.0,0
0.19705244761120544,505.0,0
0.19716167845799656,505.0,0
0.1972709093047877,505.0,0
0.19738014015157884,505.0,0
0.19748937099836997,505.0,0
0.1975986018451611,505.0,0
0.19770783269195222,505.0,0
0.19781706353874334,505.0,0
0.1979262943855345,505.0,0
0.19803552523232562,505.0,0
0.19814475607911675,504.0,0
0.1982539869259079,505.0,0
0.19836321777269902,505.0,0
0.19847244861949018,505.0,0
0.1985816794662813,505.0,0
0.19869091031307243,505.0,0
0.19880014115986358,506.0,0
0.1989093720066547,505.0,0
0.19901860285344583,505.0,0
0.19912783370023696,507.0,0
0.19923706454702808,507.0,0
0.19934629539381923,507.0,0
0.19945552624061036,507.0,0
0.1995647570874015,507.0,0
0.19967398793419264,507.0,0
0.19978321878098376,507.0,0
0.19989244962777492,508.0,0
0.20000168047456604,508.0,0
0.20011091132135717,507.0,0
0.20022014216814832,508.0,0
0.20032937301493944,508.0,0
0.20043860386173057,507.0,0
0.2005478347085217,507.0,0
0.20065706555531282,508.0,0
0.20076629640210397,508.0,0
0.2008755272488951,508.0,0
0.20098475809568625,508.0,0
0.20109398894247738,508.0,0
0.2012032197892685,508.0,0
0.20131245063605965,508.0,0
0.20142168148285078,508.0,0
0.20153091232964193,508.0,0
0.20164014317643306,508.0,0
0.20174937402322418,508.0,0
0.2018586048700153,508.0,0
0.20196783571680643,508.0,0
0.20207706656359758,508.0,0
0.2021862974103887,509.0,0
0.20229552825717984,509.0,0
0.202404759103971,508.0,0
0.2025139899507621,509.0,0
0.20262322079755324,510.0,0
0.2027324516443444,508.0,0
0.20284168249113552,509.0,0
0.20295091333792667,509.0,0
0.2030601441847178,509.0,0
0.2031693750315089,508.0,0
0.20327860587830004,509.0,0
0.20338783672509117,509.0,0
0.20349706757188232,508.0,0
0.20360629841867345,508.0,0
0.20371552926546457,509.0,0
0.20382476011225573,508.0,0
0.20393399095904685,508.0,0
0.204043221805838,508.0,0
0.20415245265262913,508.0,0
0.20426168349942025,508.0,0
0.2043709143462114,508.0,0
0.20448014519300253,508.0,0
0.20458937603979366,508.0,0
0.2046986068865848,508.0,0
0.20480783773337594,508.0,0
0.20491706858016706,508.0,0
0.20502629942695821,508.0,0
0.20513553027374934,508.0,0
0.2052447611205405,508.0,0
0.20535399196733156,508.0,0
0.20546322281412271,508.0,0
0.20557245366091384,508.0,0
0.20568168450770496,508.0,0
0.20579091535449612,508.0,0
0.20590014620128724,508.0,0
0.2060093770480784,508.0,0
0.20611860789486952,508.0,0
0.20622783874166065,508.0,0
0.2063370695884518,508.0,0
0.20644630043524292,508.0,0
0.20655553128203408,508.0,0
0.2066647621288252,507.0,0
0.20677399297561633,508.0,0
0.20688322382240748,508.0,0
0.2069924546691986,508.0,0
0.20710168551598973,507.0,0
0.20721091636278088,508.0,0
0.207320147209572,508.0,0
0.20742937805636313,507.0,0
0.2075386089031543,507.0,0
0.2076478397499454,507.0,0
0.20775707059673656,507.0,0
0.2078663014435277,506.0,0
0.20797553229031882,506.0,0
0.20808476313710997,507.0,0
0.20819399398390104,505.0,0
0.2083032248306922,505.0,0
0.20841245567748332,506.0,0
0.20852168652427447,505.0,0
0.2086309173710656,505.0,0
0.20874014821785672,505.0,0
0.20884937906464787,505.0,0
0.208958609911439,505.0,0
0.20906784075823015,505.0,0
0.20917707160502128,505.0,0
0.2092863024518124,505.0,0
0.20939553329860355,504.0,0
0.20950476414539468,505.0,0
0.2096139949921858,505.0,0
0.20972322583897696,504.0,0
0.20983245668576808,504.0,0
0.2099416875325592,504.0,0
0.21005091837935036,505.0,0
0.21016014922614148,504.0,0
0.21026938007293264,505.0,0
0.21037861091972376,505.0,0
0.2104878417665149,505.0,0
0.21059707261330604,504.0,0
0.21070630346009717,505.0,0
0.21081553430688832,505.0,0
0.21092476515367944,504.0,0
0.21103399600047054,504.0,0
0.21114322684726167,505.0,0
0.2112524576940528,504.0,0
0.21136168854084394,504.0,0
0.21147091938763507,504.0,0
0.21158015023442622,505.0,0
0.21168938108121735,504.0,0
0.21179861192800847,504.0,0
0.21190784277479963,504.0,0
0.21201707362159075,504.0,0
0.21212630446838188,504.0,0
0.21223553531517303,504.0,0
0.21234476616196415,505.0,0
0.21245399700875528,504.0,0
0.21256322785554643,504.0,0
0.21267245870233756,505.0,0
0.2127816895491287,505.0,0
0.21289092039591984,504.0,0
0.21300015124271096,504.0,0
0.21310938208950211,505.0,0
0.21321861293629324,504.0,0
0.2133278437830844,504.0,0
0.21343707462987552,505.0,0
0.21354630547666664,505.0,0
0.2136555363234578,504.0,0
0.21376476717024892,505.0,0
0.21387399801704002,505.0,0
0.21398322886383114,504.0,0
0.2140924597106223,504.0,0
0.21420169055741342,505.0,0
0.21431092140420455,504.0,0
0.2144201522509957,504.0,0
0.21452938309778682,504.0,0
0.21463861394457795,505.0,0
0.2147478447913691,504.0,0
0.21485707563816023,504.0,0
0.21496630648495135,504.0,0
0.2150755373317425,504.0,0
0.21518476817853363,504.0,0
0.21529399902532478,504.0,0
0.2154032298721159,504.0,0
0.21551246071890703,504.0,0
0.2156216915656982,504.0,0
0.2157309224124893,504.0,0
0.21584015325928047,504.0,0
0.2159493841060716,504.0,0
0.21605861495286272,504.0,0
0.21616784579965387,504.0,0
0.216277076646445,504.0,0
0.21638630749323612,504.0,0
0.21649553834002727,505.0,0
0.2166047691868184,505.0,0
0.2167140000336095,505.0,0
0.21682323088040062,505.0,0
0.21693246172719177,506.0,0
0.2170416925739829,505.0,0
0.21715092342077402,506.0,0
0.21726015426756518,507.0,0
0.2173693851143563,507.0,0
0.21747861596114743,507.0,0
0.21758784680793858,508.0,0
0.2176970776547297,508.0,0
0.21780630850152086,508.0,0
0.21791553934831198,508.0,0
0.2180247701951031,508.0,0
0.21813400104189426,508.0,0
0.21824323188868539,508.0,0
0.21835246273547654,509.0,0
0.21846169358226766,509.0,0
0.2185709244290588,508.0,0
0.21868015527584994,508.0,0
0.21878938612264107,510.0,0
0.2188986169694322,509.0,0
0.21900784781622334,509.0,0
0.21911707866301447,509.0,0
0.2192263095098056,510.0,0
0.21933554035659675,508.0,0
0.21944477120338787,509.0,0
0.21955400205017897,510.0,0
0.2196632328969701,509.0,0
0.21977246374376125,508.0,0
0.21988169459055237,510.0,0
0.2199909254373435,509.0,0
0.22010015628413465,509.0,0
0.22020938713092578,509.0,0
0.22031861797771693,510.0,0
0.22042784882450805,510.0,0
0.22053707967129918,509.0,0
0.22064631051809033,510.0,0
0.22075554136488146,510.0,0
0.2208647722116726,510.0,0
0.22097400305846374,510.0,0
0.22108323390525486,511.0,0
0.22119246475204601,511.0,0
0.22130169559883714,510.0,0
0.22141092644562826,511.0,0
0.22152015729241942,511.0,0
0.22162938813921054,511.0,0
0.22173861898600167,511.0,0
0.22184784983279282,512.0,0
0.22195708067958395,512.0,0
0.2220663115263751,511.0,0
0.22217554237316622,511.0,0
0.22228477321995735,512.0,0
0.22239400406674845,512.0,0
0.22250323491353957,512.0,0
0.22261246576033072,512.0,0
0.22272169660712185,512.0,0
0.222830927453913,511.0,0
0.22294015830070413,512.0,0
0.22304938914749525,512.0,0
0.2231586199942864,511.0,0
0.22326785084107753,511.0,0
0.22337708168786868,512.0,0
0.2234863125346598,512.0,0
0.22359554338145093,511.0,0
0.2237047742282421,512.0,0
0.2238140050750332,512.0,0
0.22392323592182434,512.0,0
0.2240324667686155,512.0,0
0.22414169761540662,512.0,0
0.22425092846219774,512.0,0
0.2243601593089889,512.0,0
0.22446939015578002,513.0,0
0.22457862100257117,513.0,0
0.2246878518493623,513.0,0
0.22479708269615342,513.0,0
0.22490631354294457,513.0,0
0.2250155443897357,513.0,0
0.2251247752365268,513.0,0
0.22523400608331792,513.0,0
0.22534323693010908,514.0,0
0.2254524677769002,513.0,0
0.22556169862369133,513.0,0
0.22567092947048248,514.0,0
0.2257801603172736,514.0,0
0.22588939116406476,513.0,0
0.22599862201085588,514.0,0
0.226107852857647,514.0,0
0.22621708370443816,513.0,0
0.22632631455122929,513.0,0
0.2264355453980204,514.0,0
0.22654477624481156,513.0,0
0.2266540070916027,513.0,0
0.2267632379383938,513.0,0
0.22687246878518497,513.0,0
0.2269816996319761,513.0,0
0.22709093047876724,513.0,0
0.22720016132555837,513.0,0
0.2273093921723495,513.0,0
0.22741862301914065,512.0,0
0.22752785386593177,512.0,0
0.22763708471272293,512.0,0
0.22774631555951405,512.0,0
0.22785554640630518,512.0,0
0.22796477725309627,512.0,0
0.2280740080998874,512.0,0
0.22818323894667855,512.0,0
0.22829246979346968,512.0,0
0.22840170064026083,512.0,0
0.22851093148705195,512.0,0
0.22862016233384308,512.0,0
0.22872939318063423,512.0,0
0.22883862402742536,512.0,0
0.22894785487421648,511.0,0
0.22905708572100764,512.0,0
0.22916631656779876,512.0,0
0.2292755474145899,512.0,0
0.22938477826138104,511.0,0
0.22949400910817216,512.0,0
0.22960323995496332,511.0,0
0.22971247080175444,511.0,0
0.22982170164854557,511.0,0
0.22993093249533672,511.0,0
0.23004016334212785,511.0,0
0.230149394188919,511.0,0
0.23025862503571012,511.0,0
0.23036785588250125,511.0,0
0.2304770867292924,510.0,0
0.23058631757608353,511.0,0
0.23069554842287465,510.0,0
0.23080477926966575,510.0,0
0.2309140101164569,510.0,0
0.23102324096324803,510.0,0
0.23113247181003915,510.0,0
0.2312417026568303,510.0,0
0.23135093350362143,510.0,0
0.23146016435041256,511.0,0
0.2315693951972037,510.0,0
0.23167862604399483,510.0,0
0.23178785689078596,510.0,0
0.2318970877375771,510.0,0
0.23200631858436824,510.0,0
0.2321155494311594,511.0,0
0.23222478027795052,511.0,0
0.23233401112474164,511.0,0
0.2324432419715328,511.0,0
0.23255247281832392,511.0,0
0.23266170366511507,511.0,0
0.2327709345119062,511.0,0
0.23288016535869732,511.0,0
0.23298939620548847,511.0,0
0.2330986270522796,511.0,0
0.23320785789907073,511.0,0
0.23331708874586188,511.0,0
0.233426319592653,511.0,0
0.23353555043944413,511.0,0
0.23364478128623523,511.0,0
0.23375401213302638,511.0,0
0.2338632429798175,511.0,0
0.23397247382660863,511.0,0
0.23408170467339978,511.0,0
0.2341909355201909,511.0,0
0.23430016636698203,511.0,0
0.23440939721377319,511.0,0
0.2345186280605643,511.0,0
0.23462785890735546,511.0,0
0.2347370897541466,511.0,0
0.2348463206009377,511.0,0
0.23495555144772887,511.0,0
0.23506478229452,511.0,0
0.23517401314131114,511.0,0
0.23528324398810227,511.0,0
0.2353924748348934,511.0,0
0.23550170568168455,511.0,0
0.23561093652847567,511.0,0
0.2357201673752668,511.0,0
0.23582939822205795,511.0,0
0.23593862906884908,511.0,0
0.2360478599156402,511.0,0
0.23615709076243135,511.0,0
0.23626632160922248,511.0,0
0.23637555245601363,511.0,0
0.2364847833028047,512.0,0
0.23659401414959585,511.0,0
0.23670324499638698,511.0,0
0.2368124758431781,512.0,0
0.23692170668996926,512.0,0
0.23703093753676038,511.0,0
0.23714016838355154,512.0,0
0.23724939923034266,512.0,0
0.2373586300771338,512.0,0
0.23746786092392494,512.0,0
0.23757709177071606,512.0,0
0.23768632261750722,512.0,0
0.23779555346429834,512.0,0
0.23790478431108947,512.0,0
0.23801401515788062,513.0,0
0.23812324600467175,512.0,0
0.23823247685146287,512.0,0
0.23834170769825402,512.0,0
0.23845093854504515,512.0,0
0.23856016939183627,512.0,0
0.23866940023862743,512.0,0
0.23877863108541855,512.0,0
0.2388878619322097,512.0,0
0.23899709277900083,511.0,0
0.23910632362579196,512.0,0
0.2392155544725831,512.0,0
0.23932478531937418,511.0,0
0.23943401616616533,511.0,0
0.23954324701295646,512.0,0
0.2396524778597476,511.0,0
0.23976170870653873,511.0,0
0.23987093955332986,511.0,0
0.239980170400121,512.0,0
0.24008940124691214,511.0,0
0.2401986320937033,511.0,0
0.24030786294049442,511.0,0
0.24041709378728554,511.0,0
0.2405263246340767,510.0,0
0.24063555548086782,511.0,0
0.24074478632765894,511.0,0
0.2408540171744501,511.0,0
0.24096324802124122,510.0,0
0.24107247886803235,512.0,0
0.2411817097148235,511.0,0
0.24129094056161463,510.0,0
0.24140017140840578,511.0,0
0.2415094022551969,512.0,0
0.24161863310198803,511.0,0
0.24172786394877918,511.0,0
0.2418370947955703,512.0,0
0.24194632564236146,512.0,0
0.24205555648915258,511.0,0
0.24216478733594368,512.0,0
0.2422740181827348,512.0,0
0.24238324902952593,512.0,0
0.24249247987631709,512.0,0
0.2426017107231082,513.0,0
0.24271094156989936,513.0,0
0.2428201724166905,512.0,0
0.2429294032634816,512.0,0
0.24303863411027277,513.0,0
0.2431478649570639,513.0,0
0.24325709580385502,513.0,0
0.24336632665064617,513.0,0
0.2434755574974373,514.0,0
0.24358478834422842,513.0,0
0.24369401919101957,513.0,0
0.2438032500378107,514.0,0
0.24391248088460185,513.0,0
0.24402171173139298,513.0,0
0.2441309425781841,513.0,0
0.24424017342497525,513.0,0
0.24434940427176638,513.0,0
0.24445863511855753,513.0,0
0.24456786596534866,513.0,0
0.24467709681213978,513.0,0
0.24478632765893094,512.0,0
0.24489555850572206,512.0,0
0.24500478935251316,513.0,0
0.24511402019930428,512.0,0
0.24522325104609544,512.0,0
0.24533248189288656,512.0,0
0.2454417127396777,512.0,0
0.24555094358646884,511.0,0
0.24566017443325996,512.0,0
0.2457694052800511,512.0,0
0.24587863612684224,512.0,0
0.24598786697363337,511.0,0
0.2460970978204245,512.0,0
0.24620632866721565,512.0,0
0.24631555951400677,511.0,0
0.24642479036079792,512.0,0
0.24653402120758905,512.0,0
0.24664325205438017,512.0,0
0.24675248290117133,512.0,0
0.24686171374796245,512.0,0
0.2469709445947536,512.0,0
0.24708017544154473,511.0,0
0.24718940628833586,512.0,0
0.247298637135127,512.0,0
0.24740786798191813,512.0,0
0.24751709882870926,511.0,0
0.2476263296755004,512.0,0
0.24773556052229154,512.0,0
0.24784479136908263,511.0,0
0.24795402221587376,511.0,0
0.2480632530626649,511.0,0
0.24817248390945604,511.0,0
0.24828171475624716,511.0,0
0.24839094560303832,511.0,0
0.24850017644982944,511.0,0
0.24860940729662057,510.0,0
0.24871863814341172,510.0,0
0.24882786899020284,510.0,0
0.248937099836994,510.0,0
0.24904633068378512,509.0,0
0.24915556153057625,510.0,0
0.2492647923773674,509.0,0
0.24937402322415853,508.0,0
0.24948325407094968,508.0,0
0.2495924849177408,509.0,0
0.24970171576453193,508.0,0
0.24981094661132308,508.0,0
0.2499201774581142,508.0,0
0.25002940830490533,508.0,0
0.2501386391516965,508.0,0
0.25024786999848764,508.0,0
0.25035710084527873,508.0,0
0.2504663316920699,507.0,0
0.25057556253886104,507.0,0
0.2506847933856521,508.0,0
0.25079402423244324,507.0,0
0.2509032550792344,507.0,0
0.25101248592602554,507.0,0
0.25112171677281664,507.0,0
0.2512309476196078,507.0,0
0.25134017846639894,507.0,0
0.25144940931319004,507.0,0
0.2515586401599812,507.0,0
0.25166787100677235,506.0,0
0.25177710185356345,507.0,0
0.2518863327003546,507.0,0
0.25199556354714575,507.0,0
0.25210479439393685,507.0,0
0.252214025240728,508.0,0
0.25232325608751915,507.0,0
0.2524324869343103,507.0,0
0.2525417177811014,507.0,0
0.25265094862789256,508.0,0
0.2527601794746837,508.0,0
0.2528694103214748,508.0,0
0.25297864116826596,508.0,0
0.2530878720150571,508.0,0
0.2531971028618482,508.0,0
0.25330633370863936,508.0,0
0.2534155645554305,509.0,0
0.2535247954022216,508.0,0
0.2536340262490127,508.0,0
0.25374325709580386,509.0,0
0.253852487942595,509.0,0
0.2539617187893861,508.0,0
0.25407094963617727,508.0,0
0.2541801804829684,510.0,0
0.2542894113297595,508.0,0
0.25439864217655067,508.0,0
0.2545078730233418,509.0,0
0.2546171038701329,509.0,0
0.2547263347169241,508.0,0
0.2548355655637152,509.0,0
0.2549447964105064,510.0,0
0.2550540272572975,509.0,0
0.25516325810408863,509.0,0
0.2552724889508798,510.0,0
0.2553817197976709,510.0,0
0.25549095064446203,510.0,0
0.2556001814912532,510.0,0
0.2557094123380443,510.0,0
0.25581864318483544,510.0,0
0.2559278740316266,510.0,0
0.2560371048784177,510.0,0
0.25614633572520884,511.0,0
0.256255566572,511.0,0
0.2563647974187911,511.0,0
0.2564740282655822,512.0,0
0.25658325911237334,512.0,0
0.2566924899591645,512.0,0
0.2568017208059556,512.0,0
0.25691095165274674,513.0,0
0.2570201824995379,512.0,0
0.257129413346329,513.0,0
0.25723864419312015,514.0,0
0.2573478750399113,513.0,0
0.25745710588670245,513.0,0
0.25756633673349355,514.0,0
0.2576755675802847,515.0,0
0.25778479842707586,514.0,0
0.25789402927386695,514.0,0
0.2580032601206581,515.0,0
0.25811249096744926,515.0,0
0.25822172181424036,514.0,0
0.2583309526610315,515.0,0
0.25844018350782266,515.0,0
0.25854941435461376,515.0,0
0.2586586452014049,515.0,0
0.25876787604819607,515.0,0
0.25887710689498716,515.0,0
0.2589863377417783,515.0,0
0.25909556858856947,515.0,0
0.25920479943536057,515.0,0
0.25931403028215166,515.0,0
0.2594232611289428,515.0,0
0.25953249197573397,515.0,0
0.25964172282252507,515.0,0
0.2597509536693162,515.0,0
0.2598601845161074,515.0,0
0.2599694153628985,515.0,0
0.2600786462096896,515.0,0
0.2601878770564808,515.0,0
0.26029710790327193,515.0,0
0.260406338750063,515.0,0
0.2605155695968542,514.0,0
0.26062480044364533,515.0,0
0.26073403129043643,515.0,0
0.2608432621372276,514.0,0
0.26095249298401874,514.0,0
0.26106172383080983,514.0,0
0.261170954677601,515.0,0
0.26128018552439214,514.0,0
0.26138941637118324,514.0,0
0.2614986472179744,514.0,0
0.26160787806476554,514.0,0
0.26171710891155664,513.0,0
0.2618263397583478,514.0,0
0.2619355706051389,514.0,0
0.26204480145193004,513.0,0
0.26215403229872114,513.0,0
0.2622632631455123,514.0,0
0.26237249399230345,513.0,0
0.2624817248390946,513.0,0
0.2625909556858857,513.0,0
0.26270018653267685,514.0,0
0.262809417379468,513.0,0
0.2629186482262591,513.0,0
0.26302787907305025,514.0,0
0.2631371099198414,513.0,0
0.2632463407666325,513.0,0
0.26335557161342366,514.0,0
0.2634648024602148,514.0,0
0.2635740333070059,514.0,0
0.26368326415379706,514.0,0
0.2637924950005882,515.0,0
0.2639017258473793,515.0,0
0.26401095669417046,514.0,0
0.2641201875409616,515.0,0
0.2642294183877527,515.0,0
0.26433864923454387,515.0,0
0.264447880081335,515.0,0
0.26455711092812617,515.0,0
0.26466634177491727,515.0,0
0.26477557262170837,515.0,0
0.2648848034684995,515.0,0
0.26499403431529067,515.0,0
0.26510326516208177,515.0,0
0.2652124960088729,515.0,0
0.2653217268556641,516.0,0
0.2654309577024552,516.0,0
0.2655401885492463,515.0,0
0.2656494193960375,515.0,0
0.2657586502428286,516.0,0
0.26586788108961973,515.0,0
0.2659771119364109,515.0,0
0.266086342783202,516.0,0
0.26619557362999313,516.0,0
0.2663048044767843,516.0,0
0.2664140353235754,516.0,0
0.26652326617036654,517.0,0
0.2666324970171577,516.0,0
0.2667417278639488,516.0,0
0.26685095871073994,517.0,0
0.2669601895575311,518.0,0
0.26706942040432224,516.0,0
0.26717865125111334,517.0,0
0.2672878820979045,518.0,0
0.26739711294469565,518.0,0
0.26750634379148674,518.0,0
0.26761557463827784,518.0,0
0.267724805485069,518.0,0
0.26783403633186015,518.0,0
0.26794326717865125,518.0,0
0.2680524980254424,519.0,0
0.26816172887223355,519.0,0
0.26827095971902465,518.0,0
0.2683801905658158,519.0,0
0.26848942141260695,519.0,0
0.26859865225939805,519.0,0
0.2687078831061892,518.0,0
0.26881711395298036,519.0,0
0.26892634479977146,518.0,0
0.2690355756465626,518.0,0
0.26914480649335376,518.0,0
0.26925403734014486,518.0,0
0.269363268186936,518.0,0
0.26947249903372716,518.0,0
0.2695817298805183,518.0,0
0.2696909607273094,518.0,0
0.26980019157410057,516.0,0
0.2699094224208917,517.0,0
0.2700186532676828,516.0,0
0.27012788411447397,516.0,0
0.2702371149612651,516.0,0
0.2703463458080562,516.0,0
0.2704555766548473,516.0,0
0.27056480750163847,515.0,0
0.2706740383484296,515.0,0
0.2707832691952207,515.0,0
0.2708925000420119,515.0,0
0.271001730888803,515.0,0
0.2711109617355941,515.0,0
0.2712201925823853,515.0,0
0.27132942342917643,515.0,0
0.27143865427596753,515.0,0
0.2715478851227587,515.0,0
0.27165711596954983,515.0,0
0.27176634681634093,515.0,0
0.2718755776631321,515.0,0
0.27198480850992324,515.0,0
0.2720940393567144,514.0,0
0.2722032702035055,514.0,0
0.27231250105029664,514.0,0
0.2724217318970878,513.0,0
0.2725309627438789,513.0,0
0.27264019359067004,513.0,0
0.2727494244374612,513.0,0
0.2728586552842523,513.0,0
0.27296788613104345,513.0,0
0.2730771169778346,512.0,0
0.2731863478246257,512.0,0
0.2732955786714168,511.0,0
0.27340480951820795,512.0,0
0.2735140403649991,511.0,0
0.2736232712117902,511.0,0
0.27373250205858135,510.0,0
0.2738417329053725,511.0,0
0.2739509637521636,510.0,0
0.27406019459895475,510.0,0
0.2741694254457459,510.0,0
0.274278656292537,510.0,0
0.27438788713932816,508.0,0
0.2744971179861193,509.0,0
0.27460634883291046,509.0,0
0.27471557967970156,508.0,0
0.2748248105264927,508.0,0
0.27493404137328387,508.0,0
0.27504327222007496,508.0,0
0.2751525030668661,508.0,0
0.27526173391365727,508.0,0
0.27537096476044837,508.0,0
0.2754801956072395,508.0,0
0.2755894264540307,508.0,0
0.27569865730082177,508.0,0
0.2758078881476129,508.0,0
0.2759171189944041,508.0,0
0.27602634984119523,508.0,0
0.27613558068798627,508.0,0
0.2762448115347774,508.0,0
0.2763540423815686,508.0,0
0.2764632732283597,508.0,0
0.2765725040751508,508.0,0
0.276681734921942,508.0,0
0.2767909657687331,508.0,0
0.27690019661552423,508.0,0
0.2770094274623154,508.0,0
0.27711865830910654,508.0,0
0.27722788915589763,508.0,0
0.2773371200026888,509.0,0
0.27744635084947994,509.0,0
0.27755558169627104,510.0,0
0.2776648125430622,510.0,0
0.27777404338985334,510.0,0
0.27788327423664444,510.0,0
0.2779925050834356,511.0,0
0.27810173593022675,511.0,0
0.27821096677701784,511.0,0
0.278320197623809,511.0,0
0.27842942847060015,512.0,0
0.2785386593173913,512.0,0
0.2786478901641824,512.0,0
0.27875712101097355,513.0,0
0.2788663518577647,513.0,0
0.27897558270455575,513.0,0
0.2790848135513469,513.0,0
0.27919404439813805,513.0,0
0.27930327524492915,513.0,0
0.2794125060917203,513.0,0
0.27952173693851146,513.0,0
0.2796309677853026,513.0,0
0.2797401986320937,513.0,0
0.27984942947888486,513.0,0
0.279958660325676,513.0,0
0.2800678911724671,513.0,0
0.28017712201925826,513.0,0
0.2802863528660494,513.0,0
0.2803955837128405,513.0,0
0.28050481455963167,513.0,0
0.2806140454064228,513.0,0
0.2807232762532139,513.0,0
0.28083250710000507,513.0,0
0.2809417379467962,512.0,0
0.2810509687935874,513.0,0
0.28116019964037847,513.0,0
0.2812694304871696,512.0,0
0.2813786613339608,512.0,0
0.2814878921807519,512.0,0
0.28159712302754303,512.0,0
0.2817063538743342,512.0,0
0.2818155847211252,512.0,0
0.2819248155679164,512.0,0
0.28203404641470753,512.0,0
0.2821432772614987,512.0,0
0.2822525081082898,512.0,0
0.28236173895508093,512.0,0
0.2824709698018721,512.0,0
0.2825802006486632,512.0,0
0.28268943149545434,512.0,0
0.2827986623422455,512.0,0
0.2829078931890366,512.0,0
0.28301712403582774,513.0,0
0.2831263548826189,512.0,0
0.28323558572941,512.0,0
0.28334481657620114,512.0,0
0.2834540474229923,513.0,0
0.28356327826978345,512.0,0
0.28367250911657454,512.0,0
0.2837817399633657,512.0,0
0.28389097081015685,512.0,0
0.28400020165694795,512.0,0
0.2841094325037391,512.0,0
0.28421866335053025,512.0,0
0.28432789419732135,512.0,0
0.2844371250441125,512.0,0
0.28454635589090366,512.0,0
0.28465558673769475,512.0,0
0.28476481758448585,511.0,0
0.284874048431277,511.0,0
0.28498327927806816,512.0,0
0.28509251012485926,511.0,0
0.2852017409716504,511.0,0
0.28531097181844156,511.0,0
0.28542020266523266,511.0,0
0.2855294335120238,511.0,0
0.28563866435881496,511.0,0
0.28574789520560606,511.0,0
0.2858571260523972,511.0,0
0.28596635689918837,511.0,0
0.2860755877459795,511.0,0
0.2861848185927706,511.0,0
0.28629404943956177,511.0,0
0.2864032802863529,511.0,0
0.286512511133144,511.0,0
0.2866217419799352,511.0,0
0.2867309728267263,511.0,0
0.2868402036735174,511.0,0
0.2869494345203086,511.0,0
0.28705866536709973,511.0,0
0.2871678962138908,511.0,0
0.287277127060682,511.0,0
0.28738635790747313,511.0,0
0.28749558875426423,511.0,0
0.28760481960105533,511.0,0
0.2877140504478465,511.0,0
0.28782328129463763,510.0,0
0.28793251214142873,511.0,0
0.2880417429882199,511.0,0
0.28815097383501104,510.0,0
0.28826020468180213,510.0,0
0.2883694355285933,511.0,0
0.28847866637538444,510.0,0
0.2885878972221756,510.0,0
0.2886971280689667,510.0,0
0.28880635891575784,510.0,0
0.288915589762549,510.0,0
0.2890248206093401,509.0,0
0.28913405145613125,510.0,0
0.2892432823029224,509.0,0
0.2893525131497135,509.0,0
0.28946174399650465,510.0,0
0.2895709748432958,510.0,0
0.2896802056900869,509.0,0
0.28978943653687805,509.0,0
0.2898986673836692,510.0,0
0.2900078982304603,509.0,0
0.29011712907725146,509.0,0
0.2902263599240426,510.0,0
0.2903355907708337,510.0,0
0.2904448216176248,509.0,0
0.29055405246441596,509.0,0
0.2906632833112071,510.0,0
0.2907725141579982,510.0,0
0.29088174500478936,509.0,0
0.2909909758515805,510.0,0
0.29110020669837167,510.0,0
0.29120943754516276,509.0,0
0.2913186683919539,510.0,0
0.29142789923874507,510.0,0
0.29153713008553617,509.0,0
0.2916463609323273,509.0,0
0.2917555917791185,510.0,0
0.29186482262590957,509.0,0
0.2919740534727007,508.0,0
0.2920832843194919,508.0,0
0.292192515166283,509.0,0
0.2923017460130741,508.0,0
0.2924109768598653,508.0,0
0.2925202077066564,508.0,0
0.29262943855344753,508.0,0
0.2927386694002387,508.0,0
0.2928479002470298,508.0,0
0.29295713109382093,508.0,0
0.2930663619406121,508.0,0
0.2931755927874032,508.0,0
0.2932848236341943,508.0,0
0.29339405448098543,508.0,0
0.2935032853277766,507.0,0
0.29361251617456774,507.0,0
0.29372174702135884,508.0,0
0.29383097786815,507.0,0
0.29394020871494114,507.0,0
0.29404943956173224,508.0,0
0.2941586704085234,508.0,0
0.29426790125531455,507.0,0
0.29437713210210564,508.0,0
0.2944863629488968,508.0,0
0.29459559379568795,508.0,0
0.29470482464247905,507.0,0
0.2948140554892702,508.0,0
0.29492328633606135,508.0,0
0.29503251718285245,508.0,0
0.2951417480296436,508.0,0
0.29525097887643476,508.0,0
0.29536020972322585,508.0,0
0.295469440570017,508.0,0
0.29557867141680816,508.0,0
0.2956879022635993,508.0,0
0.2957971331103904,508.0,0
0.29590636395718156,509.0,0
0.29601559480397266,509.0,0
0.2961248256507638,509.0,0
0.2962340564975549,509.0,0
0.29634328734434606,510.0,0
0.2964525181911372,510.0,0
0.2965617490379283,510.0,0
0.29667097988471947,510.0,0
0.2967802107315106,510.0,0
0.2968894415783017,510.0,0
0.29699867242509287,510.0,0
0.297107903271884,510.0,0
0.2972171341186751,510.0,0
0.29732636496546627,510.0,0
0.2974355958122574,510.0,0
0.2975448266590485,510.0,0
0.2976540575058397,510.0,0
0.29776328835263083,510.0,0
0.2978725191994219,511.0,0
0.2979817500462131,510.0,0
0.29809098089300423,510.0,0
0.2982002117397954,510.0,0
0.2983094425865865,511.0,0
0.29841867343337763,510.0,0
0.2985279042801688,510.0,0
0.2986371351269599,510.0,0
0.298746365973751,510.0,0
0.29885559682054214,510.0,0
0.2989648276673333,510.0,0
0.2990740585141244,510.0,0
0.29918328936091554,510.0,0
0.2992925202077067,510.0,0
0.2994017510544978,511.0,0
0.29951098190128894,510.0,0
0.2996202127480801,510.0,0
0.2997294435948712,510.0,0
0.29983867444166235,511.0,0
0.2999479052884535,510.0,0
0.3000571361352446,511.0,0
0.30016636698203575,510.0,0
0.3002755978288269,510.0,0
0.300384828675618,510.0,0
0.30049405952240915,511.0,0
0.3006032903692003,510.0,0
0.30071252121599146,510.0,0
0.30082175206278255,510.0,0
0.3009309829095737,511.0,0
0.30104021375636486,510.0,0
0.30114944460315596,510.0,0
0.3012586754499471,510.0,0
0.30136790629673826,510.0,0
0.30147713714352936,510.0,0
0.30158636799032046,510.0,0
0.3016955988371116,510.0,0
0.30180482968390276,510.0,0
0.30191406053069386,510.0,0
0.302023291377485,510.0,0
0.30213252222427617,510.0,0
0.30224175307106727,509.0,0
0.3023509839178584,509.0,0
0.30246021476464957,509.0,0
0.30256944561144067,509.0,0
0.3026786764582318,509.0,0
0.302787907305023,508.0,0
0.30289713815181407,508.0,0
0.3030063689986052,508.0,0
0.3031155998453964,508.0,0
0.30322483069218753,508.0,0
0.3033340615389786,508.0,0
0.3034432923857698,508.0,0
0.30355252323256093,508.0,0
0.30366175407935203,508.0,0
0.3037709849261432,508.0,0
0.30388021577293434,508.0,0
0.30398944661972543,508.0,0
0.3040986774665166,507.0,0
0.30420790831330774,508.0,0
0.30431713916009884,508.0,0
0.30442637000688993,508.0,0
0.3045356008536811,507.0,0
0.30464483170047224,508.0,0
0.30475406254726334,508.0,0
0.3048632933940545,508.0,0
0.30497252424084564,507.0,0
0.30508175508763674,508.0,0
0.3051909859344279,508.0,0
0.30530021678121905,508.0,0
0.30540944762801014,508.0,0
0.3055186784748013,508.0,0
0.30562790932159245,508.0,0
0.3057371401683836,508.0,0
0.3058463710151747,508.0,0
0.30595560186196585,508.0,0
0.306064832708757,508.0,0
0.3061740635555481,508.0,0
0.30628329440233926,508.0,0
0.3063925252491304,508.0,0
0.3065017560959215,508.0,0
0.30661098694271266,508.0,0
0.3067202177895038,508.0,0
0.3068294486362949,508.0,0
0.30693867948308606,508.0,0
0.3070479103298772,509.0,0
0.30715714117666837,508.0,0
0.3072663720234594,508.0,0
0.30737560287025056,509.0,0
0.3074848337170417,509.0,0
0.3075940645638328,509.0,0
0.30770329541062397,510.0,0
0.3078125262574151,509.0,0
0.3079217571042062,509.0,0
0.30803098795099737,509.0,0
0.3081402187977885,510.0,0
0.3082494496445797,510.0,0
0.3083586804913708,510.0,0
0.3084679113381619,510.0,0
0.3085771421849531,510.0,0
0.3086863730317442,510.0,0
0.30879560387853533,510.0,0
0.3089048347253265,510.0,0
0.3090140655721176,510.0,0
0.30912329641890873,510.0,0
0.3092325272656999,510.0,0
0.309341758112491,510.0,0
0.30945098895928214,510.0,0
0.3095602198060733,510.0,0
0.30966945065286444,511.0,0
0.30977868149965554,510.0,0
0.3098879123464467,510.0,0
0.30999714319323785,510.0,0
0.3101063740400289,510.0,0
0.31021560488682004,510.0,0
0.3103248357336112,510.0,0
0.3104340665804023,510.0,0
0.31054329742719344,509.0,0
0.3106525282739846,509.0,0
0.31076175912077575,510.0,0
0.31087098996756685,509.0,0
0.310980220814358,509.0,0
0.31108945166114915,509.0,0
0.31119868250794025,509.0,0
0.3113079133547314,508.0,0
0.31141714420152256,509.0,0
0.31152637504831365,509.0,0
0.3116356058951048,508.0,0
0.31174483674189596,508.0,0
0.31185406758868706,509.0,0
0.3119632984354782,509.0,0
0.31207252928226936,508.0,0
0.3121817601290605,508.0,0
0.3122909909758516,509.0,0
0.31240022182264277,509.0,0
0.3125094526694339,509.0,0
0.312618683516225,509.0,0
0.31272791436301617,509.0,0
0.3128371452098073,509.0,0
0.31294637605659836,509.0,0
0.3130556069033895,509.0,0
0.31316483775018067,509.0,0
0.3132740685969718,509.0,0
0.3133832994437629,509.0,0
0.3134925302905541,509.0,0
0.3136017611373452,509.0,0
0.3137109919841363,508.0,0
0.3138202228309275,509.0,0
0.31392945367771863,508.0,0
0.3140386845245097,508.0,0
0.3141479153713009,508.0,0
0.31425714621809203,509.0,0
0.31436637706488313,508.0,0
0.3144756079116743,508.0,0
0.31458483875846543,508.0,0
0.3146940696052566,508.0,0
0.3148033004520477,508.0,0
0.31491253129883884,508.0,0
0.31502176214563,508.0,0
0.3151309929924211,508.0,0
0.31524022383921224,508.0,0
0.3153494546860034,508.0,0
0.3154586855327945,508.0,0
0.31556791637958564,508.0,0
0.3156771472263768,508.0,0
0.3157863780731679,508.0,0
0.315895608919959,508.0,0
0.31600483976675015,508.0,0
0.3161140706135413,508.0,0
0.3162233014603324,508.0,0
0.31633253230712355,508.0,0
0.3164417631539147,508.0,0
0.3165509940007058,508.0,0
0.31666022484749695,508.0,0
0.3167694556942881,508.0,0
0.3168786865410792,508.0,0
0.31698791738787035,508.0,0
0.3170971482346615,508.0,0
0.31720637908145266,508.0,0
0.31731560992824376,508.0,0
0.3174248407750349,507.0,0
0.31753407162182606,508.0,0
0.31764330246861716,508.0,0
0.3177525333154083,508.0,0
0.31786176416219947,508.0,0
0.31797099500899056,508.0,0
0.3180802258557817,508.0,0
0.31818945670257287,508.0,0
0.31829868754936397,508.0,0
0.3184079183961551,508.0,0
0.3185171492429463,508.0,0
0.31862638008973737,508.0,0
0.31873561093652847,508.0,0
0.3188448417833196,508.0,0
0.3189540726301108,508.0,0
0.31906330347690187,508.0,0
0.319172534323693,508.0,0
0.3192817651704842,508.0,0
0.3193909960172753,508.0,0
0.31950022686406643,508.0,0
0.3196094577108576,508.0,0
0.31971868855764873,509.0,0
0.31982791940443983,509.0,0
0.319937150251231,509.0,0
0.32004638109802214,509.0,0
0.32015561194481323,510.0,0
0.3202648427916044,510.0,0
0.32037407363839554,510.0,0
0.32048330448518664,510.0,0
0.3205925353319778,510.0,0
0.32070176617876894,510.0,0
0.32081099702556004,510.0,0
0.3209202278723512,511.0,0
0.32102945871914235,511.0,0
0.32113868956593344,510.0,0
0.3212479204127246,511.0,0
0.32135715125951575,511.0,0
0.32146638210630685,511.0,0
0.32157561295309794,511.0,0
0.3216848437998891,511.0,0
0.32179407464668025,511.0,0
0.32190330549347135,511.0,0
0.3220125363402625,511.0,0
0.32212176718705365,511.0,0
0.3222309980338448,511.0,0
0.3223402288806359,511.0,0
0.32244945972742706,511.0,0
0.3225586905742182,511.0,0
0.3226679214210093,510.0,0
0.32277715226780046,510.0,0
0.3228863831145916,510.0,0
0.3229956139613827,509.0,0
0.32310484480817386,509.0,0
0.323214075654965,510.0,0
0.3233233065017561,508.0,0
0.32343253734854727,508.0,0
0.3235417681953384,508.0,0
0.3236509990421295,508.0,0
0.32376022988892067,507.0,0
0.3238694607357118,507.0,0
0.3239786915825029,507.0,0
0.3240879224292941,507.0,0
0.3241971532760852,505.0,0
0.3243063841228763,505.0,0
0.3244156149696674,505.0,0
0.3245248458164586,505.0,0
0.3246340766632497,504.0,0
0.3247433075100409,505.0,0
0.324852538356832,504.0,0
0.32496176920362313,504.0,0
0.3250710000504143,504.0,0
0.3251802308972054,504.0,0
0.32528946174399653,504.0,0
0.3253986925907877,504.0,0
0.3255079234375788,504.0,0
0.32561715428436994,504.0,0
0.3257263851311611,504.0,0
0.3258356159779522,504.0,0
0.32594484682474334,504.0,0
0.3260540776715345,504.0,0
0.3261633085183256,504.0,0
0.32627253936511674,504.0,0
0.3263817702119079,504.0,0
0.326491001058699,504.0,0
0.32660023190549015,504.0,0
0.3267094627522813,505.0,0
0.32681869359907245,505.0,0
0.32692792444586355,505.0,0
0.3270371552926547,506.0,0
0.3271463861394458,507.0,0
0.32725561698623695,506.0,0
0.32736484783302805,507.0,0
0.3274740786798192,507.0,0
0.32758330952661036,507.0,0
0.32769254037340145,507.0,0
0.3278017712201926,508.0,0
0.32791100206698376,508.0,0
0.32802023291377486,507.0,0
0.328129463760566,508.0,0
0.32823869460735716,508.0,0
0.32834792545414826,508.0,0
0.3284571563009394,508.0,0
0.32856638714773057,508.0,0
0.32867561799452166,508.0,0
0.3287848488413128,508.0,0
0.32889407968810397,508.0,0
0.32900331053489507,508.0,0
0.3291125413816862,508.0,0
0.32922177222847737,508.0,0
0.3293310030752685,509.0,0
0.3294402339220596,510.0,0
0.3295494647688508,509.0,0
0.32965869561564193,510.0,0
0.329767926462433,510.0,0
0.3298771573092242,510.0,0
0.3299863881560153,510.0,0
0.33009561900280643,510.0,0
0.3302048498495975,510.0,0
0.3303140806963887,510.0,0
0.33042331154317983,510.0,0
0.33053254238997093,511.0,0
0.3306417732367621,511.0,0
0.33075100408355324,510.0,0
0.33086023493034433,511.0,0
0.3309694657771355,511.0,0
0.33107869662392664,511.0,0
0.33118792747071774,511.0,0
0.3312971583175089,512.0,0
0.33140638916430004,511.0,0
0.33151562001109114,511.0,0
0.3316248508578823,511.0,0
0.33173408170467344,512.0,0
0.3318433125514646,511.0,0
0.3319525433982557,511.0,0
0.33206177424504685,511.0,0
0.332171005091838,511.0,0
0.3322802359386291,510.0,0
0.33238946678542025,511.0,0
0.3324986976322114,511.0,0
0.3326079284790025,510.0,0
0.33271715932579365,510.0,0
0.33282639017258475,510.0,0
0.3329356210193759,510.0,0
0.333044851866167,510.0,0
0.33315408271295816,510.0,0
0.3332633135597493,510.0,0
0.3333725444065404,509.0,0
0.33348177525333156,510.0,0
0.3335910061001227,510.0,0
0.3337002369469138,510.0,0
0.33380946779370496,509.0,0
0.3339186986404961,510.0,0
0.3340279294872872,509.0,0
0.33413716033407836,510.0,0
0.3342463911808695,510.0,0
0.33435562202766067,510.0,0
0.33446485287445177,509.0,0
0.3345740837212429,510.0,0
0.3346833145680341,510.0,0
0.33479254541482517,510.0,0
0.3349017762616163,509.0,0
0.3350110071084075,510.0,0
0.3351202379551986,510.0,0
0.3352294688019897,509.0,0
0.3353386996487809,509.0,0
0.335447930495572,510.0,0
0.33555716134236313,509.0,0
0.33566639218915423,509.0,0
0.3357756230359454,509.0,0
0.3358848538827365,510.0,0
0.33599408472952763,508.0,0
0.3361033155763188,509.0,0
0.3362125464231099,509.0,0
0.33632177726990103,509.0,0
0.3364310081166922,509.0,0
0.3365402389634833,510.0,0
0.33664946981027444,510.0,0
0.3367587006570656,510.0,0
0.33686793150385674,509.0,0
0.33697716235064784,510.0,0
0.337086393197439,510.0,0
0.33719562404423015,510.0,0
0.33730485489102124,510.0,0
0.3374140857378124,511.0,0
0.33752331658460355,510.0,0
0.33763254743139465,510.0,0
0.3377417782781858,511.0,0
0.33785100912497695,511.0,0
0.33796023997176805,510.0,0
0.3380694708185592,511.0,0
0.33817870166535036,510.0,0
0.3382879325121415,510.0,0
0.33839716335893255,510.0,0
0.3385063942057237,510.0,0
0.33861562505251486,510.0,0
0.33872485589930595,510.0,0
0.3388340867460971,510.0,0
0.33894331759288826,510.0,0
0.33905254843967936,510.0,0
0.3391617792864705,510.0,0
0.33927101013326166,510.0,0
0.3393802409800528,510.0,0
0.3394894718268439,509.0,0
0.33959870267363507,510.0,0
0.3397079335204262,510.0,0
0.3398171643672173,510.0,0
0.33992639521400847,510.0,0
0.3400356260607996,510.0,0
0.3401448569075907,510.0,0
0.3402540877543819,510.0,0
0.340363318601173,510.0,0
0.3404725494479641,510.0,0
0.3405817802947553,510.0,0
0.34069101114154643,510.0,0
0.3408002419883376,510.0,0
0.3409094728351287,510.0,0
0.34101870368191983,510.0,0
0.341127934528711,510.0,0
0.341237165375502,510.0,0
0.3413463962222932,510.0,0
0.34145562706908433,510.0,0
0.34156485791587543,510.0,0
0.3416740887626666,510.0,0
0.34178331960945774,510.0,0
0.3418925504562489,510.0,0
0.34200178130304,510.0,0
0.34211101214983114,509.0,0
0.3422202429966223,509.0,0
0.3423294738434134,509.0,0
0.34243870469020454,509.0,0
0.3425479355369957,508.0,0
0.3426571663837868,509.0,0
0.34276639723057795,508.0,0
0.3428756280773691,508.0,0
0.3429848589241602,508.0,0
0.34309408977095135,508.0,0
0.3432033206177425,508.0,0
0.34331255146453366,508.0,0
0.34342178231132475,508.0,0
0.3435310131581159,508.0,0
0.34364024400490706,508.0,0
0.34374947485169816,508.0,0
0.3438587056984893,508.0,0
0.34396793654528046,508.0,0
0.3440771673920715,508.0,0
0.34418639823886266,509.0,0
0.3442956290856538,509.0,0
0.34440485993244496,509.0,0
0.34451409077923606,509.0,0
0.3446233216260272,509.0,0
0.34473255247281837,509.0,0
0.34484178331960946,509.0,0
0.3449510141664006,509.0,0
0.34506024501319177,509.0,0
0.34516947585998287,509.0,0
0.345278706706774,509.0,0
0.34538793755356517,509.0,0
0.34549716840035627,509.0,0
0.3456063992471474,509.0,0
0.3457156300939386,509.0,0
0.34582486094072973,508.0,0
0.3459340917875208,508.0,0
0.346043322634312,508.0,0
0.34615255348110313,508.0,0
0.34626178432789423,508.0,0
0.3463710151746854,508.0,0
0.34648024602147653,508.0,0
0.34658947686826763,508.0,0
0.3466987077150588,508.0,0
0.34680793856184994,507.0,0
0.34691716940864104,507.0,0
0.34702640025543213,507.0,0
0.3471356311022233,507.0,0
0.34724486194901444,507.0,0
0.34735409279580554,506.0,0
0.3474633236425967,506.0,0
0.34757255448938784,506.0,0
0.34768178533617894,505.0,0
0.3477910161829701,505.0,0
0.34790024702976124,506.0,0
0.34800947787655234,505.0,0
0.3481187087233435,505.0,0
0.34822793957013465,505.0,0
0.3483371704169258,505.0,0
0.3484464012637169,505.0,0
0.34855563211050805,506.0,0
0.3486648629572992,506.0,0
0.3487740938040903,506.0,0
0.34888332465088145,506.0,0
0.3489925554976726,507.0,0
0.3491017863444637,507.0,0
0.34921101719125486,506.0,0
0.349320248038046,507.0,0
0.3494294788848371,507.0,0
0.34953870973162826,507.0,0
0.3496479405784194,507.0,0
0.3497571714252105,508.0,0
0.3498664022720016,508.0,0
0.34997563311879276,508.0,0
0.3500848639655839,508.0,0
0.350194094812375,508.0,0
0.35030332565916616,508.0,0
0.3504125565059573,508.0,0
0.3505217873527484,508.0,0
0.35063101819953957,508.0,0
0.3507402490463307,508.0,0
0.3508494798931219,508.0,0
0.35095871073991297,508.0,0
0.3510679415867041,508.0,0
0.3511771724334953,508.0,0
0.3512864032802864,508.0,0
0.3513956341270775,508.0,0
0.3515048649738687,508.0,0
0.3516140958206598,508.0,0
0.35172332666745093,508.0,0
0.3518325575142421,508.0,0
0.3519417883610332,508.0,0
0.35205101920782433,508.0,0
0.3521602500546155,507.0,0
0.3522694809014066,508.0,0
0.35237871174819774,507.0,0
0.3524879425949889,507.0,0
0.35259717344178,507.0,0
0.3527064042885711,507.0,0
0.35281563513536224,507.0,0
0.3529248659821534,506.0,0
0.3530340968289445,506.0,0
0.35314332767573564,507.0,0
0.3532525585225268,506.0,0
0.35336178936931795,505.0,0
0.35347102021610904,505.0,0
0.3535802510629002,505.0,0
0.35368948190969135,505.0,0
0.35379871275648245,505.0,0
0.3539079436032736,505.0,0
0.35401717445006475,505.0,0
0.35412640529685585,505.0,0
0.354235636143647,505.0,0
0.35434486699043816,505.0,0
0.35445409783722925,505.0,0
0.3545633286840204,505.0,0
0.35467255953081156,505.0,0
0.35478179037760266,505.0,0
0.3548910212243938,505.0,0
0.35500025207118496,505.0,0
0.35510948291797606,506.0,0
0.3552187137647672,506.0,0
0.35532794461155837,507.0,0
0.35543717545834946,507.0,0
0.35554640630514056,507.0,0
0.3556556371519317,507.0,0
0.35576486799872287,508.0,0
0.355874098845514,508.0,0
0.3559833296923051,508.0,0
0.35609256053909627,508.0,0
0.3562017913858874,508.0,0
0.3563110222326785,508.0,0
0.3564202530794697,508.0,0
0.3565294839262608,509.0,0
0.3566387147730519,509.0,0
0.3567479456198431,509.0,0
0.35685717646663423,510.0,0
0.3569664073134253,509.0,0
0.3570756381602165,510.0,0
0.35718486900700763,510.0,0
0.35729409985379873,510.0,0
0.3574033307005899,510.0,0
0.35751256154738104,510.0,0
0.35762179239417213,510.0,0
0.3577310232409633,510.0,0
0.35784025408775444,510.0,0
0.3579494849345456,510.0,0
0.3580587157813367,510.0,0
0.35816794662812784,510.0,0
0.35827717747491894,510.0,0
0.3583864083217101,510.0,0
0.3584956391685012,510.0,0
0.35860487001529234,510.0,0
0.3587141008620835,510.0,0
0.3588233317088746,510.0,0
0.35893256255566575,510.0,0
0.3590417934024569,510.0,0
0.359151024249248,510.0,0
0.35926025509603915,510.0,0
0.3593694859428303,509.0,0
0.3594787167896214,510.0,0
0.35958794763641255,510.0,0
0.3596971784832037,510.0,0
0.3598064093299948,509.0,0
0.35991564017678596,510.0,0
0.3600248710235771,510.0,0
0.3601341018703682,509.0,0
0.36024333271715936,509.0,0
0.3603525635639505,510.0,0
0.36046179441074166,509.0,0
0.36057102525753276,509.0,0
0.3606802561043239,510.0,0
0.36078948695111507,510.0,0
0.36089871779790617,508.0,0
0.3610079486446973,509.0,0
0.3611171794914884,509.0,0
0.36122641033827957,509.0,0
0.36133564118507067,508.0,0
0.3614448720318618,509.0,0
0.36155410287865297,508.0,0
0.36166333372544407,508.0,0
0.3617725645722352,508.0,0
0.3618817954190264,508.0,0
0.3619910262658175,508.0,0
0.3621002571126086,508.0,0
0.3622094879593998,508.0,0
0.3623187188061909,508.0,0
0.36242794965298203,508.0,0
0.3625371804997732,508.0,0
0.3626464113465643,508.0,0
0.36275564219335543,508.0,0
0.3628648730401466,507.0,0
0.36297410388693774,508.0,0
0.36308333473372884,508.0,0
0.36319256558052,508.0,0
0.36330179642731114,508.0,0
0.36341102727410224,508.0,0
0.3635202581208934,508.0,0
0.36362948896768454,508.0,0
0.36373871981447564,508.0,0
0.3638479506612668,508.0,0
0.3639571815080579,508.0,0
0.36406641235484904,508.0,0
0.36417564320164014,508.0,0
0.3642848740484313,508.0,0
0.36439410489522245,508.0,0
0.36450333574201355,508.0,0
0.3646125665888047,508.0,0
0.36472179743559585,508.0,0
0.36483102828238695,508.0,0
0.3649402591291781,508.0,0
0.36504948997596925,508.0,0
0.36515872082276035,508.0,0
0.3652679516695515,508.0,0
0.36537718251634266,508.0,0
0.3654864133631338,508.0,0
0.3655956442099249,508.0,0
0.36570487505671606,508.0,0
0.3658141059035072,508.0,0
0.3659233367502983,507.0,0
0.36603256759708946,508.0,0
0.3661417984438806,507.0,0
0.3662510292906717,507.0,0
0.36636026013746287,507.0,0
0.366469490984254,507.0,0
0.3665787218310451,507.0,0
0.36668795267783627,507.0,0
0.36679718352462737,507.0,0
0.3669064143714185,507.0,0
0.3670156452182096,505.0,0
0.36712487606500077,506.0,0
0.3672341069117919,505.0,0
0.367343337758583,505.0,0
0.3674525686053742,505.0,0
0.3675617994521653,505.0,0
0.3676710302989564,505.0,0
0.3677802611457476,505.0,0
0.36788949199253873,504.0,0
0.3679987228393299,505.0,0
0.368107953686121,504.0,0
0.36821718453291213,504.0,0
0.3683264153797033,504.0,0
0.3684356462264944,505.0,0
0.36854487707328554,505.0,0
0.3686541079200767,505.0,0
0.3687633387668678,505.0,0
0.36887256961365894,506.0,0
0.3689818004604501,506.0,0
0.3690910313072412,507.0,0
0.36920026215403234,507.0,0
0.3693094930008235,507.0,0
0.36941872384761465,507.0,0
0.36952795469440575,508.0,0
0.36963718554119684,508.0,0
0.369746416387988,508.0,0
0.3698556472347791,508.0,0
0.36996487808157025,508.0,0
0.3700741089283614,508.0,0
0.3701833397751525,508.0,0
0.37029257062194365,508.0,0
0.3704018014687348,508.0,0
0.37051103231552596,508.0,0
0.37062026316231705,509.0,0
0.3707294940091082,509.0,0
0.37083872485589936,509.0,0
0.37094795570269046,509.0,0
0.3710571865494816,510.0,0
0.37116641739627276,510.0,0
0.37127564824306386,510.0,0
0.371384879089855,510.0,0
0.37149410993664617,510.0,0
0.37160334078343726,510.0,0
0.3717125716302284,510.0,0
0.37182180247701957,511.0,0
0.3719310333238107,511.0,0
0.3720402641706018,511.0,0
0.372149495017393,511.0,0
0.3722587258641841,511.0,0
0.3723679567109752,511.0,0
0.3724771875577663,511.0,0
0.3725864184045575,512.0,0
0.37269564925134857,512.0,0
0.3728048800981397,512.0,0
0.3729141109449309,512.0,0
0.37302334179172203,512.0,0
0.3731325726385131,512.0,0
0.3732418034853043,512.0,0
0.37335103433209543,512.0,0
0.37346026517888653,513.0,0
0.3735694960256777,512.0,0
0.37367872687246884,512.0,0
0.37378795771925993,513.0,0
0.3738971885660511,513.0,0
0.37400641941284224,512.0,0
0.37411565025963334,513.0,0
0.3742248811064245,513.0,0
0.37433411195321564,513.0,0
0.3744433428000068,513.0,0
0.3745525736467979,513.0,0
0.37466180449358905,513.0,0
0.3747710353403802,512.0,0
0.3748802661871713,513.0,0
0.37498949703396245,513.0,0
0.3750987278807536,512.0,0
0.37520795872754464,512.0,0
0.3753171895743358,512.0,0
0.37542642042112695,512.0,0
0.3755356512679181,512.0,0
0.3756448821147092,512.0,0
0.37575411296150035,512.0,0
0.3758633438082915,512.0,0
0.3759725746550826,512.0,0
0.37608180550187376,512.0,0
0.3761910363486649,511.0,0
0.376300267195456,511.0,0
0.37640949804224716,511.0,0
0.3765187288890383,510.0,0
0.3766279597358294,510.0,0
0.37673719058262056,510.0,0
0.3768464214294117,510.0,0
0.37695565227620287,509.0,0
0.37706488312299397,508.0,0
0.3771741139697851,509.0,0
0.37728334481657627,508.0,0
0.37739257566336737,508.0,0
0.3775018065101585,508.0,0
0.3776110373569497,508.0,0
0.37772026820374077,508.0,0
0.3778294990505319,508.0,0
0.3779387298973231,508.0,0
0.3780479607441142,507.0,0
0.3781571915909053,507.0,0
0.3782664224376964,507.0,0
0.3783756532844876,507.0,0
0.3784848841312787,507.0,0
0.37859411497806983,507.0,0
0.378703345824861,507.0,0
0.3788125766716521,506.0,0
0.37892180751844323,506.0,0
0.3790310383652344,506.0,0
0.3791402692120255,506.0,0
0.37924950005881664,506.0,0
0.3793587309056078,506.0,0
0.37946796175239894,506.0,0
0.37957719259919004,506.0,0
0.3796864234459812,505.0,0
0.37979565429277234,506.0,0
0.37990488513956344,505.0,0
0.3800141159863546,506.0,0
0.38012334683314575,506.0,0
0.38023257767993685,506.0,0
0.380341808526728,505.0,0
0.38045103937351915,506.0,0
0.38056027022031025,506.0,0
0.3806695010671014,506.0,0
0.38077873191389255,506.0,0
0.38088796276068365,507.0,0
0.38099719360747475,506.0,0
0.3811064244542659,507.0,0
0.38121565530105705,507.0,0
0.38132488614784815,507.0,0
0.3814341169946393,506.0,0
0.38154334784143046,506.0,0
0.38165257868822156,507.0,0
0.3817618095350127,507.0,0
0.38187104038180386,506.0,0
0.381980271228595,507.0,0
0.3820895020753861,507.0,0
0.38219873292217726,507.0,0
0.3823079637689684,506.0,0
0.3824171946157595,507.0,0
0.38252642546255067,507.0,0
0.3826356563093418,506.0,0
0.3827448871561329,506.0,0
0.38285411800292407,507.0,0
0.3829633488497152,506.0,0
0.3830725796965063,506.0,0
0.3831818105432975,506.0,0
0.3832910413900886,507.0,0
0.3834002722368797,506.0,0
0.3835095030836709,506.0,0
0.38361873393046203,506.0,0
0.3837279647772531,506.0,0
0.3838371956240442,505.0,0
0.3839464264708354,506.0,0
0.38405565731762653,506.0,0
0.38416488816441763,505.0,0
0.3842741190112088,505.0,0
0.38438334985799993,506.0,0
0.3844925807047911,505.0,0
0.3846018115515822,505.0,0
0.38471104239837334,505.0,0
0.3848202732451645,505.0,0
0.3849295040919556,505.0,0
0.38503873493874674,505.0,0
0.3851479657855379,505.0,0
0.385257196632329,505.0,0
0.38536642747912014,505.0,0
0.3854756583259113,505.0,0
0.3855848891727024,505.0,0
0.38569412001949355,505.0,0
0.3858033508662847,505.0,0
0.3859125817130758,505.0,0
0.38602181255986695,505.0,0
0.3861310434066581,505.0,0
0.3862402742534492,505.0,0
0.38634950510024035,505.0,0
0.3864587359470315,504.0,0
0.3865679667938226,505.0,0
0.3866771976406137,505.0,0
0.38678642848740485,505.0,0
0.386895659334196,505.0,0
0.38700489018098716,505.0,0
0.38711412102777826,505.0,0
0.3872233518745694,505.0,0
0.38733258272136056,505.0,0
0.38744181356815166,505.0,0
0.3875510444149428,505.0,0
0.38766027526173397,505.0,0
0.38776950610852506,505.0,0
0.3878787369553162,505.0,0
0.38798796780210737,505.0,0
0.38809719864889847,505.0,0
0.3882064294956896,505.0,0
0.3883156603424808,505.0,0
0.38842489118927187,505.0,0
0.388534122036063,505.0,0
0.3886433528828542,505.0,0
0.3887525837296453,505.0,0
0.3888618145764364,505.0,0
0.3889710454232276,505.0,0
0.38908027627001873,505.0,0
0.38918950711680983,504.0,0
0.389298737963601,505.0,0
0.3894079688103921,505.0,0
0.38951719965718323,504.0,0
0.38962643050397433,504.0,0
0.3897356613507655,504.0,0
0.38984489219755664,504.0,0
0.38995412304434773,504.0,0
0.3900633538911389,504.0,0
0.39017258473793004,504.0,0
0.39028181558472114,504.0,0
0.3903910464315123,504.0,0
0.39050027727830344,504.0,0
0.39060950812509454,504.0,0
0.3907187389718857,503.0,0
0.39082796981867685,504.0,0
0.39093720066546794,504.0,0
0.3910464315122591,503.0,0
0.39115566235905025,503.0,0
0.39126489320584135,504.0,0
0.3913741240526325,504.0,0
0.39148335489942365,503.0,0
0.3915925857462148,504.0,0
0.3917018165930059,504.0,0
0.39181104743979706,504.0,0
0.3919202782865882,504.0,0
0.3920295091333793,504.0,0
0.39213873998017046,504.0,0
0.39224797082696156,504.0,0
0.3923572016737527,504.0,0
0.3924664325205438,504.0,0
0.39257566336733496,504.0,0
0.3926848942141261,504.0,0
0.3927941250609172,504.0,0
0.39290335590770836,504.0,0
0.3930125867544995,504.0,0
0.3931218176012906,505.0,0
0.39323104844808177,505.0,0
0.3933402792948729,505.0,0
0.393449510141664,505.0,0
0.39355874098845517,506.0,0
0.3936679718352463,506.0,0
0.3937772026820374,507.0,0
0.3938864335288286,507.0,0
0.3939956643756197,508.0,0
0.3941048952224109,508.0,0
0.394214126069202,508.0,0
0.39432335691599313,510.0,0
0.3944325877627843,510.0,0
0.3945418186095754,510.0,0
0.39465104945636653,511.0,0
0.3947602803031577,511.0,0
0.3948695111499488,512.0,0
0.39497874199673993,512.0,0
0.39508797284353103,513.0,0
0.3951972036903222,513.0,0
0.3953064345371133,513.0,0
0.39541566538390444,513.0,0
0.3955248962306956,514.0,0
0.3956341270774867,513.0,0
0.39574335792427784,513.0,0
0.395852588771069,514.0,0
0.3959618196178601,514.0,0
0.39607105046465124,513.0,0
0.3961802813114424,514.0,0
0.3962895121582335,514.0,0
0.39639874300502465,514.0,0
0.3965079738518158,514.0,0
0.39661720469860695,514.0,0
0.39672643554539805,514.0,0
0.3968356663921892,514.0,0
0.39694489723898035,514.0,0
0.39705412808577145,514.0,0
0.3971633589325626,513.0,0
0.39727258977935376,513.0,0
0.39738182062614485,514.0,0
0.397491051472936,513.0,0
0.39760028231972716,513.0,0
0.39770951316651826,513.0,0
0.3978187440133094,513.0,0
0.3979279748601005,513.0,0
0.39803720570689166,513.0,0
0.39814643655368276,513.0,0
0.3982556674004739,513.0,0
0.39836489824726506,513.0,0
0.39847412909405616,513.0,0
0.3985833599408473,513.0,0
0.39869259078763847,512.0,0
0.39880182163442957,513.0,0
0.3989110524812207,513.0,0
0.39902028332801187,512.0,0
0.399129514174803,512.0,0
0.3992387450215941,513.0,0
0.3993479758683853,513.0,0
0.3994572067151764,512.0,0
0.3995664375619675,512.0,0
0.3996756684087587,513.0,0
0.39978489925554983,512.0,0
0.39989413010234093,512.0,0
0.4000033609491321,513.0,0
0.40011259179592323,513.0,0
0.40022182264271433,512.0,0
0.4003310534895055,512.0,0
0.40044028433629664,513.0,0
0.4005495151830878,512.0,0
0.4006587460298789,512.0,0
0.40076797687667,513.0,0
0.40087720772346114,513.0,0
0.40098643857025223,512.0,0
0.4010956694170434,512.0,0
0.40120490026383454,513.0,0
0.40131413111062564,512.0,0
0.4014233619574168,512.0,0
0.40153259280420794,512.0,0
0.4016418236509991,512.0,0
0.4017510544977902,512.0,0
0.40186028534458135,512.0,0
0.4019695161913725,512.0,0
0.4020787470381636,512.0,0
0.40218797788495475,512.0,0
0.4022972087317459,512.0,0
0.402406439578537,512.0,0
0.40251567042532815,512.0,0
0.4026249012721193,512.0,0
0.4027341321189104,512.0,0
0.40284336296570156,512.0,0
0.4029525938124927,512.0,0
0.40306182465928386,512.0,0
0.40317105550607496,511.0,0
0.4032802863528661,511.0,0
0.40338951719965727,512.0,0
0.40349874804644836,512.0,0
0.40360797889323946,511.0,0
0.4037172097400306,511.0,0
0.4038264405868217,512.0,0
0.40393567143361286,511.0,0
0.404044902280404,511.0,0
0.40415413312719517,511.0,0
0.40426336397398627,512.0,0
0.4043725948207774,511.0,0
0.4044818256675686,511.0,0
0.40459105651435967,512.0,0
0.4047002873611508,512.0,0
0.404809518207942,511.0,0
0.4049187490547331,512.0,0
0.4050279799015242,512.0,0
0.4051372107483154,512.0,0
0.4052464415951065,512.0,0
0.40535567244189763,513.0,0
0.4054649032886888,512.0,0
0.40557413413547994,512.0,0
0.40568336498227103,512.0,0
0.4057925958290622,513.0,0
0.40590182667585334,512.0,0
0.40601105752264444,512.0,0
0.4061202883694356,513.0,0
0.40622951921622674,512.0,0
0.4063387500630178,512.0,0
0.406447980909809,513.0,0
0.4065572117566001,513.0,0
0.40666644260339124,512.0,0
0.40677567345018234,512.0,0
0.40688490429697355,513.0,0
0.40699413514376465,512.0,0
0.4071033659905558,512.0,0
0.4072125968373469,512.0,0
0.40732182768413805,512.0,0
0.40743105853092915,512.0,0
0.40754028937772036,512.0,0
0.40764952022451145,513.0,0
0.4077587510713026,512.0,0
0.4078679819180937,512.0,0
0.4079772127648848,513.0,0
0.408086443611676,513.0,0
0.40819567445846705,512.0,0
0.40830490530525826,512.0,0
0.40841413615204936,513.0,0
0.4085233669988405,513.0,0
0.4086325978456316,512.0,0
0.4087418286924228,513.0,0
0.40885105953921386,513.0,0
0.40896029038600507,512.0,0
0.40906952123279616,513.0,0
0.4091787520795873,513.0,0
0.4092879829263784,513.0,0
0.4093972137731696,512.0,0
0.4095064446199607,513.0,0
0.40961567546675187,513.0,0
0.40972490631354297,513.0,0
0.4098341371603341,513.0,0
0.4099433680071252,513.0,0
0.41005259885391643,513.0,0
0.4101618297007075,512.0,0
0.4102710605474987,512.0,0
0.4103802913942898,513.0,0
0.410489522241081,512.0,0
0.4105987530878721,512.0,0
0.4107079839346631,512.0,0
0.41081721478145433,512.0,0
0.41092644562824543,512.0,0
0.4110356764750366,512.0,0
0.4111449073218277,512.0,0
0.4112541381686189,511.0,0
0.41136336901540993,511.0,0
0.41147259986220114,512.0,0
0.41158183070899224,511.0,0
0.4116910615557834,511.0,0
0.4118002924025745,511.0,0
0.4119095232493657,511.0,0
0.4120187540961568,510.0,0
0.41212798494294794,511.0,0
0.41223721578973904,511.0,0
0.4123464466365302,510.0,0
0.4124556774833213,510.0,0
0.4125649083301125,511.0,0
0.4126741391769036,510.0,0
0.41278337002369475,510.0,0
0.41289260087048585,510.0,0
0.41300183171727706,511.0,0
0.41311106256406815,510.0,0
0.4132202934108593,510.0,0
0.4133295242576504,511.0,0
0.4134387551044415,510.0,0
0.41354798595123266,510.0,0
0.41365721679802375,511.0,0
0.41376644764481496,511.0,0
0.413875678491606,511.0,0
0.4139849093383972,511.0,0
0.4140941401851883,512.0,0
0.41420337103197946,512.0,0
0.41431260187877056,512.0,0
0.41442183272556177,512.0,0
0.41453106357235286,513.0,0
0.414640294419144,512.0,0
0.4147495252659351,513.0,0
0.41485875611272627,513.0,0
0.41496798695951737,513.0,0
0.4150772178063086,513.0,0
0.41518644865309967,513.0,0
0.4152956794998908,513.0,0
0.4154049103466819,513.0,0
0.41551414119347313,513.0,0
0.4156233720402642,514.0,0
0.4157326028870554,513.0,0
0.4158418337338465,513.0,0
0.41595106458063763,514.0,0
0.41606029542742873,514.0,0
0.41616952627421994,513.0,0
0.41627875712101103,513.0,0
0.4163879879678021,514.0,0
0.4164972188145933,513.0,0
0.4166064496613844,513.0,0
0.41671568050817553,514.0,0
0.41682491135496663,513.0,0
0.41693414220175784,513.0,0
0.41704337304854894,513.0,0
0.4171526038953401,513.0,0
0.4172618347421312,513.0,0
0.41737106558892234,513.0,0
0.41748029643571344,513.0,0
0.41758952728250465,513.0,0
0.41769875812929574,513.0,0
0.4178079889760869,513.0,0
0.417917219822878,513.0,0
0.4180264506696692,513.0,0
0.4181356815164603,513.0,0
0.41824491236325145,514.0,0
0.41835414321004255,514.0,0
0.4184633740568337,513.0,0
0.4185726049036248,514.0,0
0.418681835750416,514.0,0
0.4187910665972071,514.0,0
0.41890029744399826,514.0,0
0.41900952829078936,514.0,0
0.41911875913758045,514.0,0
0.4192279899843716,513.0,0
0.4193372208311627,514.0,0
0.4194464516779539,514.0,0
0.419555682524745,514.0,0
0.41966491337153616,513.0,0
0.41977414421832726,514.0,0
0.4198833750651184,514.0,0
0.4199926059119095,513.0,0
0.4201018367587007,513.0,0
0.4202110676054918,514.0,0
0.42032029845228297,513.0,0
0.42042952929907407,513.0,0
0.4205387601458653,513.0,0
0.4206479909926564,513.0,0
0.4207572218394475,513.0,0
0.4208664526862386,513.0,0
0.4209756835330298,513.0,0
0.4210849143798209,513.0,0
0.4211941452266121,512.0,0
0.4213033760734032,513.0,0
0.42141260692019433,513.0,0
0.42152183776698543,512.0,0
0.42163106861377664,512.0,0
0.4217402994605677,513.0,0
0.4218495303073589,513.0,0
0.42195876115415,512.0,0
0.4220679920009411,513.0,0
0.42217722284773224,513.0,0
0.42228645369452333,512.0,0
0.4223956845413145,512.0,0
0.4225049153881056,513.0,0
0.4226141462348968,512.0,0
0.4227233770816879,512.0,0
0.42283260792847904,513.0,0
0.42294183877527014,513.0,0
0.42305106962206135,512.0,0
0.42316030046885245,512.0,0
0.4232695313156436,513.0,0
0.4233787621624347,513.0,0
0.42348799300922585,512.0,0
0.42359722385601695,513.0,0
0.42370645470280816,513.0,0
0.42381568554959925,513.0,0
0.4239249163963904,513.0,0
0.4240341472431815,514.0,0
0.4241433780899727,513.0,0
0.42425260893676375,513.0,0
0.42436183978355496,514.0,0
0.42447107063034606,514.0,0
0.4245803014771372,514.0,0
0.4246895323239283,513.0,0
0.4247987631707194,515.0,0
0.42490799401751056,514.0,0
0.42501722486430166,514.0,0
0.42512645571109287,514.0,0
0.42523568655788396,515.0,0
0.4253449174046751,514.0,0
0.4254541482514662,514.0,0
0.4255633790982574,515.0,0
0.4256726099450485,515.0,0
0.42578184079183967,514.0,0
0.42589107163863077,514.0,0
0.4260003024854219,515.0,0
0.426109533332213,514.0,0
0.42621876417900423,514.0,0
0.4263279950257953,515.0,0
0.4264372258725865,514.0,0
0.4265464567193776,514.0,0
0.4266556875661688,514.0,0
0.4267649184129598,515.0,0
0.42687414925975103,514.0,0
0.42698338010654213,513.0,0
0.4270926109533333,514.0,0
0.4272018418001244,514.0,0
0.4273110726469156,513.0,0
0.42742030349370663,514.0,0
0.42752953434049784,514.0,0
0.42763876518728894,513.0,0
0.42774799603408004,513.0,0
0.4278572268808712,514.0,0
0.4279664577276623,514.0,0
0.4280756885744535,513.0,0
0.4281849194212446,513.0,0
0.42829415026803574,514.0,0
0.42840338111482684,513.0,0
0.428512611961618,513.0,0
0.4286218428084091,514.0,0
0.4287310736552003,514.0,0
0.4288403045019914,513.0,0
0.42894953534878255,513.0,0
0.42905876619557365,514.0,0
0.42916799704236486,513.0,0
0.4292772278891559,513.0,0
0.4293864587359471,513.0,0
0.4294956895827382,514.0,0
0.42960492042952936,513.0,0
0.42971415127632046,513.0,0
0.42982338212311166,514.0,0
0.4299326129699027,513.0,0
0.4300418438166939,513.0,0
0.430151074663485,513.0,0
0.43026030551027616,514.0,0
0.43036953635706726,513.0,0
0.43047876720385836,513.0,0
0.43058799805064957,514.0,0
0.43069722889744066,514.0,0
0.4308064597442318,513.0,0
0.4309156905910229,514.0,0
0.43102492143781407,514.0,0
0.43113415228460517,514.0,0
0.4312433831313964,514.0,0
0.43135261397818747,515.0,0
0.4314618448249786,514.0,0
0.4315710756717697,513.0,0
0.43168030651856093,514.0,0
0.43178953736535197,515.0,0
0.4318987682121432,514.0,0
0.4320079990589343,514.0,0
0.43211722990572543,514.0,0
0.43222646075251653,514.0,0
0.43233569159930774,513.0,0
0.4324449224460988,514.0,0
0.43255415329289,514.0,0
0.4326633841396811,514.0,0
0.43277261498647224,514.0,0
0.43288184583326333,514.0,0
0.43299107668005454,514.0,0
0.43310030752684564,514.0,0
0.4332095383736368,514.0,0
0.4333187692204279,514.0,0
0.433428000067219,514.0,0
0.43353723091401014,515.0,0
0.43364646176080124,515.0,0
0.43375569260759245,515.0,0
0.43386492345438354,514.0,0
0.4339741543011747,515.0,0
0.4340833851479658,515.0,0
0.434192615994757,515.0,0
0.43430184684154804,515.0,0
0.43441107768833925,515.0,0
0.43452030853513035,515.0,0
0.4346295393819215,515.0,0
0.4347387702287126,515.0,0
0.4348480010755038,515.0,0
0.43495723192229485,515.0,0
0.43506646276908606,515.0,0
0.43517569361587716,515.0,0
0.4352849244626683,515.0,0
0.4353941553094594,515.0,0
0.4355033861562506,515.0,0
0.4356126170030417,515.0,0
0.43572184784983287,515.0,0
0.43583107869662396,515.0,0
0.4359403095434151,515.0,0
0.4360495403902062,515.0,0
0.4361587712369973,515.0,0
0.4362680020837885,515.0,0
0.4363772329305796,515.0,0
0.43648646377737077,515.0,0
0.43659569462416187,515.0,0
0.4367049254709531,515.0,0
0.4368141563177441,515.0,0
0.4369233871645353,515.0,0
0.4370326180113264,516.0,0
0.4371418488581176,515.0,0
0.4372510797049087,515.0,0
0.4373603105516999,516.0,0
0.4374695413984909,516.0,0
0.43757877224528213,516.0,0
0.43768800309207323,516.0,0
0.4377972339388644,516.0,0
0.4379064647856555,517.0,0
0.4380156956324467,516.0,0
0.4381249264792378,518.0,0
0.43823415732602894,518.0,0
0.43834338817282004,518.0,0
0.4384526190196112,518.0,0
0.4385618498664023,518.0,0
0.4386710807131935,518.0,0
0.4387803115599846,518.0,0
0.43888954240677575,519.0,0
0.43899877325356684,519.0,0
0.43910800410035794,519.0,0
0.43921723494714915,519.0,0
0.4393264657939402,519.0,0
0.4394356966407314,519.0,0
0.4395449274875225,519.0,0
0.43965415833431365,519.0,0
0.43976338918110475,519.0,0
0.43987262002789596,519.0,0
0.439981850874687,518.0,0
0.4400910817214782,519.0,0
0.4402003125682693,518.0,0
0.44030954341506046,518.0,0
0.44041877426185155,518.0,0
0.44052800510864276,518.0,0
0.44063723595543386,518.0,0
0.440746466802225,518.0,0
0.4408556976490161,518.0,0
0.44096492849580726,517.0,0
0.44107415934259836,516.0,0
0.44118339018938957,517.0,0
0.44129262103618067,516.0,0
0.4414018518829718,516.0,0
0.4415110827297629,515.0,0
0.4416203135765541,516.0,0
0.4417295444233452,515.0,0
0.44183877527013626,515.0,0
0.44194800611692747,515.0,0
0.44205723696371857,515.0,0
0.4421664678105097,515.0,0
0.4422756986573008,515.0,0
0.44238492950409203,515.0,0
0.44249416035088307,515.0,0
0.4426033911976743,514.0,0
0.4427126220444654,515.0,0
0.44282185289125653,515.0,0
0.4429310837380476,514.0,0
0.44304031458483883,514.0,0
0.44314954543162993,514.0,0
0.4432587762784211,514.0,0
0.4433680071252122,514.0,0
0.44347723797200334,514.0,0
0.44358646881879443,514.0,0
0.44369569966558564,514.0,0
0.44380493051237674,514.0,0
0.4439141613591679,514.0,0
0.444023392205959,514.0,0
0.4441326230527502,513.0,0
0.4442418538995413,514.0,0
0.44435108474633245,514.0,0
0.44446031559312354,513.0,0
0.4445695464399147,513.0,0
0.4446787772867058,513.0,0
0.4447880081334969,513.0,0
0.4448972389802881,513.0,0
0.44500646982707914,513.0,0
0.44511570067387035,513.0,0
0.44522493152066145,513.0,0
0.4453341623674526,513.0,0
0.4454433932142437,513.0,0
0.4455526240610349,513.0,0
0.445661854907826,512.0,0
0.44577108575461716,512.0,0
0.44588031660140826,512.0,0
0.4459895474481994,512.0,0
0.4460987782949905,512.0,0
0.4462080091417817,512.0,0
0.4463172399885728,512.0,0
0.44642647083536396,511.0,0
0.44653570168215506,511.0,0
0.44664493252894627,511.0,0
0.44675416337573737,511.0,0
0.4468633942225285,511.0,0
0.4469726250693196,511.0,0
0.44708185591611077,511.0,0
0.44719108676290187,510.0,0
0.4473003176096931,511.0,0
0.4474095484564842,510.0,0
0.4475187793032752,510.0,0
0.4476280101500664,510.0,0
0.4477372409968575,510.0,0
0.4478464718436487,510.0,0
0.44795570269043977,510.0,0
0.448064933537231,510.0,0
0.4481741643840221,510.0,0
0.44828339523081323,509.0,0
0.44839262607760433,509.0,0
0.4485018569243955,510.0,0
0.4486110877711866,509.0,0
0.4487203186179778,508.0,0
0.4488295494647689,509.0,0
0.44893878031156004,509.0,0
0.44904801115835113,508.0,0
0.44915724200514234,508.0,0
0.44926647285193344,509.0,0
0.4493757036987246,509.0,0
0.4494849345455157,508.0,0
0.44959416539230684,508.0,0
0.44970339623909794,509.0,0
0.44981262708588915,508.0,0
0.44992185793268025,509.0,0
0.4500310887794714,509.0,0
0.4501403196262625,509.0,0
0.4502495504730536,509.0,0
0.45035878131984475,510.0,0
0.45046801216663584,510.0,0
0.45057724301342705,509.0,0
0.45068647386021815,510.0,0
0.4507957047070093,510.0,0
0.4509049355538004,510.0,0
0.45101416640059155,510.0,0
0.45112339724738265,510.0,0
0.45123262809417386,510.0,0
0.45134185894096496,510.0,0
0.4514510897877561,510.0,0
0.4515603206345472,510.0,0
0.4516695514813384,510.0,0
0.4517787823281295,510.0,0
0.45188801317492067,510.0,0
0.45199724402171176,510.0,0
0.4521064748685029,510.0,0
0.452215705715294,510.0,0
0.4523249365620852,510.0,0
0.4524341674088763,510.0,0
0.4525433982556675,510.0,0
0.45265262910245857,510.0,0
0.4527618599492498,510.0,0
0.4528710907960408,510.0,0
0.45298032164283203,510.0,0
0.4530895524896231,510.0,0
0.4531987833364142,511.0,0
0.4533080141832054,510.0,0
0.4534172450299965,510.0,0
0.4535264758767876,510.0,0
0.4536357067235787,510.0,0
0.45374493757036993,510.0,0
0.45385416841716103,510.0,0
0.4539633992639522,510.0,0
0.4540726301107433,510.0,0
0.4541818609575345,510.0,0
0.4542910918043256,510.0,0
0.45440032265111674,510.0,0
0.45450955349790784,510.0,0
0.454618784344699,510.0,0
0.4547280151914901,510.0,0
0.4548372460382813,510.0,0
0.4549464768850724,510.0,0
0.45505570773186355,510.0,0
0.45516493857865464,510.0,0
0.45527416942544585,510.0,0
0.4553834002722369,510.0,0
0.4554926311190281,510.0,0
0.4556018619658192,510.0,0
0.45571109281261035,509.0,0
0.45582032365940145,510.0,0
0.45592955450619255,509.0,0
0.4560387853529837,509.0,0
0.4561480161997748,509.0,0
0.456257247046566,509.0,0
0.4563664778933571,509.0,0
0.45647570874014826,509.0,0
0.45658493958693935,509.0,0
0.45669417043373056,508.0,0
0.45680340128052166,508.0,0
0.4569126321273128,508.0,0
0.4570218629741039,508.0,0
0.45713109382089506,508.0,0
0.45724032466768616,508.0,0
0.45734955551447737,508.0,0
0.45745878636126847,508.0,0
0.4575680172080596,508.0,0
0.4576772480548507,508.0,0
0.4577864789016419,508.0,0
0.45789570974843297,508.0,0
0.4580049405952242,508.0,0
0.45811417144201527,509.0,0
0.4582234022888064,509.0,0
0.4583326331355975,509.0,0
0.45844186398238873,510.0,0
0.4585510948291798,510.0,0
0.458660325675971,510.0,0
0.4587695565227621,510.0,0
0.4588787873695532,511.0,0
0.45898801821634433,511.0,0
0.4590972490631354,511.0,0
0.45920647990992663,511.0,0
0.45931571075671773,512.0,0
0.4594249416035089,511.0,0
0.4595341724503,512.0,0
0.45964340329709114,512.0,0
0.45975263414388223,512.0,0
0.45986186499067344,512.0,0
0.45997109583746454,513.0,0
0.4600803266842557,513.0,0
0.4601895575310468,513.0,0
0.460298788377838,513.0,0
0.46040801922462904,514.0,0
0.46051725007142025,513.0,0
0.46062648091821135,514.0,0
0.4607357117650025,514.0,0
0.4608449426117936,514.0,0
0.4609541734585848,514.0,0
0.46106340430537585,515.0,0
0.46117263515216705,515.0,0
0.46128186599895815,515.0,0
0.4613910968457493,515.0,0
0.4615003276925404,515.0,0
0.4616095585393315,515.0,0
0.4617187893861227,515.0,0
0.4618280202329138,515.0,0
0.46193725107970496,516.0,0
0.46204648192649606,515.0,0
0.4621557127732872,516.0,0
0.4622649436200783,516.0,0
0.4623741744668695,516.0,0
0.4624834053136606,516.0,0
0.46259263616045176,516.0,0
0.46270186700724286,516.0,0
0.46281109785403407,516.0,0
0.4629203287008251,516.0,0
0.4630295595476163,518.0,0
0.4631387903944074,516.0,0
0.46324802124119857,517.0,0
0.46335725208798967,517.0,0
0.4634664829347809,518.0,0
0.4635757137815719,516.0,0
0.4636849446283631,517.0,0
0.4637941754751542,517.0,0
0.4639034063219454,516.0,0
0.4640126371687365,516.0,0
0.4641218680155277,516.0,0
0.4642310988623188,516.0,0
0.46434032970910993,516.0,0
0.46444956055590103,516.0,0
0.46455879140269213,516.0,0
0.4646680222494833,515.0,0
0.4647772530962744,515.0,0
0.4648864839430656,516.0,0
0.4649957147898567,515.0,0
0.46510494563664784,515.0,0
0.46521417648343893,515.0,0
0.46532340733023014,515.0,0
0.4654326381770212,515.0,0
0.4655418690238124,515.0,0
0.4656510998706035,515.0,0
0.46576033071739464,515.0,0
0.46586956156418574,515.0,0
0.46597879241097695,515.0,0
0.466088023257768,515.0,0
0.4661972541045592,515.0,0
0.4663064849513503,514.0,0
0.46641571579814145,515.0,0
0.46652494664493255,515.0,0
0.46663417749172376,514.0,0
0.46674340833851485,514.0,0
0.466852639185306,515.0,0
0.4669618700320971,514.0,0
0.46707110087888826,513.0,0
0.46718033172567935,514.0,0
0.46728956257247045,514.0,0
0.46739879341926166,513.0,0
0.46750802426605276,513.0,0
0.4676172551128439,514.0,0
0.467726485959635,513.0,0
0.4678357168064262,513.0,0
0.46794494765321726,513.0,0
0.46805417850000847,513.0,0
0.46816340934679956,513.0,0
0.4682726401935907,513.0,0
0.4683818710403818,513.0,0
0.468491101887173,513.0,0
0.46860033273396406,513.0,0
0.4687095635807553,513.0,0
0.46881879442754637,513.0,0
0.4689280252743375,513.0,0
0.4690372561211286,513.0,0
0.46914648696791983,513.0,0
0.4692557178147109,513.0,0
0.4693649486615021,512.0,0
0.4694741795082932,512.0,0
0.46958341035508433,513.0,0
0.4696926412018754,512.0,0
0.46980187204866664,512.0,0
0.46991110289545773,512.0,0
0.4700203337422489,512.0,0
0.47012956458904,511.0,0
0.4702387954358311,512.0,0
0.4703480262826223,512.0,0
0.47045725712941333,511.0,0
0.47056648797620454,511.0,0
0.47067571882299564,511.0,0
0.4707849496697868,511.0,0
0.4708941805165779,510.0,0
0.4710034113633691,510.0,0
0.47111264221016014,511.0,0
0.47122187305695135,510.0,0
0.47133110390374244,510.0,0
0.4714403347505336,510.0,0
0.4715495655973247,510.0,0
0.4716587964441159,510.0,0
0.471768027290907,510.0,0
0.47187725813769815,510.0,0
0.47198648898448925,510.0,0
0.4720957198312804,510.0,0
0.4722049506780715,511.0,0
0.4723141815248627,510.0,0
0.4724234123716538,510.0,0
0.47253264321844496,510.0,0
0.47264187406523606,510.0,0
0.47275110491202726,510.0,0
0.47286033575881836,510.0,0
0.4729695666056094,510.0,0
0.4730787974524006,510.0,0
0.4731880282991917,510.0,0
0.47329725914598286,510.0,0
0.47340648999277396,510.0,0
0.47351572083956517,510.0,0
0.4736249516863562,510.0,0
0.4737341825331474,510.0,0
0.4738434133799385,510.0,0
0.47395264422672967,510.0,0
0.47406187507352077,510.0,0
0.474171105920312,510.0,0
0.4742803367671031,509.0,0
0.4743895676138942,509.0,0
0.4744987984606853,510.0,0
0.4746080293074765,509.0,0
0.4747172601542676,509.0,0
0.4748264910010588,509.0,0
0.4749357218478499,509.0,0
0.47504495269464103,509.0,0
0.47515418354143213,509.0,0
0.47526341438822334,509.0,0
0.47537264523501443,508.0,0
0.4754818760818056,508.0,0
0.4755911069285967,508.0,0
0.47570033777538784,508.0,0
0.47580956862217894,508.0,0
0.47591879946897003,508.0,0
0.47602803031576124,508.0,0
0.4761372611625523,508.0,0
0.4762464920093435,508.0,0
0.4763557228561346,508.0,0
0.47646495370292574,508.0,0
0.47657418454971684,508.0,0
0.47668341539650805,508.0,0
0.47679264624329915,508.0,0
0.4769018770900903,508.0,0
0.4770111079368814,508.0,0
0.47712033878367255,508.0,0
0.47722956963046365,508.0,0
0.47733880047725485,508.0,0
0.47744803132404595,508.0,0
0.4775572621708371,508.0,0
0.4776664930176282,508.0,0
0.4777757238644194,508.0,0
0.4778849547112105,508.0,0
0.47799418555800166,508.0,0
0.47810341640479276,508.0,0
0.4782126472515839,508.0,0
0.478321878098375,508.0,0
0.4784311089451662,508.0,0
0.4785403397919573,508.0,0
0.47864957063874836,508.0,0
0.47875880148553956,508.0,0
0.47886803233233066,508.0,0
0.4789772631791218,508.0,0
0.4790864940259129,508.0,0
0.4791957248727041,508.0,0
0.4793049557194952,508.0,0
0.47941418656628637,508.0,0
0.47952341741307747,508.0,0
0.4796326482598686,508.0,0
0.4797418791066597,508.0,0
0.4798511099534509,508.0,0
0.479960340800242,508.0,0
0.4800695716470332,508.0,0
0.4801788024938243,508.0,0
0.4802880333406155,508.0,0
0.4803972641874066,508.0,0
0.48050649503419773,509.0,0
0.48061572588098883,509.0,0
0.48072495672778,509.0,0
0.4808341875745711,509.0,0
0.4809434184213623,509.0,0
0.4810526492681534,509.0,0
0.48116188011494454,509.0,0
0.48127111096173564,509.0,0
0.48138034180852685,509.0,0
0.4814895726553179,509.0,0
0.481598803502109,509.0,0
0.4817080343489002,509.0,0
0.4818172651956913,509.0,0
0.48192649604248244,509.0,0
0.48203572688927354,510.0,0
0.4821449577360647,509.0,0
0.4822541885828558,509.0,0
0.482363419429647,510.0,0
0.4824726502764381,510.0,0
0.48258188112322925,510.0,0
0.48269111197002035,510.0,0
0.48280034281681156,510.0,0
0.48290957366360265,510.0,0
0.4830188045103938,510.0,0
0.4831280353571849,510.0,0
0.48323726620397606,510.0,0
0.48334649705076715,510.0,0
0.48345572789755836,510.0,0
0.48356495874434946,511.0,0
0.4836741895911406,510.0,0
0.4837834204379317,511.0,0
0.4838926512847229,511.0,0
0.48400188213151396,511.0,0
0.48411111297830517,510.0,0
0.48422034382509627,511.0,0
0.48432957467188736,511.0,0
0.4844388055186785,510.0,0
0.4845480363654696,510.0,0
0.48465726721226077,511.0,0
0.48476649805905186,510.0,0
0.4848757289058431,510.0,0
0.48498495975263417,510.0,0
0.4850941905994253,511.0,0
0.4852034214462164,510.0,0
0.48531265229300763,511.0,0
0.4854218831397987,511.0,0
0.4855311139865899,511.0,0
0.485640344833381,511.0,0
0.48574957568017213,511.0,0
0.4858588065269632,511.0,0
0.48596803737375444,511.0,0
0.48607726822054553,511.0,0
0.4861864990673367,512.0,0
0.4862957299141278,512.0,0
0.486404960760919,512.0,0
0.48651419160771003,512.0,0
0.48662342245450124,512.0,0
0.48673265330129234,512.0,0
0.4868418841480835,512.0,0
0.4869511149948746,513.0,0
0.4870603458416657,513.0,0
0.48716957668845684,513.0,0
0.48727880753524794,513.0,0
0.48738803838203915,513.0,0
0.48749726922883024,513.0,0
0.4876065000756214,514.0,0
0.4877157309224125,514.0,0
0.4878249617692037,514.0,0
0.4879341926159948,514.0,0
0.48804342346278595,515.0,0
0.48815265430957705,515.0,0
0.4882618851563682,514.0,0
0.4883711160031593,515.0,0
0.4884803468499505,515.0,0
0.4885895776967416,515.0,0
0.48869880854353276,514.0,0
0.48880803939032386,515.0,0
0.48891727023711506,514.0,0
0.4890265010839061,513.0,0
0.4891357319306973,514.0,0
0.4892449627774884,514.0,0
0.48935419362427957,513.0,0
0.48946342447107066,513.0,0
0.48957265531786187,513.0,0
0.4896818861646529,513.0,0
0.4897911170114441,512.0,0
0.4899003478582352,512.0,0
0.4900095787050263,512.0,0
0.49011880955181747,512.0,0
0.49022804039860857,511.0,0
0.4903372712453998,512.0,0
0.4904465020921909,511.0,0
0.490555732938982,510.0,0
0.4906649637857731,510.0,0
0.4907741946325643,511.0,0
0.4908834254793554,510.0,0
0.4909926563261466,509.0,0
0.4911018871729377,510.0,0
0.49121111801972883,509.0,0
0.49132034886651993,508.0,0
0.49142957971331114,508.0,0
0.4915388105601022,508.0,0
0.4916480414068934,508.0,0
0.4917572722536845,508.0,0
0.49186650310047564,508.0,0
0.49197573394726674,508.0,0
0.49208496479405794,508.0,0
0.492194195640849,507.0,0
0.4923034264876402,508.0,0
0.4924126573344313,507.0,0
0.49252188818122244,507.0,0
0.49263111902801354,507.0,0
0.49274034987480464,507.0,0
0.49284958072159585,506.0,0
0.49295881156838695,505.0,0
0.4930680424151781,506.0,0
0.4931772732619692,505.0,0
0.49328650410876035,505.0,0
0.49339573495555145,505.0,0
0.49350496580234265,505.0,0
0.49361419664913375,505.0,0
0.4937234274959249,505.0,0
0.493832658342716,505.0,0
0.4939418891895072,505.0,0
0.49405112003629825,505.0,0
0.49416035088308946,505.0,0
0.49426958172988056,505.0,0
0.4943788125766717,505.0,0
0.4944880434234628,505.0,0
0.494597274270254,506.0,0
0.49470650511704506,506.0,0
0.49481573596383627,505.0,0
0.49492496681062736,506.0,0
0.4950341976574185,507.0,0
0.4951434285042096,507.0,0
0.4952526593510008,507.0,0
0.4953618901977919,507.0,0
0.4954711210445831,508.0,0
0.49558035189137417,507.0,0
0.49568958273816527,507.0,0
0.4957988135849564,508.0,0
0.4959080444317475,508.0,0
0.4960172752785387,508.0,0
0.4961265061253298,508.0,0
0.496235736972121,509.0,0
0.4963449678189121,509.0,0
0.4964541986657033,510.0,0
0.4965634295124943,510.0,0
0.49667266035928553,510.0,0
0.49678189120607663,510.0,0
0.4968911220528678,511.0,0
0.4970003528996589,511.0,0
0.4971095837464501,511.0,0
0.49721881459324113,512.0,0
0.49732804544003234,512.0,0
0.49743727628682344,512.0,0
0.4975465071336146,512.0,0
0.4976557379804057,513.0,0
0.4977649688271969,513.0,0
0.497874199673988,513.0,0
0.49798343052077915,513.0,0
0.49809266136757024,514.0,0
0.4982018922143614,513.0,0
0.4983111230611525,513.0,0
0.4984203539079436,515.0,0
0.4985295847547348,514.0,0
0.4986388156015259,514.0,0
0.49874804644831705,514.0,0
0.49885727729510815,515.0,0
0.49896650814189936,514.0,0
0.4990757389886904,513.0,0
0.4991849698354816,514.0,0
0.4992942006822727,514.0,0
0.49940343152906386,513.0,0
0.49951266237585495,514.0,0
0.49962189322264616,514.0,0
0.4997311240694372,513.0,0
0.4998403549162284,513.0,0
0.4999495857630195,513.0,0
0.5000588166098107,513.0,0
0.5001680474566018,513.0,0
0.500277278303393,513.0,0
0.500386509150184,513.0,0
0.5004957399969753,512.0,0
0.5006049708437663,512.0,0
0.5007142016905575,512.0,0
0.5008234325373486,512.0,0
0.5009326633841398,512.0,0
0.5010418942309308,512.0,0
0.5011511250777221,512.0,0
0.5012603559245131,512.0,0
0.5013695867713042,512.0,0
0.5014788176180954,512.0,0
0.5015880484648865,511.0,0
0.5016972793116776,511.0,0
0.5018065101584688,511.0,0
0.5019157410052599,511.0,0
0.5020249718520511,511.0,0
0.5021342026988422,511.0,0
0.5022434335456333,511.0,0
0.5023526643924245,511.0,0
0.5024618952392156,510.0,0
0.5025711260860067,511.0,0
0.5026803569327979,510.0,0
0.502789587779589,510.0,0
0.5028988186263801,510.0,0
0.5030080494731713,510.0,0
0.5031172803199624,510.0,0
0.5032265111667535,510.0,0
0.5033357420135447,510.0,0
0.5034449728603358,511.0,0
0.5035542037071269,510.0,0
0.5036634345539182,510.0,0
0.5037726654007092,511.0,0
0.5038818962475003,511.0,0
0.5039911270942915,510.0,0
0.5041003579410825,511.0,0
0.5042095887878737,511.0,0
0.5043188196346648,511.0,0
0.504428050481456,511.0,0
0.5045372813282472,512.0,0
0.5046465121750383,511.0,0
0.5047557430218294,511.0,0
0.5048649738686206,511.0,0
0.5049742047154117,512.0,0
0.5050834355622028,512.0,0
0.505192666408994,512.0,0
0.5053018972557851,512.0,0
0.5054111281025762,512.0,0
0.5055203589493674,512.0,0
0.5056295897961585,512.0,0
0.5057388206429496,513.0,0
0.5058480514897408,512.0,0
0.5059572823365319,512.0,0
0.506066513183323,513.0,0
0.5061757440301142,512.0,0
0.5062849748769053,512.0,0
0.5063942057236964,512.0,0
0.5065034365704876,512.0,0
0.5066126674172787,512.0,0
0.5067218982640698,512.0,0
0.506831129110861,512.0,0
0.5069403599576521,512.0,0
0.5070495908044432,511.0,0
0.5071588216512344,512.0,0
0.5072680524980254,512.0,0
0.5073772833448167,511.0,0
0.5074865141916077,511.0,0
0.5075957450383989,511.0,0
0.50770497588519,511.0,0
0.5078142067319812,510.0,0
0.5079234375787722,510.0,0
0.5080326684255635,511.0,0
0.5081418992723545,510.0,0
0.5082511301191457,510.0,0
0.5083603609659368,510.0,0
0.508469591812728,510.0,0
0.508578822659519,510.0,0
0.5086880535063103,510.0,0
0.5087972843531013,510.0,0
0.5089065151998925,510.0,0
0.5090157460466836,510.0,0
0.5091249768934748,510.0,0
0.5092342077402658,510.0,0
0.5093434385870571,510.0,0
0.5094526694338481,510.0,0
0.5095619002806393,510.0,0
0.5096711311274305,510.0,0
0.5097803619742215,510.0,0
0.5098895928210128,510.0,0
0.5099988236678038,510.0,0
0.510108054514595,510.0,0
0.5102172853613861,510.0,0
0.5103265162081773,510.0,0
0.5104357470549683,510.0,0
0.5105449779017596,511.0,0
0.5106542087485506,511.0,0
0.5107634395953418,511.0,0
0.5108726704421329,511.0,0
0.5109819012889241,511.0,0
0.5110911321357151,511.0,0
0.5112003629825064,511.0,0
0.5113095938292974,511.0,0
0.5114188246760886,511.0,0
0.5115280555228797,511.0,0
0.5116372863696709,511.0,0
0.5117465172164619,511.0,0
0.5118557480632532,511.0,0
0.5119649789100442,511.0,0
0.5120742097568354,511.0,0
0.5121834406036265,511.0,0
0.5122926714504177,511.0,0
0.5124019022972088,511.0,0
0.512511133144,511.0,0
0.512620363990791,511.0,0
0.5127295948375822,510.0,0
0.5128388256843733,510.0,0
0.5129480565311644,510.0,0
0.5130572873779556,510.0,0
0.5131665182247467,510.0,0
0.5132757490715378,510.0,0
0.513384979918329,509.0,0
0.5134942107651201,509.0,0
0.5136034416119112,509.0,0
0.5137126724587024,508.0,0
0.5138219033054935,508.0,0
0.5139311341522846,508.0,0
0.5140403649990758,508.0,0
0.514149595845867,508.0,0
0.514258826692658,508.0,0
0.5143680575394493,508.0,0
0.5144772883862403,508.0,0
0.5145865192330314,508.0,0
0.5146957500798226,508.0,0
0.5148049809266138,508.0,0
0.5149142117734049,508.0,0
0.5150234426201961,508.0,0
0.5151326734669871,508.0,0
0.5152419043137783,508.0,0
0.5153511351605694,508.0,0
0.5154603660073604,508.0,0
0.5155695968541517,508.0,0
0.5156788277009428,508.0,0
0.5157880585477339,507.0,0
0.5158972893945251,508.0,0
0.5160065202413162,508.0,0
0.5161157510881073,508.0,0
0.5162249819348985,508.0,0
0.5163342127816896,508.0,0
0.5164434436284807,508.0,0
0.5165526744752719,508.0,0
0.516661905322063,508.0,0
0.5167711361688541,508.0,0
0.5168803670156453,508.0,0
0.5169895978624364,508.0,0
0.5170988287092275,508.0,0
0.5172080595560187,508.0,0
0.5173172904028098,508.0,0
0.517426521249601,508.0,0
0.5175357520963921,508.0,0
0.5176449829431832,508.0,0
0.5177542137899743,508.0,0
0.5178634446367655,509.0,0
0.5179726754835566,508.0,0
0.5180819063303478,508.0,0
0.5181911371771389,508.0,0
0.51830036802393,509.0,0
0.5184095988707211,508.0,0
0.5185188297175123,508.0,0
0.5186280605643033,508.0,0
0.5187372914110946,508.0,0
0.5188465222578856,508.0,0
0.5189557531046768,508.0,0
0.5190649839514679,508.0,0
0.5191742147982591,508.0,0
0.5192834456450501,508.0,0
0.5193926764918414,508.0,0
0.5195019073386324,508.0,0
0.5196111381854236,508.0,0
0.5197203690322147,508.0,0
0.5198295998790059,508.0,0
0.519938830725797,507.0,0
0.5200480615725882,507.0,0
0.5201572924193792,507.0,0
0.5202665232661704,507.0,0
0.5203757541129616,506.0,0
0.5204849849597527,507.0,0
0.5205942158065439,506.0,0
0.520703446653335,505.0,0
0.520812677500126,505.0,0
0.5209219083469172,506.0,0
0.5210311391937084,505.0,0
0.5211403700404994,505.0,0
0.5212496008872907,505.0,0
0.5213588317340817,505.0,0
0.5214680625808729,504.0,0
0.521577293427664,504.0,0
0.5216865242744552,505.0,0
0.5217957551212462,505.0,0
0.5219049859680375,504.0,0
0.5220142168148285,505.0,0
0.5221234476616197,505.0,0
0.5222326785084108,505.0,0
0.522341909355202,505.0,0
0.5224511402019931,506.0,0
0.5225603710487843,505.0,0
0.5226696018955753,505.0,0
0.5227788327423665,506.0,0
0.5228880635891576,507.0,0
0.5229972944359488,506.0,0
0.5231065252827399,506.0,0
0.5232157561295311,507.0,0
0.5233249869763221,507.0,0
0.5234342178231133,507.0,0
0.5235434486699044,507.0,0
0.5236526795166956,507.0,0
0.5237619103634867,507.0,0
0.5238711412102778,507.0,0
0.5239803720570689,508.0,0
0.5240896029038601,507.0,0
0.5241988337506512,507.0,0
0.5243080645974423,508.0,0
0.5244172954442335,508.0,0
0.5245265262910246,507.0,0
0.5246357571378157,507.0,0
0.5247449879846069,508.0,0
0.524854218831398,507.0,0
0.5249634496781892,507.0,0
0.5250726805249804,508.0,0
0.5251819113717714,508.0,0
0.5252911422185625,507.0,0
0.5254003730653537,507.0,0
0.5255096039121449,508.0,0
0.525618834758936,507.0,0
0.5257280656057272,507.0,0
0.5258372964525182,508.0,0
0.5259465272993094,508.0,0
0.5260557581461005,507.0,0
0.5261649889928917,507.0,0
0.5262742198396828,508.0,0
0.526383450686474,507.0,0
0.526492681533265,507.0,0
0.5266019123800563,508.0,0
0.5267111432268473,508.0,0
0.5268203740736384,508.0,0
0.5269296049204296,508.0,0
0.5270388357672207,508.0,0
0.5271480666140118,508.0,0
0.527257297460803,508.0,0
0.5273665283075941,508.0,0
0.5274757591543853,508.0,0
0.5275849900011764,508.0,0
0.5276942208479675,508.0,0
0.5278034516947586,508.0,0
0.5279126825415498,508.0,0
0.5280219133883409,508.0,0
0.5281311442351321,509.0,0
0.5282403750819232,509.0,0
0.5283496059287143,508.0,0
0.5284588367755054,508.0,0
0.5285680676222966,509.0,0
0.5286772984690877,508.0,0
0.5287865293158789,508.0,0
0.52889576016267,508.0,0
0.5290049910094611,509.0,0
0.5291142218562523,508.0,0
0.5292234527030434,508.0,0
0.5293326835498345,509.0,0
0.5294419143966257,509.0,0
0.5295511452434167,508.0,0
0.5296603760902079,509.0,0
0.529769606936999,509.0,0
0.5298788377837902,508.0,0
0.5299880686305813,508.0,0
0.5300972994773725,509.0,0
0.5302065303241635,508.0,0
0.5303157611709547,508.0,0
0.5304249920177458,508.0,0
0.530534222864537,509.0,0
0.5306434537113282,508.0,0
0.5307526845581193,508.0,0
0.5308619154049103,509.0,0
0.5309711462517015,508.0,0
0.5310803770984927,508.0,0
0.5311896079452838,509.0,0
0.531298838792075,508.0,0
0.5314080696388661,508.0,0
0.5315173004856572,508.0,0
0.5316265313324484,509.0,0
0.5317357621792395,508.0,0
0.5318449930260306,508.0,0
0.5319542238728218,508.0,0
0.5320634547196129,508.0,0
0.532172685566404,508.0,0
0.5322819164131952,508.0,0
0.5323911472599863,508.0,0
0.5325003781067774,508.0,0
0.5326096089535686,508.0,0
0.5327188398003596,508.0,0
0.5328280706471508,508.0,0
0.5329373014939419,508.0,0
0.5330465323407331,508.0,0
0.5331557631875242,508.0,0
0.5332649940343154,507.0,0
0.5333742248811064,507.0,0
0.5334834557278976,507.0,0
0.5335926865746887,507.0,0
0.5337019174214799,506.0,0
0.533811148268271,506.0,0
0.5339203791150622,506.0,0
0.5340296099618532,506.0,0
0.5341388408086445,505.0,0
0.5342480716554355,505.0,0
0.5343573025022267,505.0,0
0.5344665333490178,505.0,0
0.534575764195809,505.0,0
0.5346849950426,505.0,0
0.5347942258893913,505.0,0
0.5349034567361823,504.0,0
0.5350126875829735,504.0,0
0.5351219184297646,505.0,0
0.5352311492765557,504.0,0
0.5353403801233468,504.0,0
0.535449610970138,504.0,0
0.5355588418169291,504.0,0
0.5356680726637203,504.0,0
0.5357773035105114,504.0,0
0.5358865343573025,504.0,0
0.5359957652040936,504.0,0
0.5361049960508848,504.0,0
0.536214226897676,504.0,0
0.5363234577444671,504.0,0
0.5364326885912583,504.0,0
0.5365419194380493,504.0,0
0.5366511502848406,504.0,0
0.5367603811316316,504.0,0
0.5368696119784228,504.0,0
0.5369788428252139,504.0,0
0.5370880736720051,504.0,0
0.5371973045187961,503.0,0
0.5373065353655874,503.0,0
0.5374157662123784,504.0,0
0.5375249970591696,504.0,0
0.5376342279059607,503.0,0
0.5377434587527519,504.0,0
0.5378526895995429,504.0,0
0.5379619204463342,503.0,0
0.5380711512931252,503.0,0
0.5381803821399164,504.0,0
0.5382896129867075,504.0,0
0.5383988438334986,504.0,0
0.5385080746802897,504.0,0
0.5386173055270809,504.0,0
0.538726536373872,504.0,0
0.5388357672206632,504.0,0
0.5389449980674543,504.0,0
0.5390542289142454,504.0,0
0.5391634597610366,504.0,0
0.5392726906078277,504.0,0
0.5393819214546188,504.0,0
0.53949115230141,504.0,0
0.5396003831482011,504.0,0
0.5397096139949922,504.0,0
0.5398188448417834,504.0,0
0.5399280756885745,504.0,0
0.5400373065353656,504.0,0
0.5401465373821568,504.0,0
0.5402557682289479,504.0,0
0.540364999075739,504.0,0
0.5404742299225302,504.0,0
0.5405834607693213,504.0,0
0.5406926916161124,503.0,0
0.5408019224629036,503.0,0
0.5409111533096946,504.0,0
0.5410203841564858,503.0,0
0.5411296150032769,502.0,0
0.5412388458500681,503.0,0
0.5413480766968592,503.0,0
0.5414573075436504,502.0,0
0.5415665383904414,502.0,0
0.5416757692372327,502.0,0
0.5417850000840237,502.0,0
0.5418942309308149,502.0,0
0.542003461777606,502.0,0
0.5421126926243972,502.0,0
0.5422219234711882,500.0,0
0.5423311543179795,501.0,0
0.5424403851647706,502.0,0
0.5425496160115617,501.0,0
0.5426588468583529,501.0,0
0.542768077705144,502.0,0
0.5428773085519351,501.0,0
0.5429865393987263,501.0,0
0.5430957702455174,502.0,0
0.5432050010923085,502.0,0
0.5433142319390997,501.0,0
0.5434234627858908,502.0,0
0.5435326936326819,502.0,0
0.5436419244794731,502.0,0
0.5437511553262642,501.0,0
0.5438603861730553,502.0,0
0.5439696170198465,502.0,0
0.5440788478666375,502.0,0
0.5441880787134288,502.0,0
0.5442973095602198,502.0,0
0.544406540407011,502.0,0
0.5445157712538021,502.0,0
0.5446250021005933,502.0,0
0.5447342329473843,502.0,0
0.5448434637941756,502.0,0
0.5449526946409666,503.0,0
0.5450619254877578,503.0,0
0.5451711563345489,503.0,0
0.5452803871813401,504.0,0
0.5453896180281311,504.0,0
0.5454988488749224,504.0,0
0.5456080797217134,504.0,0
0.5457173105685046,504.0,0
0.5458265414152957,504.0,0
0.5459357722620869,504.0,0
0.5460450031088779,505.0,0
0.5461542339556692,505.0,0
0.5462634648024602,505.0,0
0.5463726956492514,505.0,0
0.5464819264960425,506.0,0
0.5465911573428336,507.0,0
0.5467003881896249,506.0,0
0.5468096190364159,507.0,0
0.546918849883207,507.0,0
0.5470280807299982,507.0,0
0.5471373115767894,507.0,0
0.5472465424235804,507.0,0
0.5473557732703717,507.0,0
0.5474650041171627,507.0,0
0.5475742349639539,507.0,0
0.547683465810745,507.0,0
0.5477926966575362,507.0,0
0.5479019275043272,507.0,0
0.5480111583511185,507.0,0
0.5481203891979095,507.0,0
0.5482296200447007,507.0,0
0.5483388508914918,507.0,0
0.548448081738283,507.0,0
0.548557312585074,507.0,0
0.5486665434318653,507.0,0
0.5487757742786563,507.0,0
0.5488850051254475,507.0,0
0.5489942359722386,507.0,0
0.5491034668190298,506.0,0
0.5492126976658209,507.0,0
0.5493219285126121,506.0,0
0.5494311593594031,506.0,0
0.5495403902061943,506.0,0
0.5496496210529854,506.0,0
0.5497588518997765,505.0,0
0.5498680827465677,506.0,0
0.5499773135933588,506.0,0
0.5500865444401499,506.0,0
0.5501957752869411,506.0,0
0.5503050061337322,507.0,0
0.5504142369805233,507.0,0
0.5505234678273145,506.0,0
0.5506326986741056,506.0,0
0.5507419295208967,507.0,0
0.5508511603676879,507.0,0
0.550960391214479,507.0,0
0.5510696220612701,507.0,0
0.5511788529080613,508.0,0
0.5512880837548524,507.0,0
0.5513973146016435,508.0,0
0.5515065454484347,508.0,0
0.5516157762952258,508.0,0
0.551725007142017,508.0,0
0.5518342379888082,508.0,0
0.5519434688355992,508.0,0
0.5520526996823905,508.0,0
0.5521619305291815,508.0,0
0.5522711613759725,508.0,0
0.5523803922227638,508.0,0
0.5524896230695548,508.0,0
0.552598853916346,508.0,0
0.5527080847631372,508.0,0
0.5528173156099283,508.0,0
0.5529265464567193,508.0,0
0.5530357773035106,508.0,0
0.5531450081503017,508.0,0
0.5532542389970928,507.0,0
0.553363469843884,508.0,0
0.5534727006906751,508.0,0
0.5535819315374662,507.0,0
0.5536911623842574,507.0,0
0.5538003932310485,508.0,0
0.5539096240778396,507.0,0
0.5540188549246308,507.0,0
0.5541280857714219,507.0,0
0.5542373166182131,507.0,0
0.5543465474650042,506.0,0
0.5544557783117953,506.0,0
0.5545650091585865,506.0,0
0.5546742400053776,505.0,0
0.5547834708521687,505.0,0
0.5548927016989599,505.0,0
0.555001932545751,505.0,0
0.5551111633925421,504.0,0
0.5552203942393332,504.0,0
0.5553296250861244,505.0,0
0.5554388559329154,504.0,0
0.5555480867797067,504.0,0
0.5556573176264977,504.0,0
0.5557665484732889,504.0,0
0.55587577932008,504.0,0
0.5559850101668712,504.0,0
0.5560942410136622,504.0,0
0.5562034718604535,504.0,0
0.5563127027072445,504.0,0
0.5564219335540357,504.0,0
0.5565311644008268,504.0,0
0.556640395247618,504.0,0
0.5567496260944091,504.0,0
0.5568588569412003,504.0,0
0.5569680877879913,504.0,0
0.5570773186347826,504.0,0
0.5571865494815736,504.0,0
0.5572957803283648,504.0,0
0.557405011175156,504.0,0
0.5575142420219471,504.0,0
0.5576234728687381,504.0,0
0.5577327037155294,504.0,0
0.5578419345623205,504.0,0
0.5579511654091115,505.0,0
0.5580603962559028,505.0,0
0.5581696271026938,504.0,0
0.558278857949485,504.0,0
0.5583880887962761,505.0,0
0.5584973196430673,505.0,0
0.5586065504898583,504.0,0
0.5587157813366496,505.0,0
0.5588250121834406,505.0,0
0.5589342430302318,505.0,0
0.5590434738770229,505.0,0
0.5591527047238141,505.0,0
0.5592619355706052,505.0,0
0.5593711664173964,505.0,0
0.5594803972641874,505.0,0
0.5595896281109787,505.0,0
0.5596988589577697,505.0,0
0.5598080898045609,505.0,0
0.559917320651352,506.0,0
0.5600265514981432,506.0,0
0.5601357823449342,506.0,0
0.5602450131917255,506.0,0
0.5603542440385165,507.0,0
0.5604634748853077,507.0,0
0.5605727057320988,507.0,0
0.5606819365788899,507.0,0
0.560791167425681,508.0,0
0.5609003982724722,507.0,0
0.5610096291192633,508.0,0
0.5611188599660544,508.0,0
0.5612280908128456,508.0,0
0.5613373216596367,508.0,0
0.5614465525064278,508.0,0
0.561555783353219,508.0,0
0.5616650142000101,508.0,0
0.5617742450468013,508.0,0
0.5618834758935924,509.0,0
0.5619927067403835,509.0,0
0.5621019375871747,509.0,0
0.5622111684339658,509.0,0
0.5623203992807569,510.0,0
0.5624296301275481,508.0,0
0.5625388609743392,509.0,0
0.5626480918211303,509.0,0
0.5627573226679216,509.0,0
0.5628665535147126,509.0,0
0.5629757843615038,510.0,0
0.5630850152082949,510.0,0
0.5631942460550861,509.0,0
0.5633034769018771,509.0,0
0.5634127077486684,510.0,0
0.5635219385954594,510.0,0
0.5636311694422504,510.0,0
0.5637404002890417,510.0,0
0.5638496311358328,510.0,0
0.5639588619826239,510.0,0
0.5640680928294151,510.0,0
0.5641773236762062,510.0,0
0.5642865545229974,510.0,0
0.5643957853697885,510.0,0
0.5645050162165796,510.0,0
0.5646142470633708,510.0,0
0.5647234779101619,510.0,0
0.564832708756953,510.0,0
0.5649419396037442,510.0,0
0.5650511704505353,510.0,0
0.5651604012973264,510.0,0
0.5652696321441176,510.0,0
0.5653788629909087,510.0,0
0.5654880938376998,509.0,0
0.565597324684491,510.0,0
0.5657065555312821,510.0,0
0.5658157863780732,510.0,0
0.5659250172248644,510.0,0
0.5660342480716555,510.0,0
0.5661434789184466,510.0,0
0.5662527097652378,510.0,0
0.5663619406120288,510.0,0
0.56647117145882,510.0,0
0.5665804023056111,509.0,0
0.5666896331524023,510.0,0
0.5667988639991934,510.0,0
0.5669080948459846,510.0,0
0.5670173256927756,509.0,0
0.5671265565395669,510.0,0
0.5672357873863579,510.0,0
0.5673450182331491,509.0,0
0.5674542490799402,509.0,0
0.5675634799267314,510.0,0
0.5676727107735224,510.0,0
0.5677819416203137,510.0,0
0.5678911724671047,510.0,0
0.5680004033138959,511.0,0
0.568109634160687,510.0,0
0.5682188650074782,510.0,0
0.5683280958542692,511.0,0
0.5684373267010605,511.0,0
0.5685465575478515,510.0,0
0.5686557883946427,511.0,0
0.5687650192414339,511.0,0
0.568874250088225,511.0,0
0.568983480935016,511.0,0
0.5690927117818073,512.0,0
0.5692019426285984,512.0,0
0.5693111734753895,511.0,0
0.5694204043221807,512.0,0
0.5695296351689717,512.0,0
0.569638866015763,512.0,0
0.569748096862554,512.0,0
0.5698573277093452,512.0,0
0.5699665585561363,512.0,0
0.5700757894029275,511.0,0
0.5701850202497185,512.0,0
0.5702942510965098,512.0,0
0.5704034819433008,511.0,0
0.570512712790092,511.0,0
0.5706219436368831,512.0,0
0.5707311744836743,512.0,0
0.5708404053304653,511.0,0
0.5709496361772566,511.0,0
0.5710588670240476,512.0,0
0.5711680978708388,511.0,0
0.5712773287176299,511.0,0
0.5713865595644211,511.0,0
0.5714957904112121,511.0,0
0.5716050212580034,510.0,0
0.5717142521047944,511.0,0
0.5718234829515856,511.0,0
0.5719327137983767,510.0,0
0.5720419446451678,510.0,0
0.572151175491959,510.0,0
0.5722604063387501,510.0,0
0.5723696371855412,509.0,0
0.5724788680323324,510.0,0
0.5725880988791235,510.0,0
0.5726973297259146,508.0,0
0.5728065605727058,508.0,0
0.5729157914194969,509.0,0
0.573025022266288,508.0,0
0.5731342531130792,508.0,0
0.5732434839598703,508.0,0
0.5733527148066614,508.0,0
0.5734619456534527,508.0,0
0.5735711765002437,508.0,0
0.5736804073470348,508.0,0
0.573789638193826,508.0,0
0.5738988690406172,507.0,0
0.5740080998874082,507.0,0
0.5741173307341995,508.0,0
0.5742265615809905,507.0,0
0.5743357924277817,507.0,0
0.5744450232745728,508.0,0
0.574554254121364,508.0,0
0.5746634849681551,507.0,0
0.5747727158149463,508.0,0
0.5748819466617373,508.0,0
0.5749911775085285,507.0,0
0.5751004083553196,507.0,0
0.5752096392021107,508.0,0
0.5753188700489019,508.0,0
0.575428100895693,507.0,0
0.5755373317424841,508.0,0
0.5756465625892753,508.0,0
0.5757557934360664,508.0,0
0.5758650242828575,508.0,0
0.5759742551296487,508.0,0
0.5760834859764398,508.0,0
0.5761927168232309,508.0,0
0.5763019476700221,508.0,0
0.5764111785168132,508.0,0
0.5765204093636043,508.0,0
0.5766296402103955,508.0,0
0.5767388710571866,509.0,0
0.5768481019039777,508.0,0
0.5769573327507689,508.0,0
0.57706656359756,508.0,0
0.5771757944443512,509.0,0
0.5772850252911423,508.0,0
0.5773942561379334,508.0,0
0.5775034869847245,509.0,0
0.5776127178315157,509.0,0
0.5777219486783067,508.0,0
0.577831179525098,509.0,0
0.577940410371889,509.0,0
0.5780496412186802,508.0,0
0.5781588720654713,508.0,0
0.5782681029122625,509.0,0
0.5783773337590535,509.0,0
0.5784865646058448,508.0,0
0.5785957954526358,508.0,0
0.578705026299427,510.0,0
0.5788142571462181,508.0,0
0.5789234879930093,508.0,0
0.5790327188398003,509.0,0
0.5791419496865916,510.0,0
0.5792511805333826,508.0,0
0.5793604113801738,509.0,0
0.579469642226965,510.0,0
0.5795788730737561,509.0,0
0.5796881039205473,508.0,0
0.5797973347673384,510.0,0
0.5799065656141295,510.0,0
0.5800157964609206,509.0,0
0.5801250273077118,508.0,0
0.5802342581545029,510.0,0
0.5803434890012941,509.0,0
0.5804527198480852,509.0,0
0.5805619506948763,509.0,0
0.5806711815416674,510.0,0
0.5807804123884586,509.0,0
0.5808896432352496,508.0,0
0.5809988740820409,509.0,0
0.5811081049288319,509.0,0
0.5812173357756231,508.0,0
0.5813265666224142,508.0,0
0.5814357974692054,509.0,0
0.5815450283159964,508.0,0
0.5816542591627877,508.0,0
0.5817634900095787,508.0,0
0.5818727208563699,508.0,0
0.581981951703161,508.0,0
0.5820911825499522,508.0,0
0.5822004133967433,508.0,0
0.5823096442435345,508.0,0
0.5824188750903255,508.0,0
0.5825281059371167,508.0,0
0.5826373367839078,508.0,0
0.582746567630699,508.0,0
0.5828557984774901,508.0,0
0.5829650293242813,508.0,0
0.5830742601710723,508.0,0
0.5831834910178635,508.0,0
0.5832927218646546,508.0,0
0.5834019527114457,508.0,0
0.583511183558237,508.0,0
0.583620414405028,508.0,0
0.5837296452518191,508.0,0
0.5838388760986103,508.0,0
0.5839481069454014,508.0,0
0.5840573377921925,508.0,0
0.5841665686389838,508.0,0
0.5842757994857748,508.0,0
0.584385030332566,508.0,0
0.5844942611793571,508.0,0
0.5846034920261483,508.0,0
0.5847127228729394,507.0,0
0.5848219537197306,508.0,0
0.5849311845665216,508.0,0
0.5850404154133128,507.0,0
0.5851496462601039,507.0,0
0.5852588771068951,508.0,0
0.5853681079536862,507.0,0
0.5854773388004774,507.0,0
0.5855865696472684,507.0,0
0.5856958004940596,507.0,0
0.5858050313408507,507.0,0
0.5859142621876419,506.0,0
0.586023493034433,507.0,0
0.5861327238812242,506.0,0
0.5862419547280152,505.0,0
0.5863511855748064,506.0,0
0.5864604164215975,506.0,0
0.5865696472683886,505.0,0
0.5866788781151798,505.0,0
0.5867881089619709,506.0,0
0.586897339808762,505.0,0
0.5870065706555532,505.0,0
0.5871158015023443,505.0,0
0.5872250323491355,506.0,0
0.5873342631959266,505.0,0
0.5874434940427177,506.0,0
0.5875527248895088,507.0,0
0.5876619557363,507.0,0
0.5877711865830911,507.0,0
0.5878804174298823,508.0,0
0.5879896482766734,508.0,0
0.5880988791234645,508.0,0
0.5882081099702556,508.0,0
0.5883173408170468,508.0,0
0.5884265716638379,508.0,0
0.5885358025106291,508.0,0
0.5886450333574202,509.0,0
0.5887542642042113,510.0,0
0.5888634950510026,510.0,0
0.5889727258977936,510.0,0
0.5890819567445846,511.0,0
0.5891911875913759,511.0,0
0.5893004184381669,511.0,0
0.5894096492849581,512.0,0
0.5895188801317492,512.0,0
0.5896281109785404,512.0,0
0.5897373418253316,512.0,0
0.5898465726721227,512.0,0
0.5899558035189137,512.0,0
0.5900650343657049,512.0,0
0.590174265212496,513.0,0
0.5902834960592872,513.0,0
0.5903927269060784,513.0,0
0.5905019577528695,513.0,0
0.5906111885996606,513.0,0
0.5907204194464517,513.0,0
0.5908296502932429,513.0,0
0.590938881140034,514.0,0
0.5910481119868252,513.0,0
0.5911573428336163,513.0,0
0.5912665736804074,513.0,0
0.5913758045271986,514.0,0
0.5914850353739897,514.0,0
0.5915942662207808,514.0,0
0.591703497067572,514.0,0
0.5918127279143631,514.0,0
0.5919219587611542,514.0,0
0.5920311896079453,515.0,0
0.5921404204547365,515.0,0
0.5922496513015276,515.0,0
0.5923588821483188,515.0,0
0.5924681129951098,515.0,0
0.592577343841901,515.0,0
0.5926865746886921,515.0,0
0.5927958055354833,515.0,0
0.5929050363822744,515.0,0
0.5930142672290656,515.0,0
0.5931234980758566,515.0,0
0.5932327289226478,515.0,0
0.5933419597694389,515.0,0
0.5934511906162301,515.0,0
0.5935604214630212,515.0,0
0.5936696523098124,515.0,0
0.5937788831566034,515.0,0
0.5938881140033947,516.0,0
0.5939973448501857,516.0,0
0.5941065756969769,515.0,0
0.594215806543768,516.0,0
0.5943250373905592,516.0,0
0.5944342682373502,516.0,0
0.5945434990841415,515.0,0
0.5946527299309325,516.0,0
0.5947619607777237,515.0,0
0.5948711916245149,515.0,0
0.5949804224713059,515.0,0
0.595089653318097,515.0,0
0.5951988841648882,515.0,0
0.5953081150116794,515.0,0
0.5954173458584705,515.0,0
0.5955265767052617,515.0,0
0.5956358075520527,514.0,0
0.5957450383988439,515.0,0
0.595854269245635,515.0,0
0.5959635000924262,514.0,0
0.5960727309392173,513.0,0
0.5961819617860085,514.0,0
0.5962911926327995,513.0,0
0.5964004234795908,513.0,0
0.5965096543263818,513.0,0
0.596618885173173,513.0,0
0.5967281160199641,512.0,0
0.5968373468667553,512.0,0
0.5969465777135463,512.0,0
0.5970558085603376,512.0,0
0.5971650394071286,512.0,0
0.5972742702539198,512.0,0
0.5973835011007109,512.0,0
0.597492731947502,511.0,0
0.5976019627942931,511.0,0
0.5977111936410843,511.0,0
0.5978204244878754,511.0,0
0.5979296553346666,511.0,0
0.5980388861814577,511.0,0
0.5981481170282488,511.0,0
0.5982573478750399,510.0,0
0.5983665787218311,511.0,0
0.5984758095686222,511.0,0
0.5985850404154134,511.0,0
0.5986942712622045,510.0,0
0.5988035021089956,511.0,0
0.5989127329557868,511.0,0
0.5990219638025779,511.0,0
0.599131194649369,510.0,0
0.5992404254961602,511.0,0
0.5993496563429513,511.0,0
0.5994588871897424,511.0,0
0.5995681180365336,511.0,0
0.5996773488833247,511.0,0
0.5997865797301158,511.0,0
0.599895810576907,511.0,0
0.6000050414236981,512.0,0
0.6001142722704892,512.0,0
0.6002235031172805,511.0,0
0.6003327339640715,512.0,0
0.6004419648108626,512.0,0
0.6005511956576538,512.0,0
0.6006604265044448,512.0,0
0.600769657351236,512.0,0
0.6008788881980272,513.0,0
0.6009881190448183,512.0,0
0.6010973498916095,512.0,0
0.6012065807384006,513.0,0
0.6013158115851917,513.0,0
0.6014250424319829,513.0,0
0.601534273278774,513.0,0
0.6016435041255651,513.0,0
0.6017527349723563,512.0,0
0.6018619658191474,512.0,0
0.6019711966659385,512.0,0
0.6020804275127297,512.0,0
0.6021896583595208,512.0,0
0.6022988892063119,512.0,0
0.6024081200531031,512.0,0
0.6025173508998942,512.0,0
0.6026265817466853,511.0,0
0.6027358125934765,511.0,0
0.6028450434402676,511.0,0
0.6029542742870587,510.0,0
0.6030635051338499,510.0,0
0.6031727359806409,511.0,0
0.6032819668274321,510.0,0
0.6033911976742232,510.0,0
0.6035004285210144,510.0,0
0.6036096593678055,510.0,0
0.6037188902145967,509.0,0
0.6038281210613877,510.0,0
0.603937351908179,509.0,0
0.60404658275497,509.0,0
0.6041558136017612,509.0,0
0.6042650444485523,509.0,0
0.6043742752953435,509.0,0
0.6044835061421345,509.0,0
0.6045927369889258,508.0,0
0.6047019678357168,508.0,0
0.604811198682508,508.0,0
0.6049204295292991,508.0,0
0.6050296603760903,508.0,0
0.6051388912228813,508.0,0
0.6052481220696726,508.0,0
0.6053573529164636,508.0,0
0.6054665837632548,508.0,0
0.605575814610046,508.0,0
0.6056850454568371,508.0,0
0.6057942763036281,508.0,0
0.6059035071504194,508.0,0
0.6060127379972104,508.0,0
0.6061219688440016,508.0,0
0.6062311996907928,508.0,0
0.6063404305375838,508.0,0
0.6064496613843751,508.0,0
0.6065588922311661,508.0,0
0.6066681230779573,508.0,0
0.6067773539247484,508.0,0
0.6068865847715396,508.0,0
0.6069958156183306,507.0,0
0.6071050464651219,508.0,0
0.6072142773119129,507.0,0
0.6073235081587041,507.0,0
0.6074327390054952,507.0,0
0.6075419698522864,507.0,0
0.6076512006990774,507.0,0
0.6077604315458687,506.0,0
0.6078696623926597,506.0,0
0.6079788932394509,506.0,0
0.608088124086242,505.0,0
0.6081973549330332,506.0,0
0.6083065857798242,505.0,0
0.6084158166266155,505.0,0
0.6085250474734065,505.0,0
0.6086342783201977,506.0,0
0.6087435091669888,505.0,0
0.6088527400137799,505.0,0
0.6089619708605711,505.0,0
0.6090712017073622,506.0,0
0.6091804325541533,505.0,0
0.6092896634009445,505.0,0
0.6093988942477356,506.0,0
0.6095081250945267,506.0,0
0.6096173559413179,505.0,0
0.609726586788109,507.0,0
0.6098358176349001,507.0,0
0.6099450484816913,506.0,0
0.6100542793284824,506.0,0
0.6101635101752735,507.0,0
0.6102727410220647,507.0,0
0.6103819718688558,507.0,0
0.6104912027156469,507.0,0
0.6106004335624381,508.0,0
0.6107096644092292,508.0,0
0.6108188952560203,508.0,0
0.6109281261028116,508.0,0
0.6110373569496026,508.0,0
0.6111465877963937,508.0,0
0.6112558186431849,508.0,0
0.611365049489976,508.0,0
0.6114742803367672,508.0,0
0.6115835111835584,508.0,0
0.6116927420303494,509.0,0
0.6118019728771406,509.0,0
0.6119112037239317,509.0,0
0.6120204345707227,509.0,0
0.612129665417514,510.0,0
0.612238896264305,510.0,0
0.6123481271110962,509.0,0
0.6124573579578874,510.0,0
0.6125665888046785,510.0,0
0.6126758196514696,510.0,0
0.6127850504982608,510.0,0
0.6128942813450519,510.0,0
0.613003512191843,510.0,0
0.6131127430386342,510.0,0
0.6132219738854253,511.0,0
0.6133312047322164,510.0,0
0.6134404355790076,510.0,0
0.6135496664257987,511.0,0
0.6136588972725898,511.0,0
0.613768128119381,511.0,0
0.6138773589661721,511.0,0
0.6139865898129633,511.0,0
0.6140958206597544,511.0,0
0.6142050515065455,511.0,0
0.6143142823533367,511.0,0
0.6144235132001278,511.0,0
0.6145327440469188,511.0,0
0.6146419748937101,511.0,0
0.6147512057405011,511.0,0
0.6148604365872923,511.0,0
0.6149696674340834,511.0,0
0.6150788982808746,511.0,0
0.6151881291276656,511.0,0
0.6152973599744569,510.0,0
0.6154065908212479,510.0,0
0.6155158216680391,510.0,0
0.6156250525148302,510.0,0
0.6157342833616214,510.0,0
0.6158435142084124,510.0,0
0.6159527450552037,510.0,0
0.6160619759019947,510.0,0
0.6161712067487859,510.0,0
0.616280437595577,510.0,0
0.6163896684423682,509.0,0
0.6164988992891594,509.0,0
0.6166081301359505,509.0,0
0.6167173609827415,509.0,0
0.6168265918295328,508.0,0
0.6169358226763239,508.0,0
0.617045053523115,508.0,0
0.6171542843699062,508.0,0
0.6172635152166973,508.0,0
0.6173727460634884,508.0,0
0.6174819769102795,508.0,0
0.6175912077570707,508.0,0
0.6177004386038617,507.0,0
0.617809669450653,508.0,0
0.617918900297444,507.0,0
0.6180281311442352,507.0,0
0.6181373619910263,507.0,0
0.6182465928378175,507.0,0
0.6183558236846085,506.0,0
0.6184650545313998,506.0,0
0.6185742853781908,507.0,0
0.618683516224982,506.0,0
0.6187927470717731,505.0,0
0.6189019779185643,506.0,0
0.6190112087653554,506.0,0
0.6191204396121466,506.0,0
0.6192296704589376,505.0,0
0.6193389013057289,506.0,0
0.6194481321525199,505.0,0
0.6195573629993111,505.0,0
0.6196665938461022,506.0,0
0.6197758246928934,506.0,0
0.6198850555396844,505.0,0
0.6199942863864757,505.0,0
0.6201035172332667,505.0,0
0.6202127480800578,506.0,0
0.620321978926849,505.0,0
0.6204312097736401,506.0,0
0.6205404406204312,505.0,0
0.6206496714672224,505.0,0
0.6207589023140135,505.0,0
0.6208681331608046,506.0,0
0.6209773640075958,505.0,0
0.6210865948543869,505.0,0
0.621195825701178,505.0,0
0.6213050565479692,506.0,0
0.6214142873947603,505.0,0
0.6215235182415515,506.0,0
0.6216327490883427,505.0,0
0.6217419799351337,505.0,0
0.621851210781925,505.0,0
0.621960441628716,506.0,0
0.6220696724755072,505.0,0
0.6221789033222983,505.0,0
0.6222881341690895,506.0,0
0.6223973650158805,506.0,0
0.6225065958626718,505.0,0
0.6226158267094628,505.0,0
0.622725057556254,506.0,0
0.6228342884030451,505.0,0
0.6229435192498363,505.0,0
0.6230527500966273,505.0,0
0.6231619809434185,506.0,0
0.6232712117902096,505.0,0
0.6233804426370007,505.0,0
0.6234896734837919,505.0,0
0.623598904330583,505.0,0
0.6237081351773741,505.0,0
0.6238173660241653,505.0,0
0.6239265968709564,505.0,0
0.6240358277177476,504.0,0
0.6241450585645387,504.0,0
0.6242542894113298,504.0,0
0.624363520258121,504.0,0
0.6244727511049121,504.0,0
0.6245819819517032,504.0,0
0.6246912127984944,504.0,0
0.6248004436452855,504.0,0
0.6249096744920766,503.0,0
0.6250189053388678,504.0,0
0.6251281361856589,504.0,0
0.62523736703245,503.0,0
0.6253465978792412,503.0,0
0.6254558287260323,504.0,0
0.6255650595728234,503.0,0
0.6256742904196146,502.0,0
0.6257835212664057,503.0,0
0.6258927521131967,502.0,0
0.626001982959988,502.0,0
0.626111213806779,503.0,0
0.6262204446535702,503.0,0
0.6263296755003613,502.0,0
0.6264389063471525,502.0,0
0.6265481371939436,503.0,0
0.6266573680407348,502.0,0
0.6267665988875258,502.0,0
0.6268758297343171,502.0,0
0.6269850605811081,503.0,0
0.6270942914278993,502.0,0
0.6272035222746905,502.0,0
0.6273127531214816,503.0,0
0.6274219839682726,502.0,0
0.6275312148150639,502.0,0
0.627640445661855,503.0,0
0.6277496765086461,503.0,0
0.6278589073554373,502.0,0
0.6279681382022284,503.0,0
0.6280773690490195,504.0,0
0.6281865998958107,504.0,0
0.6282958307426018,504.0,0
0.6284050615893929,504.0,0
0.6285142924361841,505.0,0
0.6286235232829752,504.0,0
0.6287327541297663,505.0,0
0.6288419849765574,505.0,0
0.6289512158233486,506.0,0
0.6290604466701397,505.0,0
0.6291696775169309,507.0,0
0.6292789083637219,507.0,0
0.6293881392105132,507.0,0
0.6294973700573042,507.0,0
0.6296066009040954,508.0,0
0.6297158317508865,508.0,0
0.6298250625976777,508.0,0
0.6299342934444687,508.0,0
0.63004352429126,509.0,0
0.630152755138051,508.0,0
0.6302619859848422,508.0,0
0.6303712168316333,509.0,0
0.6304804476784245,509.0,0
0.6305896785252155,508.0,0
0.6306989093720068,509.0,0
0.6308081402187978,510.0,0
0.630917371065589,509.0,0
0.6310266019123801,508.0,0
0.6311358327591713,510.0,0
0.6312450636059623,509.0,0
0.6313542944527536,508.0,0
0.6314635252995446,508.0,0
0.6315727561463358,510.0,0
0.6316819869931269,508.0,0
0.631791217839918,508.0,0
0.6319004486867092,509.0,0
0.6320096795335003,509.0,0
0.6321189103802914,508.0,0
0.6322281412270826,508.0,0
0.6323373720738737,508.0,0
0.6324466029206648,508.0,0
0.632555833767456,508.0,0
0.6326650646142471,508.0,0
0.6327742954610382,508.0,0
0.6328835263078294,508.0,0
0.6329927571546206,508.0,0
0.6331019880014116,508.0,0
0.6332112188482029,508.0,0
0.6333204496949939,508.0,0
0.6334296805417851,508.0,0
0.6335389113885762,509.0,0
0.6336481422353674,508.0,0
0.6337573730821584,508.0,0
0.6338666039289497,508.0,0
0.6339758347757407,508.0,0
0.6340850656225319,508.0,0
0.634194296469323,509.0,0
0.6343035273161141,509.0,0
0.6344127581629053,508.0,0
0.6345219890096964,508.0,0
0.6346312198564875,508.0,0
0.6347404507032787,508.0,0
0.6348496815500698,508.0,0
0.6349589123968609,508.0,0
0.6350681432436521,508.0,0
0.6351773740904432,508.0,0
0.6352866049372343,508.0,0
0.6353958357840255,508.0,0
0.6355050666308166,508.0,0
0.6356142974776077,508.0,0
0.6357235283243989,508.0,0
0.63583275917119,508.0,0
0.6359419900179811,508.0,0
0.6360512208647723,508.0,0
0.6361604517115634,509.0,0
0.6362696825583545,509.0,0
0.6363789134051457,510.0,0
0.6364881442519368,509.0,0
0.6365973750987279,510.0,0
0.6367066059455191,509.0,0
0.6368158367923102,510.0,0
0.6369250676391014,510.0,0
0.6370342984858925,510.0,0
0.6371435293326836,510.0,0
0.6372527601794747,510.0,0
0.6373619910262659,510.0,0
0.6374712218730569,510.0,0
0.6375804527198482,510.0,0
0.6376896835666392,511.0,0
0.6377989144134304,510.0,0
0.6379081452602215,510.0,0
0.6380173761070127,510.0,0
0.6381266069538037,511.0,0
0.638235837800595,510.0,0
0.638345068647386,511.0,0
0.6384542994941772,510.0,0
0.6385635303409684,510.0,0
0.6386727611877595,510.0,0
0.6387819920345505,510.0,0
0.6388912228813418,510.0,0
0.6390004537281329,510.0,0
0.639109684574924,510.0,0
0.6392189154217152,510.0,0
0.6393281462685063,509.0,0
0.6394373771152975,509.0,0
0.6395466079620886,509.0,0
0.6396558388088797,509.0,0
0.6397650696556708,508.0,0
0.639874300502462,509.0,0
0.639983531349253,508.0,0
0.6400927621960443,508.0,0
0.6402019930428353,508.0,0
0.6403112238896265,508.0,0
0.6404204547364176,508.0,0
0.6405296855832088,508.0,0
0.6406389164299998,508.0,0
0.6407481472767911,508.0,0
0.6408573781235821,508.0,0
0.6409666089703733,508.0,0
0.6410758398171644,508.0,0
0.6411850706639556,508.0,0
0.6412943015107466,507.0,0
0.6414035323575379,508.0,0
0.6415127632043289,507.0,0
0.6416219940511201,507.0,0
0.6417312248979112,507.0,0
0.6418404557447024,507.0,0
0.6419496865914935,507.0,0
0.6420589174382847,507.0,0
0.6421681482850757,507.0,0
0.6422773791318669,507.0,0
0.642386609978658,506.0,0
0.6424958408254492,506.0,0
0.6426050716722403,506.0,0
0.6427143025190315,505.0,0
0.6428235333658225,505.0,0
0.6429327642126137,505.0,0
0.6430419950594048,505.0,0
0.6431512259061959,505.0,0
0.6432604567529872,505.0,0
0.6433696875997782,505.0,0
0.6434789184465693,505.0,0
0.6435881492933605,505.0,0
0.6436973801401517,505.0,0
0.6438066109869427,505.0,0
0.643915841833734,504.0,0
0.644025072680525,504.0,0
0.6441343035273162,505.0,0
0.6442435343741073,504.0,0
0.6443527652208985,504.0,0
0.6444619960676896,504.0,0
0.6445712269144808,504.0,0
0.6446804577612718,504.0,0
0.644789688608063,504.0,0
0.6448989194548541,504.0,0
0.6450081503016453,504.0,0
0.6451173811484364,504.0,0
0.6452266119952276,504.0,0
0.6453358428420186,504.0,0
0.6454450736888098,504.0,0
0.6455543045356009,504.0,0
0.645663535382392,504.0,0
0.6457727662291832,504.0,0
0.6458819970759743,504.0,0
0.6459912279227654,504.0,0
0.6461004587695566,504.0,0
0.6462096896163477,504.0,0
0.6463189204631388,504.0,0
0.64642815130993,504.0,0
0.6465373821567211,503.0,0
0.6466466130035122,503.0,0
0.6467558438503034,503.0,0
0.6468650746970945,503.0,0
0.6469743055438857,503.0,0
0.6470835363906768,503.0,0
0.6471927672374679,503.0,0
0.647301998084259,502.0,0
0.6474112289310502,502.0,0
0.6475204597778413,503.0,0
0.6476296906246325,503.0,0
0.6477389214714236,502.0,0
0.6478481523182147,502.0,0
0.6479573831650058,503.0,0
0.648066614011797,503.0,0
0.6481758448585881,503.0,0
0.6482850757053793,503.0,0
0.6483943065521705,503.0,0
0.6485035373989615,503.0,0
0.6486127682457526,503.0,0
0.6487219990925438,504.0,0
0.6488312299393348,504.0,0
0.6489404607861261,504.0,0
0.6490496916329171,504.0,0
0.6491589224797083,504.0,0
0.6492681533264995,504.0,0
0.6493773841732906,504.0,0
0.6494866150200818,504.0,0
0.6495958458668729,504.0,0
0.649705076713664,504.0,0
0.6498143075604551,504.0,0
0.6499235384072463,504.0,0
0.6500327692540374,504.0,0
0.6501420001008286,504.0,0
0.6502512309476197,504.0,0
0.6503604617944108,504.0,0
0.6504696926412019,504.0,0
0.6505789234879931,504.0,0
0.6506881543347842,504.0,0
0.6507973851815754,504.0,0
0.6509066160283665,504.0,0
0.6510158468751576,505.0,0
0.6511250777219488,504.0,0
0.6512343085687399,505.0,0
0.6513435394155309,505.0,0
0.6514527702623222,505.0,0
0.6515620011091132,505.0,0
0.6516712319559044,505.0,0
0.6517804628026955,505.0,0
0.6518896936494867,505.0,0
0.6519989244962778,505.0,0
0.652108155343069,505.0,0
0.65221738618986,505.0,0
0.6523266170366512,505.0,0
0.6524358478834423,505.0,0
0.6525450787302335,505.0,0
0.6526543095770246,505.0,0
0.6527635404238158,506.0,0
0.6528727712706068,505.0,0
0.652982002117398,505.0,0
0.6530912329641891,505.0,0
0.6532004638109803,506.0,0
0.6533096946577714,505.0,0
0.6534189255045626,505.0,0
0.6535281563513536,506.0,0
0.6536373871981449,505.0,0
0.653746618044936,505.0,0
0.6538558488917271,506.0,0
0.6539650797385183,506.0,0
0.6540743105853094,506.0,0
0.6541835414321004,506.0,0
0.6542927722788916,507.0,0
0.6544020031256828,507.0,0
0.6545112339724739,507.0,0
0.6546204648192651,507.0,0
0.6547296956660561,507.0,0
0.6548389265128473,507.0,0
0.6549481573596384,507.0,0
0.6550573882064296,508.0,0
0.6551666190532207,508.0,0
0.6552758499000119,508.0,0
0.6553850807468029,508.0,0
0.6554943115935941,508.0,0
0.6556035424403852,508.0,0
0.6557127732871764,508.0,0
0.6558220041339675,508.0,0
0.6559312349807587,508.0,0
0.6560404658275497,508.0,0
0.656149696674341,508.0,0
0.656258927521132,508.0,0
0.6563681583679232,508.0,0
0.6564773892147143,508.0,0
0.6565866200615055,508.0,0
0.6566958509082965,508.0,0
0.6568050817550878,508.0,0
0.6569143126018788,508.0,0
0.65702354344867,508.0,0
0.6571327742954611,508.0,0
0.6572420051422522,508.0,0
0.6573512359890433,508.0,0
0.6574604668358345,508.0,0
0.6575696976826256,508.0,0
0.6576789285294168,508.0,0
0.6577881593762079,508.0,0
0.657897390222999,508.0,0
0.6580066210697901,508.0,0
0.6581158519165813,508.0,0
0.6582250827633724,508.0,0
0.6583343136101636,508.0,0
0.6584435444569547,508.0,0
0.6585527753037458,509.0,0
0.658662006150537,508.0,0
0.6587712369973281,508.0,0
0.6588804678441192,510.0,0
0.6589896986909104,509.0,0
0.6590989295377015,509.0,0
0.6592081603844926,509.0,0
0.6593173912312839,510.0,0
0.6594266220780749,509.0,0
0.659535852924866,510.0,0
0.6596450837716572,510.0,0
0.6597543146184484,510.0,0
0.6598635454652394,509.0,0
0.6599727763120306,510.0,0
0.6600820071588217,510.0,0
0.6601912380056129,510.0,0
0.660300468852404,510.0,0
0.660409699699195,510.0,0
0.6605189305459862,510.0,0
0.6606281613927774,510.0,0
0.6607373922395685,510.0,0
0.6608466230863597,510.0,0
0.6609558539331508,509.0,0
0.6610650847799419,510.0,0
0.6611743156267331,510.0,0
0.6612835464735242,510.0,0
0.6613927773203153,509.0,0
0.6615020081671065,509.0,0
0.6616112390138976,509.0,0
0.6617204698606887,509.0,0
0.6618297007074799,508.0,0
0.661938931554271,509.0,0
0.6620481624010621,508.0,0
0.6621573932478533,508.0,0
0.6622666240946444,508.0,0
0.6623758549414355,508.0,0
0.6624850857882267,508.0,0
0.6625943166350178,508.0,0
0.6627035474818089,508.0,0
0.6628127783286001,508.0,0
0.6629220091753911,508.0,0
0.6630312400221823,508.0,0
0.6631404708689734,508.0,0
0.6632497017157646,508.0,0
0.6633589325625557,508.0,0
0.6634681634093469,508.0,0
0.6635773942561379,508.0,0
0.6636866251029292,507.0,0
0.6637958559497202,508.0,0
0.6639050867965114,508.0,0
0.6640143176433025,507.0,0
0.6641235484900937,507.0,0
0.6642327793368847,507.0,0
0.664342010183676,507.0,0
0.664451241030467,507.0,0
0.6645604718772582,507.0,0
0.6646697027240493,507.0,0
0.6647789335708405,506.0,0
0.6648881644176315,506.0,0
0.6649973952644228,507.0,0
0.6651066261112139,506.0,0
0.665215856958005,506.0,0
0.6653250878047962,506.0,0
0.6654343186515873,506.0,0
0.6655435494983784,505.0,0
0.6656527803451695,506.0,0
0.6657620111919607,506.0,0
0.6658712420387518,505.0,0
0.665980472885543,505.0,0
0.666089703732334,506.0,0
0.6661989345791253,505.0,0
0.6663081654259163,505.0,0
0.6664173962727075,506.0,0
0.6665266271194986,506.0,0
0.6666358579662898,505.0,0
0.6667450888130808,505.0,0
0.6668543196598721,506.0,0
0.6669635505066631,505.0,0
0.6670727813534543,505.0,0
0.6671820122002454,506.0,0
0.6672912430470366,506.0,0
0.6674004738938276,505.0,0
0.6675097047406189,505.0,0
0.6676189355874099,506.0,0
0.6677281664342011,506.0,0
0.6678373972809922,505.0,0
0.6679466281277834,506.0,0
0.6680558589745744,506.0,0
0.6681650898213657,506.0,0
0.6682743206681567,505.0,0
0.6683835515149479,506.0,0
0.668492782361739,506.0,0
0.6686020132085301,505.0,0
0.6687112440553213,505.0,0
0.6688204749021124,505.0,0
0.6689297057489035,505.0,0
0.6690389365956947,505.0,0
0.6691481674424858,505.0,0
0.6692573982892769,505.0,0
0.6693666291360681,504.0,0
0.6694758599828592,504.0,0
0.6695850908296503,505.0,0
0.6696943216764415,504.0,0
0.6698035525232326,504.0,0
0.6699127833700237,504.0,0
0.670022014216815,504.0,0
0.670131245063606,504.0,0
0.6702404759103971,504.0,0
0.6703497067571883,504.0,0
0.6704589376039795,504.0,0
0.6705681684507705,504.0,0
0.6706773992975618,504.0,0
0.6707866301443528,504.0,0
0.670895860991144,504.0,0
0.6710050918379351,504.0,0
0.6711143226847263,505.0,0
0.6712235535315174,504.0,0
0.6713327843783085,504.0,0
0.6714420152250996,504.0,0
0.6715512460718908,505.0,0
0.6716604769186819,505.0,0
0.671769707765473,505.0,0
0.6718789386122642,506.0,0
0.6719881694590553,506.0,0
0.6720974003058464,505.0,0
0.6722066311526376,507.0,0
0.6723158619994287,507.0,0
0.6724250928462198,507.0,0
0.672534323693011,507.0,0
0.6726435545398021,508.0,0
0.6727527853865932,507.0,0
0.6728620162333844,507.0,0
0.6729712470801755,508.0,0
0.6730804779269666,508.0,0
0.6731897087737578,508.0,0
0.6732989396205489,508.0,0
0.67340817046734,508.0,0
0.6735174013141312,508.0,0
0.6736266321609223,508.0,0
0.6737358630077135,508.0,0
0.6738450938545046,508.0,0
0.6739543247012957,508.0,0
0.6740635555480868,508.0,0
0.674172786394878,508.0,0
0.674282017241669,508.0,0
0.6743912480884603,508.0,0
0.6745004789352513,508.0,0
0.6746097097820425,508.0,0
0.6747189406288336,508.0,0
0.6748281714756248,508.0,0
0.6749374023224158,508.0,0
0.6750466331692071,508.0,0
0.6751558640159981,508.0,0
0.6752650948627893,508.0,0
0.6753743257095804,508.0,0
0.6754835565563716,508.0,0
0.6755927874031626,508.0,0
0.6757020182499539,508.0,0
0.675811249096745,508.0,0
0.6759204799435361,508.0,0
0.6760297107903273,508.0,0
0.6761389416371184,508.0,0
0.6762481724839096,508.0,0
0.6763574033307007,508.0,0
0.6764666341774918,508.0,0
0.676575865024283,509.0,0
0.6766850958710741,508.0,0
0.6767943267178651,508.0,0
0.6769035575646564,509.0,0
0.6770127884114474,509.0,0
0.6771220192582386,509.0,0
0.6772312501050297,510.0,0
0.6773404809518209,510.0,0
0.6774497117986119,510.0,0
0.6775589426454032,510.0,0
0.6776681734921942,511.0,0
0.6777774043389854,510.0,0
0.6778866351857765,510.0,0
0.6779958660325677,511.0,0
0.6781050968793587,511.0,0
0.67821432772615,511.0,0
0.678323558572941,511.0,0
0.6784327894197322,512.0,0
0.6785420202665233,512.0,0
0.6786512511133145,511.0,0
0.6787604819601056,512.0,0
0.6788697128068968,512.0,0
0.6789789436536878,512.0,0
0.6790881745004791,512.0,0
0.6791974053472701,512.0,0
0.6793066361940613,512.0,0
0.6794158670408524,512.0,0
0.6795250978876436,512.0,0
0.6796343287344346,513.0,0
0.6797435595812258,512.0,0
0.6798527904280169,512.0,0
0.679962021274808,513.0,0
0.6800712521215992,513.0,0
0.6801804829683903,512.0,0
0.6802897138151814,512.0,0
0.6803989446619726,513.0,0
0.6805081755087637,513.0,0
0.6806174063555548,512.0,0
0.680726637202346,513.0,0
0.6808358680491371,513.0,0
0.6809450988959282,512.0,0
0.6810543297427194,512.0,0
0.6811635605895106,512.0,0
0.6812727914363017,512.0,0
0.6813820222830929,512.0,0
0.6814912531298839,512.0,0
0.6816004839766752,512.0,0
0.6817097148234662,511.0,0
0.6818189456702574,511.0,0
0.6819281765170485,512.0,0
0.6820374073638397,511.0,0
0.6821466382106307,511.0,0
0.682255869057422,511.0,0
0.682365099904213,511.0,0
0.682474330751004,511.0,0
0.6825835615977953,511.0,0
0.6826927924445864,511.0,0
0.6828020232913775,510.0,0
0.6829112541381687,510.0,0
0.6830204849849598,510.0,0
0.6831297158317509,511.0,0
0.6832389466785421,510.0,0
0.6833481775253332,510.0,0
0.6834574083721243,510.0,0
0.6835666392189155,510.0,0
0.6836758700657066,510.0,0
0.6837851009124978,510.0,0
0.6838943317592889,510.0,0
0.68400356260608,510.0,0
0.6841127934528712,510.0,0
0.6842220242996623,510.0,0
0.6843312551464534,510.0,0
0.6844404859932446,510.0,0
0.6845497168400357,510.0,0
0.6846589476868268,510.0,0
0.684768178533618,509.0,0
0.6848774093804091,509.0,0
0.6849866402272002,510.0,0
0.6850958710739914,509.0,0
0.6852051019207825,508.0,0
0.6853143327675736,509.0,0
0.6854235636143647,509.0,0
0.6855327944611559,508.0,0
0.6856420253079469,508.0,0
0.6857512561547382,509.0,0
0.6858604870015292,508.0,0
0.6859697178483204,508.0,0
0.6860789486951115,508.0,0
0.6861881795419027,508.0,0
0.6862974103886939,508.0,0
0.686406641235485,508.0,0
0.686515872082276,508.0,0
0.6866251029290673,508.0,0
0.6867343337758584,508.0,0
0.6868435646226495,508.0,0
0.6869527954694407,508.0,0
0.6870620263162318,507.0,0
0.6871712571630229,507.0,0
0.6872804880098141,508.0,0
0.6873897188566052,507.0,0
0.6874989497033963,507.0,0
0.6876081805501875,507.0,0
0.6877174113969786,507.0,0
0.6878266422437697,507.0,0
0.6879358730905609,507.0,0
0.688045103937352,507.0,0
0.688154334784143,507.0,0
0.6882635656309343,506.0,0
0.6883727964777253,507.0,0
0.6884820273245165,507.0,0
0.6885912581713076,506.0,0
0.6887004890180988,506.0,0
0.6888097198648899,506.0,0
0.6889189507116811,506.0,0
0.6890281815584721,505.0,0
0.6891374124052634,506.0,0
0.6892466432520544,506.0,0
0.6893558740988456,505.0,0
0.6894651049456367,505.0,0
0.6895743357924279,505.0,0
0.6896835666392189,505.0,0
0.6897927974860102,505.0,0
0.6899020283328012,505.0,0
0.6900112591795924,505.0,0
0.6901204900263835,505.0,0
0.6902297208731747,505.0,0
0.6903389517199657,506.0,0
0.690448182566757,505.0,0
0.690557413413548,505.0,0
0.6906666442603392,506.0,0
0.6907758751071303,506.0,0
0.6908851059539215,505.0,0
0.6909943368007125,506.0,0
0.6911035676475037,507.0,0
0.6912127984942948,506.0,0
0.691322029341086,506.0,0
0.6914312601878772,507.0,0
0.6915404910346682,507.0,0
0.6916497218814595,507.0,0
0.6917589527282505,507.0,0
0.6918681835750417,508.0,0
0.6919774144218328,508.0,0
0.692086645268624,508.0,0
0.692195876115415,508.0,0
0.6923051069622063,508.0,0
0.6924143378089973,508.0,0
0.6925235686557885,508.0,0
0.6926327995025796,508.0,0
0.6927420303493708,508.0,0
0.6928512611961618,508.0,0
0.6929604920429531,509.0,0
0.6930697228897441,509.0,0
0.6931789537365353,509.0,0
0.6932881845833264,509.0,0
0.6933974154301176,510.0,0
0.6935066462769086,509.0,0
0.6936158771236999,510.0,0
0.6937251079704909,510.0,0
0.6938343388172821,510.0,0
0.6939435696640732,510.0,0
0.6940528005108643,510.0,0
0.6941620313576555,510.0,0
0.6942712622044466,510.0,0
0.6943804930512377,510.0,0
0.6944897238980289,511.0,0
0.69459895474482,511.0,0
0.6947081855916111,510.0,0
0.6948174164384023,510.0,0
0.6949266472851934,511.0,0
0.6950358781319845,510.0,0
0.6951451089787757,510.0,0
0.6952543398255668,511.0,0
0.6953635706723579,511.0,0
0.6954728015191491,510.0,0
0.6955820323659402,511.0,0
0.6956912632127313,511.0,0
0.6958004940595225,510.0,0
0.6959097249063136,510.0,0
0.6960189557531047,511.0,0
0.696128186599896,510.0,0
0.696237417446687,510.0,0
0.6963466482934781,510.0,0
0.6964558791402693,510.0,0
0.6965651099870604,510.0,0
0.6966743408338516,509.0,0
0.6967835716806426,510.0,0
0.6968928025274338,509.0,0
0.697002033374225,508.0,0
0.6971112642210161,510.0,0
0.6972204950678071,509.0,0
0.6973297259145984,508.0,0
0.6974389567613895,508.0,0
0.6975481876081806,510.0,0
0.6976574184549718,509.0,0
0.6977666493017629,508.0,0
0.697875880148554,508.0,0
0.6979851109953452,509.0,0
0.6980943418421363,508.0,0
0.6982035726889274,508.0,0
0.6983128035357186,509.0,0
0.6984220343825097,509.0,0
0.6985312652293008,508.0,0
0.698640496076092,509.0,0
0.6987497269228831,510.0,0
0.6988589577696742,509.0,0
0.6989681886164654,509.0,0
0.6990774194632565,510.0,0
0.6991866503100477,509.0,0
0.6992958811568388,509.0,0
0.6994051120036299,509.0,0
0.699514342850421,510.0,0
0.6996235736972122,509.0,0
0.6997328045440032,509.0,0
0.6998420353907945,509.0,0
0.6999512662375855,509.0,0
0.7000604970843767,508.0,0
0.7001697279311678,509.0,0
0.700278958777959,509.0,0
0.70038818962475,509.0,0
0.7004974204715413,508.0,0
0.7006066513183323,510.0,0
0.7007158821651235,509.0,0
0.7008251130119146,509.0,0
0.7009343438587058,509.0,0
0.7010435747054968,510.0,0
0.7011528055522881,509.0,0
0.7012620363990791,509.0,0
0.7013712672458703,510.0,0
0.7014804980926614,510.0,0
0.7015897289394526,509.0,0
0.7016989597862437,510.0,0
0.7018081906330349,510.0,0
0.7019174214798259,510.0,0
0.7020266523266171,509.0,0
0.7021358831734082,510.0,0
0.7022451140201994,510.0,0
0.7023543448669906,510.0,0
0.7024635757137816,510.0,0
0.7025728065605727,510.0,0
0.7026820374073639,510.0,0
0.702791268254155,510.0,0
0.7029004991009461,510.0,0
0.7030097299477374,511.0,0
0.7031189607945284,510.0,0
0.7032281916413196,510.0,0
0.7033374224881107,511.0,0
0.7034466533349019,510.0,0
0.7035558841816929,510.0,0
0.7036651150284842,511.0,0
0.7037743458752752,510.0,0
0.7038835767220664,510.0,0
0.7039928075688575,510.0,0
0.7041020384156487,511.0,0
0.7042112692624398,510.0,0
0.704320500109231,510.0,0
0.704429730956022,511.0,0
0.7045389618028132,510.0,0
0.7046481926496043,510.0,0
0.7047574234963955,510.0,0
0.7048666543431866,510.0,0
0.7049758851899778,510.0,0
0.7050851160367688,510.0,0
0.70519434688356,511.0,0
0.7053035777303511,510.0,0
0.7054128085771422,510.0,0
0.7055220394239334,510.0,0
0.7056312702707245,511.0,0
0.7057405011175156,510.0,0
0.7058497319643068,511.0,0
0.7059589628110979,511.0,0
0.706068193657889,511.0,0
0.7061774245046802,511.0,0
0.7062866553514713,511.0,0
0.7063958861982624,511.0,0
0.7065051170450536,511.0,0
0.7066143478918447,511.0,0
0.7067235787386359,512.0,0
0.706832809585427,511.0,0
0.7069420404322181,512.0,0
0.7070512712790092,512.0,0
0.7071605021258004,512.0,0
0.7072697329725915,512.0,0
0.7073789638193827,512.0,0
0.7074881946661739,512.0,0
0.7075974255129649,512.0,0
0.707706656359756,512.0,0
0.7078158872065472,512.0,0
0.7079251180533384,512.0,0
0.7080343489001295,512.0,0
0.7081435797469205,512.0,0
0.7082528105937117,512.0,0
0.7083620414405029,512.0,0
0.708471272287294,512.0,0
0.708580503134085,511.0,0
0.7086897339808763,511.0,0
0.7087989648276674,511.0,0
0.7089081956744585,511.0,0
0.7090174265212497,511.0,0
0.7091266573680408,510.0,0
0.709235888214832,510.0,0
0.7093451190616231,510.0,0
0.7094543499084142,510.0,0
0.7095635807552053,510.0,0
0.7096728116019965,510.0,0
0.7097820424487876,510.0,0
0.7098912732955788,509.0,0
0.7100005041423699,509.0,0
0.710109734989161,509.0,0
0.7102189658359521,509.0,0
0.7103281966827433,508.0,0
0.7104374275295344,508.0,0
0.7105466583763256,508.0,0
0.7106558892231167,508.0,0
0.7107651200699078,508.0,0
0.7108743509166989,508.0,0
0.7109835817634901,508.0,0
0.7110928126102811,508.0,0
0.7112020434570724,508.0,0
0.7113112743038634,508.0,0
0.7114205051506546,508.0,0
0.7115297359974457,508.0,0
0.7116389668442369,508.0,0
0.711748197691028,507.0,0
0.7118574285378192,507.0,0
0.7119666593846102,508.0,0
0.7120758902314014,507.0,0
0.7121851210781925,507.0,0
0.7122943519249837,507.0,0
0.7124035827717748,507.0,0
0.712512813618566,507.0,0
0.712622044465357,507.0,0
0.7127312753121482,507.0,0
0.7128405061589393,507.0,0
0.7129497370057305,507.0,0
0.7130589678525217,507.0,0
0.7131681986993128,507.0,0
0.7132774295461038,507.0,0
0.7133866603928951,507.0,0
0.7134958912396862,507.0,0
0.7136051220864772,507.0,0
0.7137143529332685,507.0,0
0.7138235837800595,507.0,0
0.7139328146268507,507.0,0
0.7140420454736418,507.0,0
0.714151276320433,507.0,0
0.7142605071672241,507.0,0
0.7143697380140153,507.0,0
0.7144789688608063,507.0,0
0.7145881997075975,508.0,0
0.7146974305543886,508.0,0
0.7148066614011798,508.0,0
0.7149158922479709,508.0,0
0.7150251230947621,508.0,0
0.7151343539415531,508.0,0
0.7152435847883443,508.0,0
0.7153528156351354,508.0,0
0.7154620464819266,508.0,0
0.7155712773287177,508.0,0
0.7156805081755089,508.0,0
0.7157897390222999,508.0,0
0.7158989698690912,508.0,0
0.7160082007158822,508.0,0
0.7161174315626734,508.0,0
0.7162266624094645,508.0,0
0.7163358932562557,508.0,0
0.7164451241030467,508.0,0
0.7165543549498379,508.0,0
0.716663585796629,508.0,0
0.7167728166434202,508.0,0
0.7168820474902113,508.0,0
0.7169912783370024,508.0,0
0.7171005091837935,508.0,0
0.7172097400305847,508.0,0
0.7173189708773758,508.0,0
0.717428201724167,508.0,0
0.7175374325709581,508.0,0
0.7176466634177492,508.0,0
0.7177558942645403,508.0,0
0.7178651251113315,508.0,0
0.7179743559581226,508.0,0
0.7180835868049138,508.0,0
0.718192817651705,508.0,0
0.718302048498496,507.0,0
0.7184112793452873,508.0,0
0.7185205101920783,508.0,0
0.7186297410388695,507.0,0
0.7187389718856606,508.0,0
0.7188482027324518,508.0,0
0.7189574335792428,508.0,0
0.7190666644260341,507.0,0
0.7191758952728251,508.0,0
0.7192851261196163,508.0,0
0.7193943569664074,508.0,0
0.7195035878131985,508.0,0
0.7196128186599896,508.0,0
0.7197220495067808,508.0,0
0.7198312803535719,508.0,0
0.7199405112003631,508.0,0
0.7200497420471542,509.0,0
0.7201589728939453,508.0,0
0.7202682037407364,508.0,0
0.7203774345875276,509.0,0
0.7204866654343187,509.0,0
0.7205958962811099,509.0,0
0.720705127127901,510.0,0
0.7208143579746921,510.0,0
0.7209235888214833,509.0,0
0.7210328196682744,510.0,0
0.7211420505150655,510.0,0
0.7212512813618567,510.0,0
0.7213605122086478,510.0,0
0.7214697430554389,510.0,0
0.7215789739022301,511.0,0
0.7216882047490212,510.0,0
0.7217974355958123,511.0,0
0.7219066664426035,511.0,0
0.7220158972893946,511.0,0
0.7221251281361857,510.0,0
0.7222343589829768,511.0,0
0.722343589829768,511.0,0
0.7224528206765591,511.0,0
0.7225620515233503,511.0,0
0.7226712823701413,512.0,0
0.7227805132169325,511.0,0
0.7228897440637236,511.0,0
0.7229989749105148,511.0,0
0.7231082057573059,512.0,0
0.7232174366040971,511.0,0
0.7233266674508881,512.0,0
0.7234358982976794,512.0,0
0.7235451291444704,512.0,0
0.7236543599912616,511.0,0
0.7237635908380528,512.0,0
0.7238728216848439,512.0,0
0.723982052531635,512.0,0
0.7240912833784262,512.0,0
0.7242005142252173,512.0,0
0.7243097450720084,512.0,0
0.7244189759187996,512.0,0
0.7245282067655907,512.0,0
0.7246374376123818,513.0,0
0.724746668459173,512.0,0
0.7248558993059641,513.0,0
0.7249651301527552,513.0,0
0.7250743609995464,513.0,0
0.7251835918463374,513.0,0
0.7252928226931286,514.0,0
0.7254020535399197,514.0,0
0.7255112843867109,514.0,0
0.725620515233502,514.0,0
0.7257297460802932,515.0,0
0.7258389769270842,515.0,0
0.7259482077738755,515.0,0
0.7260574386206665,515.0,0
0.7261666694674577,515.0,0
0.7262759003142488,515.0,0
0.72638513116104,515.0,0
0.726494362007831,515.0,0
0.7266035928546223,515.0,0
0.7267128237014133,515.0,0
0.7268220545482045,515.0,0
0.7269312853949956,515.0,0
0.7270405162417868,515.0,0
0.7271497470885778,515.0,0
0.7272589779353691,515.0,0
0.7273682087821601,515.0,0
0.7274774396289513,515.0,0
0.7275866704757424,515.0,0
0.7276959013225336,515.0,0
0.7278051321693246,515.0,0
0.7279143630161158,515.0,0
0.7280235938629069,515.0,0
0.7281328247096981,515.0,0
0.7282420555564892,515.0,0
0.7283512864032803,515.0,0
0.7284605172500715,515.0,0
0.7285697480968626,515.0,0
0.7286789789436537,515.0,0
0.7287882097904449,515.0,0
0.728897440637236,515.0,0
0.7290066714840271,515.0,0
0.7291159023308184,515.0,0
0.7292251331776094,515.0,0
0.7293343640244005,515.0,0
0.7294435948711917,515.0,0
0.7295528257179829,515.0,0
0.7296620565647739,515.0,0
0.7297712874115652,514.0,0
0.7298805182583562,514.0,0
0.7299897491051474,514.0,0
0.7300989799519385,514.0,0
0.7302082107987297,514.0,0
0.7303174416455207,514.0,0
0.730426672492312,514.0,0
0.730535903339103,513.0,0
0.7306451341858942,514.0,0
0.7307543650326853,514.0,0
0.7308635958794764,513.0,0
0.7309728267262676,513.0,0
0.7310820575730587,513.0,0
0.7311912884198498,513.0,0
0.731300519266641,513.0,0
0.7314097501134321,513.0,0
0.7315189809602232,513.0,0
0.7316282118070144,513.0,0
0.7317374426538055,512.0,0
0.7318466735005966,513.0,0
0.7319559043473878,512.0,0
0.7320651351941789,512.0,0
0.73217436604097,512.0,0
0.7322835968877612,512.0,0
0.7323928277345523,512.0,0
0.7325020585813434,512.0,0
0.7326112894281346,512.0,0
0.7327205202749257,512.0,0
0.7328297511217168,511.0,0
0.732938981968508,512.0,0
0.7330482128152991,512.0,0
0.7331574436620902,511.0,0
0.7332666745088814,511.0,0
0.7333759053556725,512.0,0
0.7334851362024637,511.0,0
0.7335943670492547,511.0,0
0.7337035978960459,511.0,0
0.733812828742837,512.0,0
0.7339220595896282,511.0,0
0.7340312904364192,511.0,0
0.7341405212832105,511.0,0
0.7342497521300015,512.0,0
0.7343589829767927,511.0,0
0.7344682138235838,511.0,0
0.734577444670375,511.0,0
0.734686675517166,511.0,0
0.7347959063639573,511.0,0
0.7349051372107483,511.0,0
0.7350143680575395,511.0,0
0.7351235989043307,511.0,0
0.7352328297511218,510.0,0
0.7353420605979128,511.0,0
0.7354512914447041,510.0,0
0.7355605222914952,510.0,0
0.7356697531382863,510.0,0
0.7357789839850775,510.0,0
0.7358882148318686,510.0,0
0.7359974456786598,510.0,0
0.7361066765254509,510.0,0
0.736215907372242,509.0,0
0.7363251382190331,509.0,0
0.7364343690658243,509.0,0
0.7365435999126153,509.0,0
0.7366528307594066,509.0,0
0.7367620616061976,508.0,0
0.7368712924529888,508.0,0
0.7369805232997799,508.0,0
0.7370897541465711,508.0,0
0.7371989849933621,508.0,0
0.7373082158401534,508.0,0
0.7374174466869444,508.0,0
0.7375266775337356,508.0,0
0.7376359083805267,508.0,0
0.7377451392273179,508.0,0
0.7378543700741089,508.0,0
0.7379636009209002,508.0,0
0.7380728317676912,508.0,0
0.7381820626144824,508.0,0
0.7382912934612735,508.0,0
0.7384005243080647,509.0,0
0.7385097551548558,509.0,0
0.738618986001647,508.0,0
0.738728216848438,508.0,0
0.7388374476952293,510.0,0
0.7389466785420203,509.0,0
0.7390559093888115,509.0,0
0.7391651402356026,510.0,0
0.7392743710823937,510.0,0
0.7393836019291848,509.0,0
0.739492832775976,510.0,0
0.7396020636227671,510.0,0
0.7397112944695582,510.0,0
0.7398205253163495,510.0,0
0.7399297561631405,510.0,0
0.7400389870099316,510.0,0
0.7401482178567228,510.0,0
0.740257448703514,510.0,0
0.740366679550305,510.0,0
0.7404759103970963,510.0,0
0.7405851412438873,510.0,0
0.7406943720906785,510.0,0
0.7408036029374696,510.0,0
0.7409128337842608,509.0,0
0.7410220646310519,510.0,0
0.7411312954778431,510.0,0
0.7412405263246341,509.0,0
0.7413497571714254,509.0,0
0.7414589880182164,510.0,0
0.7415682188650076,509.0,0
0.7416774497117987,509.0,0
0.7417866805585899,509.0,0
0.7418959114053809,510.0,0
0.7420051422521721,509.0,0
0.7421143730989632,510.0,0
0.7422236039457543,510.0,0
0.7423328347925455,510.0,0
0.7424420656393366,509.0,0
0.7425512964861277,510.0,0
0.7426605273329189,510.0,0
0.74276975817971,510.0,0
0.7428789890265011,510.0,0
0.7429882198732923,510.0,0
0.7430974507200834,510.0,0
0.7432066815668745,511.0,0
0.7433159124136657,511.0,0
0.7434251432604568,511.0,0
0.743534374107248,511.0,0
0.7436436049540391,511.0,0
0.7437528358008302,512.0,0
0.7438620666476214,512.0,0
0.7439712974944125,512.0,0
0.7440805283412036,512.0,0
0.7441897591879948,512.0,0
0.744298990034786,512.0,0
0.744408220881577,513.0,0
0.7445174517283683,513.0,0
0.7446266825751593,513.0,0
0.7447359134219504,513.0,0
0.7448451442687416,513.0,0
0.7449543751155326,513.0,0
0.7450636059623238,513.0,0
0.745172836809115,514.0,0
0.7452820676559061,513.0,0
0.7453912985026971,514.0,0
0.7455005293494884,514.0,0
0.7456097601962794,514.0,0
0.7457189910430706,514.0,0
0.7458282218898618,515.0,0
0.7459374527366529,515.0,0
0.7460466835834441,515.0,0
0.7461559144302352,515.0,0
0.7462651452770263,515.0,0
0.7463743761238175,515.0,0
0.7464836069706086,515.0,0
0.7465928378173997,515.0,0
0.7467020686641909,515.0,0
0.746811299510982,515.0,0
0.7469205303577731,515.0,0
0.7470297612045643,515.0,0
0.7471389920513554,515.0,0
0.7472482228981465,515.0,0
0.7473574537449377,516.0,0
0.7474666845917288,515.0,0
0.7475759154385199,516.0,0
0.747685146285311,516.0,0
0.7477943771321022,516.0,0
0.7479036079788932,516.0,0
0.7480128388256845,516.0,0
0.7481220696724755,516.0,0
0.7482313005192667,516.0,0
0.7483405313660578,516.0,0
0.748449762212849,517.0,0
0.7485589930596401,516.0,0
0.7486682239064313,516.0,0
0.7487774547532223,517.0,0
0.7488866856000136,517.0,0
0.7489959164468046,516.0,0
0.7491051472935958,516.0,0
0.7492143781403869,516.0,0
0.7493236089871781,516.0,0
0.7494328398339691,516.0,0
0.7495420706807604,516.0,0
0.7496513015275514,516.0,0
0.7497605323743426,515.0,0
0.7498697632211337,515.0,0
0.7499789940679249,516.0,0
0.7500882249147159,515.0,0
0.7501974557615072,515.0,0
0.7503066866082982,515.0,0
0.7504159174550893,515.0,0
0.7505251483018806,515.0,0
0.7506343791486716,515.0,0
0.7507436099954627,515.0,0
0.7508528408422539,515.0,0
0.750962071689045,515.0,0
0.7510713025358362,515.0,0
0.7511805333826274,515.0,0
0.7512897642294184,515.0,0
0.7513989950762097,515.0,0
0.7515082259230007,515.0,0
0.7516174567697919,515.0,0
0.751726687616583,514.0,0
0.7518359184633742,514.0,0
0.7519451493101652,514.0,0
0.7520543801569565,513.0,0
0.7521636110037475,514.0,0
0.7522728418505387,514.0,0
0.7523820726973298,514.0,0
0.752491303544121,513.0,0
0.752600534390912,514.0,0
0.7527097652377033,514.0,0
0.7528189960844943,513.0,0
0.7529282269312855,513.0,0
0.7530374577780766,514.0,0
0.7531466886248678,513.0,0
0.7532559194716588,513.0,0
0.75336515031845,513.0,0
0.7534743811652411,514.0,0
0.7535836120120323,513.0,0
0.7536928428588234,513.0,0
0.7538020737056145,513.0,0
0.7539113045524057,513.0,0
0.7540205353991968,513.0,0
0.7541297662459879,514.0,0
0.7542389970927791,513.0,0
0.7543482279395702,513.0,0
0.7544574587863613,513.0,0
0.7545666896331525,514.0,0
0.7546759204799436,513.0,0
0.7547851513267347,513.0,0
0.7548943821735259,513.0,0
0.755003613020317,513.0,0
0.7551128438671081,513.0,0
0.7552220747138993,513.0,0
0.7553313055606904,513.0,0
0.7554405364074815,513.0,0
0.7555497672542727,512.0,0
0.7556589981010639,513.0,0
0.7557682289478549,512.0,0
0.7558774597946462,512.0,0
0.7559866906414372,512.0,0
0.7560959214882284,512.0,0
0.7562051523350195,512.0,0
0.7563143831818105,511.0,0
0.7564236140286018,512.0,0
0.7565328448753929,511.0,0
0.756642075722184,511.0,0
0.7567513065689752,511.0,0
0.7568605374157663,511.0,0
0.7569697682625574,511.0,0
0.7570789991093486,510.0,0
0.7571882299561397,510.0,0
0.7572974608029308,510.0,0
0.757406691649722,510.0,0
0.7575159224965131,509.0,0
0.7576251533433042,510.0,0
0.7577343841900954,510.0,0
0.7578436150368865,509.0,0
0.7579528458836776,509.0,0
0.7580620767304688,510.0,0
0.7581713075772599,508.0,0
0.758280538424051,509.0,0
0.7583897692708422,509.0,0
0.7584990001176333,509.0,0
0.7586082309644244,508.0,0
0.7587174618112156,509.0,0
0.7588266926580067,509.0,0
0.7589359235047979,509.0,0
0.7590451543515889,508.0,0
0.7591543851983801,509.0,0
0.7592636160451712,509.0,0
0.7593728468919624,509.0,0
0.7594820777387534,509.0,0
0.7595913085855447,510.0,0
0.7597005394323357,509.0,0
0.7598097702791269,509.0,0
0.759919001125918,510.0,0
0.7600282319727092,510.0,0
0.7601374628195002,510.0,0
0.7602466936662915,510.0,0
0.7603559245130825,510.0,0
0.7604651553598737,510.0,0
0.7605743862066648,510.0,0
0.760683617053456,510.0,0
0.760792847900247,510.0,0
0.7609020787470383,510.0,0
0.7610113095938293,511.0,0
0.7611205404406205,511.0,0
0.7612297712874116,511.0,0
0.7613390021342028,511.0,0
0.761448232980994,511.0,0
0.7615574638277851,511.0,0
0.7616666946745762,511.0,0
0.7617759255213673,511.0,0
0.7618851563681585,511.0,0
0.7619943872149495,511.0,0
0.7621036180617408,511.0,0
0.7622128489085318,511.0,0
0.762322079755323,510.0,0
0.7624313106021141,510.0,0
0.7625405414489053,510.0,0
0.7626497722956963,510.0,0
0.7627590031424876,510.0,0
0.7628682339892786,510.0,0
0.7629774648360698,510.0,0
0.7630866956828609,510.0,0
0.7631959265296521,509.0,0
0.7633051573764431,509.0,0
0.7634143882232344,508.0,0
0.7635236190700254,508.0,0
0.7636328499168166,508.0,0
0.7637420807636077,508.0,0
0.7638513116103989,508.0,0
0.76396054245719,508.0,0
0.7640697733039812,508.0,0
0.7641790041507722,508.0,0
0.7642882349975634,508.0,0
0.7643974658443545,508.0,0
0.7645066966911457,508.0,0
0.7646159275379368,508.0,0
0.7647251583847279,508.0,0
0.764834389231519,509.0,0
0.7649436200783102,509.0,0
0.7650528509251013,510.0,0
0.7651620817718924,509.0,0
0.7652713126186836,510.0,0
0.7653805434654747,510.0,0
0.7654897743122658,510.0,0
0.765599005159057,510.0,0
0.7657082360058481,511.0,0
0.7658174668526392,511.0,0
0.7659266976994304,511.0,0
0.7660359285462215,511.0,0
0.7661451593930126,512.0,0
0.7662543902398038,512.0,0
0.766363621086595,512.0,0
0.7664728519333861,512.0,0
0.7665820827801773,513.0,0
0.7666913136269683,512.0,0
0.7668005444737594,513.0,0
0.7669097753205506,513.0,0
0.7670190061673418,513.0,0
0.7671282370141329,513.0,0
0.7672374678609241,513.0,0
0.7673466987077151,513.0,0
0.7674559295545063,513.0,0
0.7675651604012974,513.0,0
0.7676743912480885,514.0,0
0.7677836220948797,513.0,0
0.7678928529416708,514.0,0
0.7680020837884619,514.0,0
0.7681113146352531,514.0,0
0.7682205454820442,514.0,0
0.7683297763288353,515.0,0
0.7684390071756265,515.0,0
0.7685482380224176,515.0,0
0.7686574688692087,515.0,0
0.7687666997159999,515.0,0
0.768875930562791,515.0,0
0.7689851614095822,515.0,0
0.7690943922563733,515.0,0
0.7692036231031644,515.0,0
0.7693128539499555,515.0,0
0.7694220847967467,515.0,0
0.7695313156435378,515.0,0
0.769640546490329,515.0,0
0.7697497773371201,515.0,0
0.7698590081839112,515.0,0
0.7699682390307023,515.0,0
0.7700774698774935,515.0,0
0.7701867007242846,515.0,0
0.7702959315710758,515.0,0
0.7704051624178668,515.0,0
0.770514393264658,515.0,0
0.7706236241114491,515.0,0
0.7707328549582403,515.0,0
0.7708420858050313,514.0,0
0.7709513166518226,514.0,0
0.7710605474986136,514.0,0
0.7711697783454048,513.0,0
0.7712790091921959,513.0,0
0.7713882400389871,513.0,0
0.7714974708857782,513.0,0
0.7716067017325694,512.0,0
0.7717159325793604,512.0,0
0.7718251634261516,512.0,0
0.7719343942729427,512.0,0
0.7720436251197339,512.0,0
0.772152855966525,512.0,0
0.7722620868133162,512.0,0
0.7723713176601072,511.0,0
0.7724805485068984,511.0,0
0.7725897793536896,511.0,0
0.7726990102004807,511.0,0
0.7728082410472719,511.0,0
0.772917471894063,512.0,0
0.773026702740854,511.0,0
0.7731359335876452,511.0,0
0.7732451644344364,511.0,0
0.7733543952812274,512.0,0
0.7734636261280187,511.0,0
0.7735728569748097,511.0,0
0.7736820878216009,512.0,0
0.773791318668392,512.0,0
0.7739005495151832,511.0,0
0.7740097803619743,512.0,0
0.7741190112087655,512.0,0
0.7742282420555565,511.0,0
0.7743374729023477,511.0,0
0.7744467037491388,512.0,0
0.77455593459593,512.0,0
0.7746651654427211,511.0,0
0.7747743962895123,512.0,0
0.7748836271363033,512.0,0
0.7749928579830945,511.0,0
0.7751020888298856,512.0,0
0.7752113196766768,512.0,0
0.7753205505234679,512.0,0
0.7754297813702591,511.0,0
0.7755390122170501,512.0,0
0.7756482430638414,512.0,0
0.7757574739106324,512.0,0
0.7758667047574236,512.0,0
0.7759759356042147,513.0,0
0.7760851664510058,512.0,0
0.7761943972977969,512.0,0
0.7763036281445881,513.0,0
0.7764128589913792,513.0,0
0.7765220898381704,512.0,0
0.7766313206849615,513.0,0
0.7767405515317526,513.0,0
0.7768497823785437,513.0,0
0.7769590132253349,512.0,0
0.777068244072126,513.0,0
0.7771774749189172,513.0,0
0.7772867057657084,512.0,0
0.7773959366124994,512.0,0
0.7775051674592905,513.0,0
0.7776143983060817,512.0,0
0.7777236291528729,512.0,0
0.777832859999664,512.0,0
0.7779420908464552,512.0,0
0.7780513216932462,512.0,0
0.7781605525400375,512.0,0
0.7782697833868285,512.0,0
0.7783790142336197,511.0,0
0.7784882450804108,511.0,0
0.778597475927202,511.0,0
0.778706706773993,511.0,0
0.7788159376207842,511.0,0
0.7789251684675753,511.0,0
0.7790343993143665,511.0,0
0.7791436301611576,510.0,0
0.7792528610079487,510.0,0
0.7793620918547398,511.0,0
0.779471322701531,511.0,0
0.7795805535483221,510.0,0
0.7796897843951133,511.0,0
0.7797990152419044,511.0,0
0.7799082460886955,511.0,0
0.7800174769354866,510.0,0
0.7801267077822778,511.0,0
0.7802359386290689,511.0,0
0.7803451694758601,510.0,0
0.7804544003226512,510.0,0
0.7805636311694423,511.0,0
0.7806728620162335,510.0,0
0.7807820928630246,510.0,0
0.7808913237098157,511.0,0
0.7810005545566069,511.0,0
0.781109785403398,510.0,0
0.7812190162501891,511.0,0
0.7813282470969803,511.0,0
0.7814374779437714,511.0,0
0.7815467087905625,511.0,0
0.7816559396373537,512.0,0
0.7817651704841447,512.0,0
0.7818744013309359,511.0,0
0.781983632177727,511.0,0
0.7820928630245182,512.0,0
0.7822020938713093,511.0,0
0.7823113247181005,511.0,0
0.7824205555648915,512.0,0
0.7825297864116827,512.0,0
0.7826390172584738,511.0,0
0.782748248105265,511.0,0
0.7828574789520562,511.0,0
0.7829667097988473,511.0,0
0.7830759406456383,511.0,0
0.7831851714924296,511.0,0
0.7832944023392207,511.0,0
0.7834036331860118,511.0,0
0.783512864032803,511.0,0
0.7836220948795941,511.0,0
0.7837313257263852,511.0,0
0.7838405565731764,511.0,0
0.7839497874199675,511.0,0
0.7840590182667586,511.0,0
0.7841682491135498,511.0,0
0.7842774799603409,511.0,0
0.784386710807132,511.0,0
0.7844959416539231,511.0,0
0.7846051725007143,511.0,0
0.7847144033475054,511.0,0
0.7848236341942966,511.0,0
0.7849328650410876,511.0,0
0.7850420958878788,511.0,0
0.7851513267346699,511.0,0
0.7852605575814611,511.0,0
0.7853697884282522,511.0,0
0.7854790192750434,511.0,0
0.7855882501218344,511.0,0
0.7856974809686257,511.0,0
0.7858067118154167,511.0,0
0.7859159426622079,512.0,0
0.786025173508999,511.0,0
0.7861344043557902,511.0,0
0.7862436352025812,512.0,0
0.7863528660493725,512.0,0
0.7864620968961635,511.0,0
0.7865713277429547,512.0,0
0.7866805585897458,512.0,0
0.786789789436537,512.0,0
0.786899020283328,512.0,0
0.7870082511301193,512.0,0
0.7871174819769103,512.0,0
0.7872267128237015,512.0,0
0.7873359436704926,512.0,0
0.7874451745172837,512.0,0
0.7875544053640748,513.0,0
0.787663636210866,512.0,0
0.7877728670576571,513.0,0
0.7878820979044483,513.0,0
0.7879913287512395,513.0,0
0.7881005595980305,513.0,0
0.7882097904448218,513.0,0
0.7883190212916128,513.0,0
0.788428252138404,513.0,0
0.7885374829851951,513.0,0
0.7886467138319863,513.0,0
0.7887559446787773,513.0,0
0.7888651755255686,513.0,0
0.7889744063723596,513.0,0
0.7890836372191508,513.0,0
0.7891928680659419,513.0,0
0.7893020989127331,513.0,0
0.7894113297595241,513.0,0
0.7895205606063154,513.0,0
0.7896297914531064,513.0,0
0.7897390222998976,513.0,0
0.7898482531466887,513.0,0
0.7899574839934799,513.0,0
0.7900667148402709,513.0,0
0.7901759456870621,513.0,0
0.7902851765338532,513.0,0
0.7903944073806444,513.0,0
0.7905036382274355,514.0,0
0.7906128690742266,513.0,0
0.7907220999210178,513.0,0
0.7908313307678089,514.0,0
0.7909405616146,514.0,0
0.7910497924613912,513.0,0
0.7911590233081823,514.0,0
0.7912682541549734,514.0,0
0.7913774850017646,514.0,0
0.7914867158485557,514.0,0
0.7915959466953468,514.0,0
0.791705177542138,514.0,0
0.7918144083889291,513.0,0
0.7919236392357202,514.0,0
0.7920328700825114,514.0,0
0.7921421009293025,513.0,0
0.7922513317760936,513.0,0
0.7923605626228848,514.0,0
0.7924697934696759,513.0,0
0.792579024316467,513.0,0
0.7926882551632582,513.0,0
0.7927974860100493,513.0,0
0.7929067168568404,513.0,0
0.7930159477036316,512.0,0
0.7931251785504226,513.0,0
0.7932344093972139,512.0,0
0.7933436402440049,511.0,0
0.7934528710907961,512.0,0
0.7935621019375872,512.0,0
0.7936713327843784,511.0,0
0.7937805636311694,510.0,0
0.7938897944779607,511.0,0
0.7939990253247518,510.0,0
0.7941082561715429,510.0,0
0.7942174870183341,510.0,0
0.7943267178651252,510.0,0
0.7944359487119163,508.0,0
0.7945451795587075,508.0,0
0.7946544104054986,509.0,0
0.7947636412522897,508.0,0
0.7948728720990809,508.0,0
0.794982102945872,508.0,0
0.7950913337926631,508.0,0
0.7952005646394543,508.0,0
0.7953097954862454,508.0,0
0.7954190263330365,508.0,0
0.7955282571798277,508.0,0
0.7956374880266188,507.0,0
0.79574671887341,507.0,0
0.795855949720201,508.0,0
0.7959651805669922,507.0,0
0.7960744114137833,506.0,0
0.7961836422605745,507.0,0
0.7962928731073655,507.0,0
0.7964021039541568,505.0,0
0.7965113348009478,506.0,0
0.796620565647739,506.0,0
0.7967297964945301,506.0,0
0.7968390273413213,505.0,0
0.7969482581881123,506.0,0
0.7970574890349036,506.0,0
0.7971667198816946,505.0,0
0.7972759507284858,505.0,0
0.7973851815752769,507.0,0
0.7974944124220681,506.0,0
0.7976036432688591,506.0,0
0.7977128741156504,506.0,0
0.7978221049624414,507.0,0
0.7979313358092326,506.0,0
0.7980405666560237,507.0,0
0.7981497975028149,507.0,0
0.798259028349606,507.0,0
0.7983682591963972,507.0,0
0.7984774900431882,508.0,0
0.7985867208899794,508.0,0
0.7986959517367705,508.0,0
0.7988051825835616,508.0,0
0.7989144134303529,508.0,0
0.7990236442771439,508.0,0
0.799132875123935,508.0,0
0.7992421059707262,508.0,0
0.7993513368175174,508.0,0
0.7994605676643084,508.0,0
0.7995697985110997,508.0,0
0.7996790293578907,508.0,0
0.7997882602046819,508.0,0
0.799897491051473,508.0,0
0.8000067218982642,509.0,0
0.8001159527450552,509.0,0
0.8002251835918465,509.0,0
0.8003344144386375,509.0,0
0.8004436452854287,510.0,0
0.8005528761322198,509.0,0
0.800662106979011,509.0,0
0.8007713378258021,510.0,0
0.8008805686725933,510.0,0
0.8009897995193843,509.0,0
0.8010990303661756,509.0,0
0.8012082612129666,510.0,0
0.8013174920597578,509.0,0
0.8014267229065489,508.0,0
0.80153595375334,509.0,0
0.8016451846001311,509.0,0
0.8017544154469223,508.0,0
0.8018636462937134,508.0,0
0.8019728771405045,509.0,0
0.8020821079872957,508.0,0
0.8021913388340868,508.0,0
0.8023005696808779,508.0,0
0.8024098005276691,509.0,0
0.8025190313744602,508.0,0
0.8026282622212513,508.0,0
0.8027374930680425,508.0,0
0.8028467239148336,508.0,0
0.8029559547616247,508.0,0
0.8030651856084159,508.0,0
0.803174416455207,508.0,0
0.8032836473019982,508.0,0
0.8033928781487893,508.0,0
0.8035021089955804,508.0,0
0.8036113398423717,508.0,0
0.8037205706891627,508.0,0
0.8038298015359538,508.0,0
0.803939032382745,508.0,0
0.8040482632295362,507.0,0
0.8041574940763272,508.0,0
0.8042667249231183,508.0,0
0.8043759557699095,508.0,0
0.8044851866167005,508.0,0
0.8045944174634918,508.0,0
0.8047036483102828,508.0,0
0.804812879157074,507.0,0
0.8049221100038652,508.0,0
0.8050313408506563,508.0,0
0.8051405716974473,507.0,0
0.8052498025442386,507.0,0
0.8053590333910297,508.0,0
0.8054682642378208,507.0,0
0.805577495084612,507.0,0
0.8056867259314031,507.0,0
0.8057959567781943,507.0,0
0.8059051876249854,507.0,0
0.8060144184717765,507.0,0
0.8061236493185677,508.0,0
0.8062328801653588,507.0,0
0.8063421110121499,507.0,0
0.8064513418589411,507.0,0
0.8065605727057322,508.0,0
0.8066698035525233,507.0,0
0.8067790343993145,508.0,0
0.8068882652461056,508.0,0
0.8069974960928967,508.0,0
0.8071067269396879,508.0,0
0.8072159577864789,508.0,0
0.8073251886332701,508.0,0
0.8074344194800612,508.0,0
0.8075436503268524,508.0,0
0.8076528811736434,508.0,0
0.8077621120204347,508.0,0
0.8078713428672257,508.0,0
0.8079805737140169,508.0,0
0.808089804560808,508.0,0
0.8081990354075992,508.0,0
0.8083082662543903,508.0,0
0.8084174971011815,509.0,0
0.8085267279479725,509.0,0
0.8086359587947638,508.0,0
0.8087451896415548,509.0,0
0.808854420488346,510.0,0
0.8089636513351371,509.0,0
0.8090728821819283,509.0,0
0.8091821130287193,510.0,0
0.8092913438755106,509.0,0
0.8094005747223016,509.0,0
0.8095098055690928,510.0,0
0.809619036415884,510.0,0
0.8097282672626751,510.0,0
0.8098374981094661,510.0,0
0.8099467289562573,510.0,0
0.8100559598030485,510.0,0
0.8101651906498395,510.0,0
0.8102744214966308,510.0,0
0.8103836523434218,510.0,0
0.810492883190213,510.0,0
0.8106021140370041,510.0,0
0.8107113448837953,510.0,0
0.8108205757305864,510.0,0
0.8109298065773776,510.0,0
0.8110390374241686,510.0,0
0.8111482682709599,510.0,0
0.8112574991177509,510.0,0
0.8113667299645421,510.0,0
0.8114759608113332,510.0,0
0.8115851916581244,510.0,0
0.8116944225049154,510.0,0
0.8118036533517067,510.0,0
0.8119128841984977,511.0,0
0.8120221150452889,511.0,0
0.81213134589208,510.0,0
0.8122405767388712,511.0,0
0.8123498075856622,511.0,0
0.8124590384324535,511.0,0
0.8125682692792446,511.0,0
0.8126775001260356,512.0,0
0.8127867309728268,512.0,0
0.812895961819618,511.0,0
0.813005192666409,512.0,0
0.8131144235132002,512.0,0
0.8132236543599913,512.0,0
0.8133328852067825,512.0,0
0.8134421160535735,512.0,0
0.8135513469003647,512.0,0
0.8136605777471559,512.0,0
0.8137698085939471,512.0,0
0.813879039440738,513.0,0
0.8139882702875293,513.0,0
0.8140975011343204,513.0,0
0.8142067319811116,513.0,0
0.8143159628279026,513.0,0
0.8144251936746938,513.0,0
0.814534424521485,513.0,0
0.8146436553682761,514.0,0
0.8147528862150671,513.0,0
0.8148621170618583,514.0,0
0.8149713479086496,514.0,0
0.8150805787554407,514.0,0
0.8151898096022316,513.0,0
0.8152990404490229,514.0,0
0.8154082712958141,514.0,0
0.8155175021426052,514.0,0
0.8156267329893963,513.0,0
0.8157359638361874,514.0,0
0.8158451946829786,514.0,0
0.8159544255297696,514.0,0
0.8160636563765608,514.0,0
0.816172887223352,514.0,0
0.8162821180701432,514.0,0
0.8163913489169341,514.0,0
0.8165005797637254,514.0,0
0.8166098106105165,514.0,0
0.8167190414573077,514.0,0
0.8168282723040987,514.0,0
0.8169375031508899,514.0,0
0.817046733997681,514.0,0
0.8171559648444722,514.0,0
0.8172651956912632,514.0,0
0.8173744265380544,513.0,0
0.8174836573848456,513.0,0
0.8175928882316368,513.0,0
0.8177021190784277,513.0,0
0.817811349925219,513.0,0
0.8179205807720101,513.0,0
0.8180298116188013,513.0,0
0.8181390424655923,513.0,0
0.8182482733123835,512.0,0
0.8183575041591746,512.0,0
0.8184667350059657,512.0,0
0.8185759658527568,512.0,0
0.8186851966995481,512.0,0
0.8187944275463392,512.0,0
0.8189036583931302,512.0,0
0.8190128892399214,512.0,0
0.8191221200867126,512.0,0
0.8192313509335037,511.0,0
0.8193405817802948,511.0,0
0.8194498126270859,511.0,0
0.8195590434738771,511.0,0
0.8196682743206682,511.0,0
0.8197775051674593,511.0,0
0.8198867360142504,511.0,0
0.8199959668610417,510.0,0
0.8201051977078329,510.0,0
0.8202144285546238,510.0,0
0.820323659401415,510.0,0
0.8204328902482062,510.0,0
0.8205421210949974,510.0,0
0.8206513519417884,510.0,0
0.8207605827885796,510.0,0
0.8208698136353707,509.0,0
0.820979044482162,510.0,0
0.8210882753289529,509.0,0
0.8211975061757442,509.0,0
0.8213067370225353,509.0,0
0.8214159678693262,509.0,0
0.8215251987161175,508.0,0
0.8216344295629087,508.0,0
0.8217436604096998,508.0,0
0.8218528912564909,508.0,0
0.821962122103282,508.0,0
0.8220713529500732,508.0,0
0.8221805837968643,508.0,0
0.8222898146436554,508.0,0
0.8223990454904465,508.0,0
0.8225082763372378,508.0,0
0.8226175071840289,508.0,0
0.8227267380308199,508.0,0
0.8228359688776111,508.0,0
0.8229451997244023,508.0,0
0.8230544305711934,508.0,0
0.8231636614179845,508.0,0
0.8232728922647756,508.0,0
0.8233821231115668,508.0,0
0.823491353958358,508.0,0
0.823600584805149,508.0,0
0.8237098156519402,508.0,0
0.8238190464987314,508.0,0
0.8239282773455225,508.0,0
0.8240375081923136,508.0,0
0.8241467390391047,508.0,0
0.8242559698858959,508.0,0
0.8243652007326869,508.0,0
0.8244744315794781,508.0,0
0.8245836624262692,508.0,0
0.8246928932730604,508.0,0
0.8248021241198514,508.0,0
0.8249113549666426,509.0,0
0.8250205858134338,509.0,0
0.825129816660225,509.0,0
0.8252390475070159,509.0,0
0.8253482783538072,510.0,0
0.8254575092005983,510.0,0
0.8255667400473895,510.0,0
0.8256759708941805,510.0,0
0.8257852017409717,510.0,0
0.8258944325877629,510.0,0
0.8260036634345541,511.0,0
0.826112894281345,511.0,0
0.8262221251281363,511.0,0
0.8263313559749275,511.0,0
0.8264405868217186,511.0,0
0.8265498176685097,512.0,0
0.8266590485153008,512.0,0
0.826768279362092,512.0,0
0.826877510208883,512.0,0
0.8269867410556742,512.0,0
0.8270959719024653,512.0,0
0.8272052027492565,512.0,0
0.8273144335960475,512.0,0
0.8274236644428387,512.0,0
0.8275328952896299,512.0,0
0.8276421261364211,512.0,0
0.827751356983212,512.0,0
0.8278605878300033,512.0,0
0.8279698186767944,512.0,0
0.8280790495235856,512.0,0
0.8281882803703766,512.0,0
0.8282975112171678,512.0,0
0.8284067420639589,512.0,0
0.8285159729107502,512.0,0
0.8286252037575411,512.0,0
0.8287344346043324,511.0,0
0.8288436654511235,511.0,0
0.8289528962979147,511.0,0
0.8290621271447057,511.0,0
0.8291713579914969,511.0,0
0.829280588838288,511.0,0
0.8293898196850792,511.0,0
0.8294990505318702,511.0,0
0.8296082813786614,511.0,0
0.8297175122254525,510.0,0
0.8298267430722436,510.0,0
0.8299359739190347,510.0,0
0.830045204765826,510.0,0
0.8301544356126171,510.0,0
0.8302636664594081,510.0,0
0.8303728973061993,510.0,0
0.8304821281529905,510.0,0
0.8305913589997816,510.0,0
0.8307005898465727,510.0,0
0.8308098206933638,509.0,0
0.830919051540155,509.0,0
0.8310282823869463,510.0,0
0.8311375132337372,509.0,0
0.8312467440805285,508.0,0
0.8313559749273196,508.0,0
0.8314652057741108,509.0,0
0.8315744366209018,508.0,0
0.831683667467693,508.0,0
0.8317928983144841,509.0,0
0.8319021291612753,509.0,0
0.8320113600080663,509.0,0
0.8321205908548575,510.0,0
0.8322298217016486,510.0,0
0.8323390525484399,509.0,0
0.8324482833952308,510.0,0
0.8325575142420221,510.0,0
0.8326667450888132,510.0,0
0.8327759759356042,510.0,0
0.8328852067823954,510.0,0
0.8329944376291866,511.0,0
0.8331036684759777,511.0,0
0.8332128993227688,511.0,0
0.8333221301695599,511.0,0
0.8334313610163511,512.0,0
0.8335405918631423,512.0,0
0.8336498227099333,512.0,0
0.8337590535567245,512.0,0
0.8338682844035157,513.0,0
0.8339775152503068,512.0,0
0.8340867460970979,513.0,0
0.834195976943889,513.0,0
0.8343052077906802,513.0,0
0.8344144386374713,513.0,0
0.8345236694842624,515.0,0
0.8346329003310535,515.0,0
0.8347421311778447,514.0,0
0.834851362024636,515.0,0
0.8349605928714269,515.0,0
0.8350698237182181,515.0,0
0.8351790545650093,515.0,0
0.8352882854118004,515.0,0
0.8353975162585915,515.0,0
0.8355067471053826,515.0,0
0.8356159779521738,515.0,0
0.8357252087989648,515.0,0
0.835834439645756,515.0,0
0.8359436704925471,515.0,0
0.8360529013393384,516.0,0
0.8361621321861293,515.0,0
0.8362713630329206,515.0,0
0.8363805938797118,515.0,0
0.8364898247265029,516.0,0
0.836599055573294,515.0,0
0.8367082864200851,515.0,0
0.8368175172668763,516.0,0
0.8369267481136674,516.0,0
0.8370359789604584,515.0,0
0.8371452098072496,515.0,0
0.8372544406540408,515.0,0
0.837363671500832,515.0,0
0.837472902347623,515.0,0
0.8375821331944142,515.0,0
0.8376913640412054,515.0,0
0.8378005948879965,515.0,0
0.8379098257347876,515.0,0
0.8380190565815787,515.0,0
0.8381282874283699,515.0,0
0.8382375182751609,515.0,0
0.8383467491219521,515.0,0
0.8384559799687432,515.0,0
0.8385652108155345,515.0,0
0.8386744416623254,515.0,0
0.8387836725091167,515.0,0
0.8388929033559078,515.0,0
0.839002134202699,514.0,0
0.83911136504949,515.0,0
0.8392205958962812,515.0,0
0.8393298267430723,514.0,0
0.8394390575898635,514.0,0
0.8395482884366545,515.0,0
0.8396575192834457,514.0,0
0.8397667501302368,513.0,0
0.8398759809770281,514.0,0
0.839985211823819,514.0,0
0.8400944426706103,513.0,0
0.8402036735174014,513.0,0
0.8403129043641926,514.0,0
0.8404221352109836,513.0,0
0.8405313660577748,513.0,0
0.8406405969045659,513.0,0
0.8407498277513572,513.0,0
0.8408590585981481,513.0,0
0.8409682894449393,513.0,0
0.8410775202917306,513.0,0
0.8411867511385215,513.0,0
0.8412959819853127,513.0,0
0.8414052128321039,513.0,0
0.841514443678895,513.0,0
0.8416236745256861,512.0,0
0.8417329053724772,512.0,0
0.8418421362192684,513.0,0
0.8419513670660596,512.0,0
0.8420605979128506,512.0,0
0.8421698287596417,512.0,0
0.8422790596064329,512.0,0
0.8423882904532242,512.0,0
0.8424975213000151,512.0,0
0.8426067521468064,512.0,0
0.8427159829935975,511.0,0
0.8428252138403887,511.0,0
0.8429344446871797,511.0,0
0.8430436755339709,511.0,0
0.843152906380762,511.0,0
0.8432621372275533,511.0,0
0.8433713680743442,511.0,0
0.8434805989211354,511.0,0
0.8435898297679266,510.0,0
0.8436990606147178,511.0,0
0.8438082914615088,511.0,0
0.8439175223083,510.0,0
0.8440267531550911,510.0,0
0.8441359840018822,511.0,0
0.8442452148486733,510.0,0
0.8443544456954645,510.0,0
0.8444636765422556,511.0,0
0.8445729073890467,511.0,0
0.8446821382358378,510.0,0
0.844791369082629,511.0,0
0.8449005999294202,511.0,0
0.8450098307762112,510.0,0
0.8451190616230024,510.0,0
0.8452282924697936,511.0,0
0.8453375233165847,510.0,0
0.8454467541633758,510.0,0
0.8455559850101669,510.0,0
0.8456652158569581,511.0,0
0.8457744467037493,510.0,0
0.8458836775505403,510.0,0
0.8459929083973314,511.0,0
0.8461021392441227,511.0,0
0.8462113700909139,510.0,0
0.8463206009377049,510.0,0
0.846429831784496,511.0,0
0.8465390626312872,510.0,0
0.8466482934780784,510.0,0
0.8467575243248694,510.0,0
0.8468667551716605,510.0,0
0.8469759860184517,510.0,0
0.8470852168652427,510.0,0
0.8471944477120339,510.0,0
0.847303678558825,509.0,0
0.8474129094056163,509.0,0
0.8475221402524072,509.0,0
0.8476313710991985,509.0,0
0.8477406019459897,508.0,0
0.8478498327927808,508.0,0
0.8479590636395719,508.0,0
0.848068294486363,508.0,0
0.8481775253331542,508.0,0
0.8482867561799454,508.0,0
0.8483959870267364,508.0,0
0.8485052178735275,508.0,0
0.8486144487203188,508.0,0
0.8487236795671099,508.0,0
0.848832910413901,508.0,0
0.8489421412606921,508.0,0
0.8490513721074833,508.0,0
0.8491606029542744,508.0,0
0.8492698338010655,507.0,0
0.8493790646478566,508.0,0
0.8494882954946478,508.0,0
0.8495975263414388,507.0,0
0.84970675718823,507.0,0
0.8498159880350211,508.0,0
0.8499252188818124,507.0,0
0.8500344497286033,506.0,0
0.8501436805753946,507.0,0
0.8502529114221857,507.0,0
0.8503621422689769,506.0,0
0.8504713731157679,505.0,0
0.8505806039625591,506.0,0
0.8506898348093502,506.0,0
0.8507990656561415,505.0,0
0.8509082965029324,505.0,0
0.8510175273497236,506.0,0
0.8511267581965148,505.0,0
0.851235989043306,505.0,0
0.851345219890097,505.0,0
0.8514544507368882,505.0,0
0.8515636815836793,505.0,0
0.8516729124304705,504.0,0
0.8517821432772615,505.0,0
0.8518913741240527,505.0,0
0.8520006049708438,504.0,0
0.8521098358176351,505.0,0
0.852219066664426,505.0,0
0.8523282975112172,504.0,0
0.8524375283580085,505.0,0
0.8525467592047994,505.0,0
0.8526559900515907,505.0,0
0.8527652208983818,505.0,0
0.852874451745173,505.0,0
0.852983682591964,505.0,0
0.8530929134387552,505.0,0
0.8532021442855463,505.0,0
0.8533113751323376,506.0,0
0.8534206059791285,505.0,0
0.8535298368259197,505.0,0
0.8536390676727109,506.0,0
0.8537482985195021,507.0,0
0.8538575293662931,506.0,0
0.8539667602130843,506.0,0
0.8540759910598754,507.0,0
0.8541852219066666,507.0,0
0.8542944527534576,507.0,0
0.8544036836002488,507.0,0
0.8545129144470399,507.0,0
0.8546221452938312,507.0,0
0.8547313761406221,507.0,0
0.8548406069874133,508.0,0
0.8549498378342045,508.0,0
0.8550590686809957,507.0,0
0.8551682995277867,508.0,0
0.8552775303745779,508.0,0
0.855386761221369,508.0,0
0.8554959920681601,508.0,0
0.8556052229149512,508.0,0
0.8557144537617424,508.0,0
0.8558236846085336,508.0,0
0.8559329154553246,508.0,0
0.8560421463021157,508.0,0
0.856151377148907,508.0,0
0.8562606079956981,508.0,0
0.8563698388424892,508.0,0
0.8564790696892803,508.0,0
0.8565883005360715,508.0,0
0.8566975313828626,508.0,0
0.8568067622296537,508.0,0
0.8569159930764448,508.0,0
0.857025223923236,508.0,0
0.8571344547700273,508.0,0
0.8572436856168182,508.0,0
0.8573529164636093,507.0,0
0.8574621473104006,508.0,0
0.8575713781571918,508.0,0
0.8576806090039828,507.0,0
0.857789839850774,507.0,0
0.8578990706975651,508.0,0
0.8580083015443561,507.0,0
0.8581175323911473,507.0,0
0.8582267632379385,507.0,0
0.8583359940847297,507.0,0
0.8584452249315206,506.0,0
0.8585544557783118,507.0,0
0.8586636866251031,507.0,0
0.8587729174718942,507.0,0
0.8588821483186853,505.0,0
0.8589913791654764,506.0,0
0.8591006100122676,506.0,0
0.8592098408590587,505.0,0
0.8593190717058498,505.0,0
0.8594283025526409,505.0,0
0.8595375333994321,505.0,0
0.8596467642462233,504.0,0
0.8597559950930143,504.0,0
0.8598652259398054,505.0,0
0.8599744567865967,504.0,0
0.8600836876333878,504.0,0
0.8601929184801789,504.0,0
0.86030214932697,504.0,0
0.8604113801737612,504.0,0
0.8605206110205523,504.0,0
0.8606298418673434,504.0,0
0.8607390727141345,504.0,0
0.8608483035609258,504.0,0
0.8609575344077167,504.0,0
0.8610667652545079,504.0,0
0.8611759961012991,504.0,0
0.8612852269480903,504.0,0
0.8613944577948813,504.0,0
0.8615036886416725,504.0,0
0.8616129194884636,504.0,0
0.8617221503352548,504.0,0
0.8618313811820458,504.0,0
0.861940612028837,504.0,0
0.8620498428756281,504.0,0
0.8621590737224194,504.0,0
0.8622683045692103,504.0,0
0.8623775354160015,503.0,0
0.8624867662627927,504.0,0
0.8625959971095839,504.0,0
0.8627052279563749,503.0,0
0.8628144588031661,502.0,0
0.8629236896499572,504.0,0
0.8630329204967484,503.0,0
0.8631421513435394,502.0,0
0.8632513821903306,502.0,0
0.8633606130371219,503.0,0
0.863469843883913,502.0,0
0.8635790747307039,502.0,0
0.8636883055774952,503.0,0
0.8637975364242864,503.0,0
0.8639067672710774,502.0,0
0.8640159981178686,503.0,0
0.8641252289646597,503.0,0
0.8642344598114509,502.0,0
0.8643436906582419,502.0,0
0.8644529215050331,503.0,0
0.8645621523518242,503.0,0
0.8646713831986155,503.0,0
0.8647806140454064,503.0,0
0.8648898448921976,504.0,0
0.8649990757389888,504.0,0
0.86510830658578,504.0,0
0.865217537432571,504.0,0
0.8653267682793622,504.0,0
0.8654359991261533,504.0,0
0.8655452299729445,504.0,0
0.8656544608197355,504.0,0
0.8657636916665267,504.0,0
0.8658729225133179,504.0,0
0.8659821533601091,504.0,0
0.8660913842069,504.0,0
0.8662006150536913,504.0,0
0.8663098459004824,504.0,0
0.8664190767472736,504.0,0
0.8665283075940646,504.0,0
0.8666375384408558,504.0,0
0.8667467692876469,504.0,0
0.866856000134438,504.0,0
0.8669652309812291,504.0,0
0.8670744618280203,504.0,0
0.8671836926748115,504.0,0
0.8672929235216025,504.0,0
0.8674021543683936,504.0,0
0.8675113852151849,504.0,0
0.867620616061976,504.0,0
0.8677298469087671,504.0,0
0.8678390777555582,504.0,0
0.8679483086023494,504.0,0
0.8680575394491405,504.0,0
0.8681667702959316,504.0,0
0.8682760011427227,504.0,0
0.868385231989514,504.0,0
0.8684944628363052,504.0,0
0.8686036936830961,504.0,0
0.8687129245298874,504.0,0
0.8688221553766785,504.0,0
0.8689313862234697,504.0,0
0.8690406170702607,504.0,0
0.8691498479170519,504.0,0
0.869259078763843,504.0,0
0.869368309610634,504.0,0
0.8694775404574252,504.0,0
0.8695867713042164,504.0,0
0.8696960021510076,504.0,0
0.8698052329977985,504.0,0
0.8699144638445897,504.0,0
0.870023694691381,504.0,0
0.8701329255381721,504.0,0
0.8702421563849632,504.0,0
0.8703513872317543,504.0,0
0.8704606180785455,504.0,0
0.8705698489253366,504.0,0
0.8706790797721277,504.0,0
0.8707883106189188,504.0,0
0.8708975414657101,504.0,0
0.8710067723125012,504.0,0
0.8711160031592922,504.0,0
0.8712252340060834,504.0,0
0.8713344648528746,504.0,0
0.8714436956996657,504.0,0
0.8715529265464568,504.0,0
0.8716621573932479,504.0,0
0.8717713882400391,504.0,0
0.8718806190868302,504.0,0
0.8719898499336213,504.0,0
0.8720990807804124,504.0,0
0.8722083116272037,504.0,0
0.8723175424739946,504.0,0
0.8724267733207858,504.0,0
0.872536004167577,504.0,0
0.8726452350143682,504.0,0
0.8727544658611592,504.0,0
0.8728636967079504,504.0,0
0.8729729275547415,504.0,0
0.8730821584015327,504.0,0
0.8731913892483237,504.0,0
0.8733006200951149,504.0,0
0.8734098509419062,504.0,0
0.8735190817886973,504.0,0
0.8736283126354882,504.0,0
0.8737375434822795,504.0,0
0.8738467743290707,504.0,0
0.8739560051758618,504.0,0
0.8740652360226528,505.0,0
0.874174466869444,504.0,0
0.8742836977162352,505.0,0
0.8743929285630263,505.0,0
0.8745021594098173,505.0,0
0.8746113902566085,505.0,0
0.8747206211033998,505.0,0
0.8748298519501909,505.0,0
0.8749390827969818,505.0,0
0.8750483136437731,505.0,0
0.8751575444905643,505.0,0
0.8752667753373553,505.0,0
0.8753760061841465,505.0,0
0.8754852370309376,505.0,0
0.8755944678777288,506.0,0
0.8757036987245198,505.0,0
0.875812929571311,507.0,0
0.8759221604181022,507.0,0
0.8760313912648934,507.0,0
0.8761406221116843,507.0,0
0.8762498529584756,507.0,0
0.8763590838052667,507.0,0
0.8764683146520579,507.0,0
0.8765775454988489,508.0,0
0.8766867763456401,508.0,0
0.8767960071924312,508.0,0
0.8769052380392224,508.0,0
0.8770144688860134,508.0,0
0.8771236997328046,508.0,0
0.8772329305795958,508.0,0
0.877342161426387,508.0,0
0.8774513922731779,508.0,0
0.8775606231199692,508.0,0
0.8776698539667603,508.0,0
0.8777790848135515,508.0,0
0.8778883156603425,508.0,0
0.8779975465071337,508.0,0
0.8781067773539248,508.0,0
0.8782160082007159,508.0,0
0.878325239047507,508.0,0
0.8784344698942983,508.0,0
0.8785437007410895,508.0,0
0.8786529315878804,509.0,0
0.8787621624346716,508.0,0
0.8788713932814628,509.0,0
0.878980624128254,509.0,0
0.879089854975045,509.0,0
0.8791990858218361,509.0,0
0.8793083166686273,509.0,0
0.8794175475154185,509.0,0
0.8795267783622095,508.0,0
0.8796360092090006,509.0,0
0.8797452400557919,509.0,0
0.8798544709025831,508.0,0
0.879963701749374,508.0,0
0.8800729325961653,508.0,0
0.8801821634429564,508.0,0
0.8802913942897476,508.0,0
0.8804006251365386,508.0,0
0.8805098559833298,508.0,0
0.8806190868301209,508.0,0
0.880728317676912,508.0,0
0.8808375485237031,508.0,0
0.8809467793704944,508.0,0
0.8810560102172855,508.0,0
0.8811652410640765,508.0,0
0.8812744719108677,508.0,0
0.8813837027576589,508.0,0
0.88149293360445,508.0,0
0.8816021644512411,508.0,0
0.8817113952980322,508.0,0
0.8818206261448234,508.0,0
0.8819298569916145,508.0,0
0.8820390878384056,508.0,0
0.8821483186851967,508.0,0
0.882257549531988,508.0,0
0.8823667803787791,509.0,0
0.8824760112255701,509.0,0
0.8825852420723613,509.0,0
0.8826944729191525,509.0,0
0.8828037037659436,509.0,0
0.8829129346127347,509.0,0
0.8830221654595258,509.0,0
0.883131396306317,509.0,0
0.8832406271531082,509.0,0
0.8833498579998992,509.0,0
0.8834590888466904,509.0,0
0.8835683196934816,509.0,0
0.8836775505402725,509.0,0
0.8837867813870638,509.0,0
0.8838960122338549,510.0,0
0.8840052430806461,509.0,0
0.8841144739274371,509.0,0
0.8842237047742283,509.0,0
0.8843329356210194,509.0,0
0.8844421664678106,508.0,0
0.8845513973146016,509.0,0
0.8846606281613928,509.0,0
0.8847698590081841,508.0,0
0.8848790898549752,508.0,0
0.8849883207017661,508.0,0
0.8850975515485574,508.0,0
0.8852067823953486,508.0,0
0.8853160132421397,508.0,0
0.8854252440889308,508.0,0
0.8855344749357219,508.0,0
0.8856437057825131,508.0,0
0.8857529366293043,508.0,0
0.8858621674760953,508.0,0
0.8859713983228865,508.0,0
0.8860806291696777,508.0,0
0.8861898600164688,508.0,0
0.8862990908632599,508.0,0
0.886408321710051,508.0,0
0.8865175525568422,508.0,0
0.8866267834036332,508.0,0
0.8867360142504244,508.0,0
0.8868452450972155,508.0,0
0.8869544759440067,508.0,0
0.8870637067907977,508.0,0
0.8871729376375889,508.0,0
0.8872821684843801,508.0,0
0.8873913993311713,508.0,0
0.8875006301779622,508.0,0
0.8876098610247535,508.0,0
0.8877190918715446,508.0,0
0.8878283227183358,508.0,0
0.8879375535651268,508.0,0
0.888046784411918,508.0,0
0.8881560152587091,508.0,0
0.8882652461055004,508.0,0
0.8883744769522913,508.0,0
0.8884837077990826,508.0,0
0.8885929386458737,508.0,0
0.8887021694926649,508.0,0
0.8888114003394559,508.0,0
0.8889206311862471,508.0,0
0.8890298620330382,508.0,0
0.8891390928798294,508.0,0
0.8892483237266204,507.0,0
0.8893575545734116,508.0,0
0.8894667854202027,507.0,0
0.8895760162669938,508.0,0
0.8896852471137849,507.0,0
0.8897944779605762,508.0,0
0.8899037088073674,508.0,0
0.8900129396541583,508.0,0
0.8901221705009495,507.0,0
0.8902314013477407,508.0,0
0.8903406321945319,507.0,0
0.8904498630413229,507.0,0
0.890559093888114,507.0,0
0.8906683247349052,508.0,0
0.8907775555816965,507.0,0
0.8908867864284874,507.0,0
0.8909960172752787,507.0,0
0.8911052481220698,508.0,0
0.891214478968861,507.0,0
0.891323709815652,507.0,0
0.8914329406624432,507.0,0
0.8915421715092343,507.0,0
0.8916514023560255,507.0,0
0.8917606332028165,507.0,0
0.8918698640496077,507.0,0
0.8919790948963988,507.0,0
0.8920883257431899,506.0,0
0.892197556589981,506.0,0
0.8923067874367723,506.0,0
0.8924160182835634,505.0,0
0.8925252491303544,505.0,0
0.8926344799771456,506.0,0
0.8927437108239368,505.0,0
0.8928529416707279,505.0,0
0.892962172517519,505.0,0
0.8930714033643101,505.0,0
0.8931806342111013,505.0,0
0.8932898650578925,505.0,0
0.8933990959046835,505.0,0
0.8935083267514747,505.0,0
0.8936175575982659,505.0,0
0.893726788445057,505.0,0
0.8938360192918481,505.0,0
0.8939452501386392,504.0,0
0.8940544809854304,504.0,0
0.8941637118322215,504.0,0
0.8942729426790126,504.0,0
0.8943821735258037,504.0,0
0.8944914043725949,504.0,0
0.8946006352193862,504.0,0
0.8947098660661771,504.0,0
0.8948190969129683,504.0,0
0.8949283277597595,504.0,0
0.8950375586065504,504.0,0
0.8951467894533417,504.0,0
0.8952560203001328,504.0,0
0.895365251146924,504.0,0
0.895474481993715,504.0,0
0.8955837128405062,504.0,0
0.8956929436872973,504.0,0
0.8958021745340886,504.0,0
0.8959114053808795,504.0,0
0.8960206362276708,504.0,0
0.896129867074462,504.0,0
0.8962390979212531,504.0,0
0.8963483287680442,504.0,0
0.8964575596148353,504.0,0
0.8965667904616265,504.0,0
0.8966760213084176,503.0,0
0.8967852521552087,504.0,0
0.8968944830019998,504.0,0
0.897003713848791,504.0,0
0.8971129446955822,504.0,0
0.8972221755423732,504.0,0
0.8973314063891644,504.0,0
0.8974406372359556,504.0,0
0.8975498680827467,504.0,0
0.8976590989295378,504.0,0
0.8977683297763289,504.0,0
0.8978775606231201,504.0,0
0.8979867914699111,504.0,0
0.8980960223167023,504.0,0
0.8982052531634934,504.0,0
0.8983144840102847,505.0,0
0.8984237148570756,505.0,0
0.8985329457038669,505.0,0
0.898642176550658,505.0,0
0.8987514073974492,506.0,0
0.8988606382442402,506.0,0
0.8989698690910314,505.0,0
0.8990790999378225,506.0,0
0.8991883307846137,507.0,0
0.8992975616314047,507.0,0
0.8994067924781959,507.0,0
0.899516023324987,508.0,0
0.8996252541717783,508.0,0
0.8997344850185692,507.0,0
0.8998437158653605,508.0,0
0.8999529467121516,508.0,0
0.9000621775589428,508.0,0
0.9001714084057338,508.0,0
0.900280639252525,508.0,0
0.9003898700993161,508.0,0
0.9004991009461072,508.0,0
0.9006083317928983,508.0,0
0.9007175626396895,508.0,0
0.9008267934864808,508.0,0
0.9009360243332717,508.0,0
0.901045255180063,508.0,0
0.9011544860268541,509.0,0
0.9012637168736453,508.0,0
0.9013729477204363,508.0,0
0.9014821785672275,508.0,0
0.9015914094140186,508.0,0
0.9017006402608098,508.0,0
0.9018098711076008,508.0,0
0.901919101954392,508.0,0
0.9020283328011831,508.0,0
0.9021375636479744,508.0,0
0.9022467944947653,508.0,0
0.9023560253415566,508.0,0
0.9024652561883477,508.0,0
0.9025744870351389,508.0,0
0.9026837178819299,508.0,0
0.9027929487287211,508.0,0
0.9029021795755122,508.0,0
0.9030114104223035,508.0,0
0.9031206412690944,508.0,0
0.9032298721158856,508.0,0
0.9033391029626768,508.0,0
0.9034483338094678,508.0,0
0.903557564656259,508.0,0
0.9036667955030502,508.0,0
0.9037760263498413,508.0,0
0.9038852571966324,508.0,0
0.9039944880434235,508.0,0
0.9041037188902147,508.0,0
0.9042129497370058,508.0,0
0.9043221805837969,508.0,0
0.904431411430588,508.0,0
0.9045406422773792,508.0,0
0.9046498731241704,508.0,0
0.9047591039709614,508.0,0
0.9048683348177526,508.0,0
0.9049775656645438,508.0,0
0.905086796511335,508.0,0
0.905196027358126,508.0,0
0.9053052582049171,508.0,0
0.9054144890517083,508.0,0
0.9055237198984996,508.0,0
0.9056329507452905,508.0,0
0.9057421815920816,508.0,0
0.9058514124388729,508.0,0
0.9059606432856641,508.0,0
0.9060698741324551,508.0,0
0.9061791049792463,508.0,0
0.9062883358260374,508.0,0
0.9063975666728284,508.0,0
0.9065067975196196,508.0,0
0.9066160283664108,508.0,0
0.9067252592132019,508.0,0
0.906834490059993,508.0,0
0.9069437209067841,508.0,0
0.9070529517535753,508.0,0
0.9071621826003665,508.0,0
0.9072714134471574,509.0,0
0.9073806442939487,508.0,0
0.9074898751407399,508.0,0
0.907599105987531,509.0,0
0.9077083368343221,509.0,0
0.9078175676811132,508.0,0
0.9079267985279044,509.0,0
0.9080360293746956,509.0,0
0.9081452602214866,509.0,0
0.9082544910682777,509.0,0
0.908363721915069,510.0,0
0.9084729527618601,510.0,0
0.9085821836086512,509.0,0
0.9086914144554423,510.0,0
0.9088006453022335,510.0,0
0.9089098761490246,510.0,0
0.9090191069958157,510.0,0
0.9091283378426068,510.0,0
0.909237568689398,510.0,0
0.909346799536189,510.0,0
0.9094560303829802,510.0,0
0.9095652612297713,510.0,0
0.9096744920765626,510.0,0
0.9097837229233535,510.0,0
0.9098929537701448,511.0,0
0.9100021846169359,511.0,0
0.9101114154637271,510.0,0
0.9102206463105181,511.0,0
0.9103298771573093,511.0,0
0.9104391080041004,511.0,0
0.9105483388508917,511.0,0
0.9106575696976826,511.0,0
0.9107668005444738,511.0,0
0.910876031391265,511.0,0
0.9109852622380562,511.0,0
0.9110944930848472,511.0,0
0.9112037239316384,511.0,0
0.9113129547784296,511.0,0
0.9114221856252207,511.0,0
0.9115314164720117,511.0,0
0.9116406473188029,511.0,0
0.911749878165594,511.0,0
0.9118591090123851,511.0,0
0.9119683398591762,510.0,0
0.9120775707059674,511.0,0
0.9121868015527587,510.0,0
0.9122960323995496,510.0,0
0.9124052632463409,510.0,0
0.912514494093132,511.0,0
0.9126237249399232,510.0,0
0.9127329557867142,510.0,0
0.9128421866335054,510.0,0
0.9129514174802965,511.0,0
0.9130606483270878,511.0,0
0.9131698791738787,511.0,0
0.9132791100206699,511.0,0
0.9133883408674611,511.0,0
0.9134975717142523,511.0,0
0.9136068025610433,511.0,0
0.9137160334078345,512.0,0
0.9138252642546256,511.0,0
0.9139344951014168,511.0,0
0.9140437259482078,512.0,0
0.914152956794999,512.0,0
0.9142621876417901,512.0,0
0.9143714184885814,512.0,0
0.9144806493353723,513.0,0
0.9145898801821635,513.0,0
0.9146991110289547,513.0,0
0.9148083418757457,513.0,0
0.9149175727225369,513.0,0
0.9150268035693281,513.0,0
0.9151360344161192,513.0,0
0.9152452652629103,514.0,0
0.9153544961097014,513.0,0
0.9154637269564926,513.0,0
0.9155729578032838,514.0,0
0.9156821886500748,514.0,0
0.9157914194968659,513.0,0
0.9159006503436572,514.0,0
0.9160098811904483,514.0,0
0.9161191120372394,513.0,0
0.9162283428840305,513.0,0
0.9163375737308217,514.0,0
0.9164468045776129,514.0,0
0.9165560354244039,513.0,0
0.916665266271195,514.0,0
0.9167744971179862,514.0,0
0.9168837279647775,514.0,0
0.9169929588115684,513.0,0
0.9171021896583595,515.0,0
0.9172114205051508,514.0,0
0.917320651351942,514.0,0
0.917429882198733,514.0,0
0.9175391130455242,514.0,0
0.9176483438923153,514.0,0
0.9177575747391064,514.0,0
0.9178668055858975,515.0,0
0.9179760364326887,515.0,0
0.9180852672794799,514.0,0
0.9181944981262709,514.0,0
0.918303728973062,515.0,0
0.9184129598198533,515.0,0
0.9185221906666444,514.0,0
0.9186314215134355,515.0,0
0.9187406523602266,515.0,0
0.9188498832070178,515.0,0
0.9189591140538089,515.0,0
0.9190683449006,515.0,0
0.9191775757473911,515.0,0
0.9192868065941823,515.0,0
0.9193960374409735,515.0,0
0.9195052682877645,515.0,0
0.9196144991345556,515.0,0
0.9197237299813469,515.0,0
0.919832960828138,515.0,0
0.9199421916749291,515.0,0
0.9200514225217202,515.0,0
0.9201606533685114,515.0,0
0.9202698842153025,515.0,0
0.9203791150620936,515.0,0
0.9204883459088847,515.0,0
0.920597576755676,515.0,0
0.9207068076024669,515.0,0
0.9208160384492581,515.0,0
0.9209252692960493,515.0,0
0.9210345001428405,515.0,0
0.9211437309896315,515.0,0
0.9212529618364227,515.0,0
0.9213621926832138,515.0,0
0.921471423530005,515.0,0
0.921580654376796,515.0,0
0.9216898852235872,515.0,0
0.9217991160703783,515.0,0
0.9219083469171696,515.0,0
0.9220175777639605,514.0,0
0.9221268086107517,515.0,0
0.922236039457543,515.0,0
0.9223452703043341,514.0,0
0.9224545011511252,514.0,0
0.9225637319979163,514.0,0
0.9226729628447075,514.0,0
0.9227821936914986,514.0,0
0.9228914245382897,514.0,0
0.9230006553850808,515.0,0
0.9231098862318721,514.0,0
0.923219117078663,514.0,0
0.9233283479254542,515.0,0
0.9234375787722454,515.0,0
0.9235468096190366,514.0,0
0.9236560404658276,515.0,0
0.9237652713126188,515.0,0
0.9238745021594099,515.0,0
0.9239837330062011,515.0,0
0.9240929638529921,515.0,0
0.9242021946997833,515.0,0
0.9243114255465744,515.0,0
0.9244206563933657,515.0,0
0.9245298872401566,515.0,0
0.9246391180869478,515.0,0
0.924748348933739,515.0,0
0.9248575797805302,515.0,0
0.9249668106273212,515.0,0
0.9250760414741124,515.0,0
0.9251852723209035,515.0,0
0.9252945031676947,515.0,0
0.9254037340144857,515.0,0
0.9255129648612769,515.0,0
0.9256221957080681,515.0,0
0.9257314265548593,515.0,0
0.9258406574016502,515.0,0
0.9259498882484415,515.0,0
0.9260591190952326,515.0,0
0.9261683499420237,515.0,0
0.9262775807888148,515.0,0
0.926386811635606,515.0,0
0.9264960424823971,515.0,0
0.9266052733291882,515.0,0
0.9267145041759793,515.0,0
0.9268237350227705,515.0,0
0.9269329658695618,515.0,0
0.9270421967163527,515.0,0
0.9271514275631438,515.0,0
0.9272606584099351,515.0,0
0.9273698892567263,514.0,0
0.9274791201035173,514.0,0
0.9275883509503084,515.0,0
0.9276975817970996,514.0,0
0.9278068126438908,514.0,0
0.9279160434906818,515.0,0
0.928025274337473,515.0,0
0.9281345051842642,514.0,0
0.9282437360310554,515.0,0
0.9283529668778463,515.0,0
0.9284621977246376,514.0,0
0.9285714285714287,514.0,0
0.9286806594182199,515.0,0
0.9287898902650109,514.0,0
0.9288991211118021,514.0,0
0.9290083519585932,514.0,0
0.9291175828053843,514.0,0
0.9292268136521754,513.0,0
0.9293360444989666,514.0,0
0.9294452753457578,513.0,0
0.9295545061925488,513.0,0
0.9296637370393399,513.0,0
0.9297729678861312,513.0,0
0.9298821987329223,513.0,0
0.9299914295797134,513.0,0
0.9301006604265045,513.0,0
0.9302098912732957,513.0,0
0.9303191221200868,513.0,0
0.9304283529668779,513.0,0
0.930537583813669,513.0,0
0.9306468146604603,513.0,0
0.9307560455072514,513.0,0
0.9308652763540424,513.0,0
0.9309745072008336,513.0,0
0.9310837380476248,513.0,0
0.9311929688944159,513.0,0
0.931302199741207,513.0,0
0.9314114305879981,512.0,0
0.9315206614347893,513.0,0
0.9316298922815804,512.0,0
0.9317391231283715,512.0,0
0.9318483539751626,512.0,0
0.9319575848219539,512.0,0
0.9320668156687448,512.0,0
0.932176046515536,512.0,0
0.9322852773623272,512.0,0
0.9323945082091184,512.0,0
0.9325037390559094,512.0,0
0.9326129699027006,512.0,0
0.9327222007494917,512.0,0
0.9328314315962829,512.0,0
0.9329406624430739,512.0,0
0.9330498932898651,512.0,0
0.9331591241366564,512.0,0
0.9332683549834475,512.0,0
0.9333775858302384,512.0,0
0.9334868166770297,512.0,0
0.9335960475238209,512.0,0
0.933705278370612,512.0,0
0.933814509217403,513.0,0
0.9339237400641942,513.0,0
0.9340329709109854,513.0,0
0.9341422017577765,513.0,0
0.9342514326045676,513.0,0
0.9343606634513587,514.0,0
0.93446989429815,514.0,0
0.9345791251449409,514.0,0
0.9346883559917321,515.0,0
0.9347975868385233,515.0,0
0.9349068176853145,515.0,0
0.9350160485321055,515.0,0
0.9351252793788967,515.0,0
0.9352345102256878,515.0,0
0.935343741072479,515.0,0
0.93545297191927,515.0,0
0.9355622027660612,515.0,0
0.9356714336128524,515.0,0
0.9357806644596436,515.0,0
0.9358898953064345,515.0,0
0.9359991261532258,515.0,0
0.9361083570000169,515.0,0
0.9362175878468081,515.0,0
0.9363268186935991,516.0,0
0.9364360495403903,515.0,0
0.9365452803871814,516.0,0
0.9366545112339726,516.0,0
0.9367637420807636,516.0,0
0.9368729729275548,516.0,0
0.936982203774346,516.0,0
0.9370914346211372,516.0,0
0.9372006654679281,516.0,0
0.9373098963147194,516.0,0
0.9374191271615105,516.0,0
0.9375283580083016,515.0,0
0.9376375888550927,515.0,0
0.9377468197018839,515.0,0
0.937856050548675,515.0,0
0.9379652813954661,515.0,0
0.9380745122422572,515.0,0
0.9381837430890485,515.0,0
0.9382929739358397,515.0,0
0.9384022047826306,515.0,0
0.9385114356294219,515.0,0
0.938620666476213,514.0,0
0.9387298973230042,514.0,0
0.9388391281697952,514.0,0
0.9389483590165864,514.0,0
0.9390575898633775,513.0,0
0.9391668207101687,513.0,0
0.9392760515569597,513.0,0
0.9393852824037509,513.0,0
0.9394945132505421,513.0,0
0.9396037440973333,513.0,0
0.9397129749441242,513.0,0
0.9398222057909155,513.0,0
0.9399314366377066,513.0,0
0.9400406674844978,513.0,0
0.9401498983312888,513.0,0
0.94025912917808,513.0,0
0.9403683600248711,513.0,0
0.9404775908716622,513.0,0
0.9405868217184533,513.0,0
0.9406960525652446,513.0,0
0.9408052834120357,513.0,0
0.9409145142588267,513.0,0
0.9410237451056179,513.0,0
0.9411329759524091,513.0,0
0.9412422067992002,513.0,0
0.9413514376459913,513.0,0
0.9414606684927824,513.0,0
0.9415698993395736,514.0,0
0.9416791301863647,513.0,0
0.9417883610331558,513.0,0
0.9418975918799469,514.0,0
0.9420068227267382,514.0,0
0.9421160535735293,513.0,0
0.9422252844203203,514.0,0
0.9423345152671115,514.0,0
0.9424437461139027,514.0,0
0.9425529769606938,514.0,0
0.9426622078074849,515.0,0
0.942771438654276,515.0,0
0.9428806695010672,514.0,0
0.9429899003478582,514.0,0
0.9430991311946494,515.0,0
0.9432083620414407,515.0,0
0.9433175928882318,515.0,0
0.9434268237350227,515.0,0
0.943536054581814,515.0,0
0.9436452854286052,515.0,0
0.9437545162753963,515.0,0
0.9438637471221873,515.0,0
0.9439729779689785,515.0,0
0.9440822088157697,515.0,0
0.9441914396625608,515.0,0
0.9443006705093518,515.0,0
0.944409901356143,515.0,0
0.9445191322029343,515.0,0
0.9446283630497254,515.0,0
0.9447375938965163,515.0,0
0.9448468247433076,515.0,0
0.9449560555900988,515.0,0
0.9450652864368899,515.0,0
0.945174517283681,515.0,0
0.9452837481304721,515.0,0
0.9453929789772633,515.0,0
0.9455022098240545,515.0,0
0.9456114406708455,515.0,0
0.9457206715176367,515.0,0
0.9458299023644279,515.0,0
0.9459391332112188,515.0,0
0.9460483640580101,515.0,0
0.9461575949048012,515.0,0
0.9462668257515924,515.0,0
0.9463760565983834,514.0,0
0.9464852874451746,514.0,0
0.9465945182919657,514.0,0
0.9467037491387569,513.0,0
0.9468129799855479,514.0,0
0.9469222108323391,514.0,0
0.9470314416791303,513.0,0
0.9471406725259215,513.0,0
0.9472499033727124,513.0,0
0.9473591342195037,513.0,0
0.9474683650662948,513.0,0
0.947577595913086,512.0,0
0.947686826759877,513.0,0
0.9477960576066682,512.0,0
0.9479052884534593,512.0,0
0.9480145193002506,512.0,0
0.9481237501470415,512.0,0
0.9482329809938328,512.0,0
0.948342211840624,512.0,0
0.9484514426874151,512.0,0
0.9485606735342061,512.0,0
0.9486699043809973,512.0,0
0.9487791352277885,513.0,0
0.9488883660745795,513.0,0
0.9489975969213706,512.0,0
0.9491068277681618,513.0,0
0.949216058614953,513.0,0
0.949325289461744,513.0,0
0.9494345203085351,513.0,0
0.9495437511553264,513.0,0
0.9496529820021176,513.0,0
0.9497622128489085,513.0,0
0.9498714436956998,513.0,0
0.9499806745424909,513.0,0
0.9500899053892821,513.0,0
0.9501991362360731,513.0,0
0.9503083670828643,513.0,0
0.9504175979296554,513.0,0
0.9505268287764467,513.0,0
0.9506360596232376,513.0,0
0.9507452904700289,513.0,0
0.95085452131682,513.0,0
0.9509637521636112,513.0,0
0.9510729830104022,513.0,0
0.9511822138571934,513.0,0
0.9512914447039845,512.0,0
0.9514006755507757,513.0,0
0.9515099063975667,512.0,0
0.9516191372443579,512.0,0
0.951728368091149,512.0,0
0.9518375989379401,512.0,0
0.9519468297847312,511.0,0
0.9520560606315225,511.0,0
0.9521652914783136,511.0,0
0.9522745223251046,511.0,0
0.9523837531718958,510.0,0
0.952492984018687,510.0,0
0.9526022148654781,510.0,0
0.9527114457122692,510.0,0
0.9528206765590603,510.0,0
0.9529299074058515,510.0,0
0.9530391382526427,510.0,0
0.9531483690994337,509.0,0
0.9532575999462249,509.0,0
0.9533668307930161,510.0,0
0.9534760616398072,509.0,0
0.9535852924865983,508.0,0
0.9536945233333894,509.0,0
0.9538037541801806,510.0,0
0.9539129850269717,509.0,0
0.9540222158737628,509.0,0
0.9541314467205539,510.0,0
0.9542406775673451,510.0,0
0.9543499084141361,509.0,0
0.9544591392609273,510.0,0
0.9545683701077186,510.0,0
0.9546776009545097,510.0,0
0.9547868318013006,510.0,0
0.9548960626480919,510.0,0
0.9550052934948831,510.0,0
0.9551145243416742,510.0,0
0.9552237551884653,510.0,0
0.9553329860352564,511.0,0
0.9554422168820476,510.0,0
0.9555514477288388,510.0,0
0.9556606785756298,511.0,0
0.955769909422421,511.0,0
0.9558791402692122,510.0,0
0.9559883711160033,511.0,0
0.9560976019627944,511.0,0
0.9562068328095855,510.0,0
0.9563160636563767,510.0,0
0.9564252945031678,511.0,0
0.9565345253499589,510.0,0
0.95664375619675,510.0,0
0.9567529870435412,510.0,0
0.9568622178903324,510.0,0
0.9569714487371234,510.0,0
0.9570806795839146,510.0,0
0.9571899104307058,510.0,0
0.9572991412774967,510.0,0
0.957408372124288,509.0,0
0.9575176029710791,510.0,0
0.9576268338178703,509.0,0
0.9577360646646613,509.0,0
0.9578452955114525,509.0,0
0.9579545263582436,510.0,0
0.9580637572050349,509.0,0
0.9581729880518258,509.0,0
0.9582822188986171,509.0,0
0.9583914497454082,509.0,0
0.9585006805921994,508.0,0
0.9586099114389904,509.0,0
0.9587191422857816,509.0,0
0.9588283731325727,508.0,0
0.9589376039793639,508.0,0
0.9590468348261549,509.0,0
0.9591560656729461,508.0,0
0.9592652965197372,508.0,0
0.9593745273665285,508.0,0
0.9594837582133194,508.0,0
0.9595929890601107,508.0,0
0.9597022199069019,508.0,0
0.959811450753693,508.0,0
0.959920681600484,508.0,0
0.9600299124472752,508.0,0
0.9601391432940664,508.0,0
0.9602483741408574,508.0,0
0.9603576049876485,508.0,0
0.9604668358344397,508.0,0
0.960576066681231,508.0,0
0.9606852975280219,507.0,0
0.9607945283748132,507.0,0
0.9609037592216043,507.0,0
0.9610129900683955,507.0,0
0.9611222209151865,507.0,0
0.9612314517619777,507.0,0
0.9613406826087688,507.0,0
0.96144991345556,507.0,0
0.961559144302351,506.0,0
0.9616683751491422,507.0,0
0.9617776059959333,506.0,0
0.9618868368427246,505.0,0
0.9619960676895155,505.0,0
0.9621052985363068,506.0,0
0.9622145293830979,505.0,0
0.9623237602298891,505.0,0
0.9624329910766801,505.0,0
0.9625422219234713,505.0,0
0.9626514527702624,505.0,0
0.9627606836170537,505.0,0
0.9628699144638446,505.0,0
0.9629791453106358,504.0,0
0.963088376157427,504.0,0
0.963197607004218,505.0,0
0.9633068378510092,505.0,0
0.9634160686978004,504.0,0
0.9635252995445915,504.0,0
0.9636345303913826,504.0,0
0.9637437612381737,504.0,0
0.9638529920849649,504.0,0
0.963962222931756,504.0,0
0.9640714537785471,504.0,0
0.9641806846253382,504.0,0
0.9642899154721294,504.0,0
0.9643991463189207,504.0,0
0.9645083771657116,504.0,0
0.9646176080125028,504.0,0
0.964726838859294,504.0,0
0.9648360697060852,504.0,0
0.9649453005528762,504.0,0
0.9650545313996673,504.0,0
0.9651637622464585,504.0,0
0.9652729930932498,504.0,0
0.9653822239400407,504.0,0
0.9654914547868318,505.0,0
0.9656006856336231,504.0,0
0.965709916480414,504.0,0
0.9658191473272053,505.0,0
0.9659283781739965,504.0,0
0.9660376090207876,504.0,0
0.9661468398675787,504.0,0
0.9662560707143698,504.0,0
0.966365301561161,504.0,0
0.9664745324079521,504.0,0
0.9665837632547432,505.0,0
0.9666929941015343,504.0,0
0.9668022249483255,504.0,0
0.9669114557951167,505.0,0
0.9670206866419077,504.0,0
0.9671299174886989,504.0,0
0.9672391483354901,504.0,0
0.9673483791822812,504.0,0
0.9674576100290723,504.0,0
0.9675668408758634,504.0,0
0.9676760717226546,504.0,0
0.9677853025694458,504.0,0
0.9678945334162368,504.0,0
0.9680037642630279,504.0,0
0.9681129951098192,504.0,0
0.9682222259566103,504.0,0
0.9683314568034014,503.0,0
0.9684406876501925,504.0,0
0.9685499184969837,504.0,0
0.9686591493437747,503.0,0
0.9687683801905659,502.0,0
0.968877611037357,504.0,0
0.9689868418841482,503.0,0
0.9690960727309392,502.0,0
0.9692053035777304,502.0,0
0.9693145344245215,503.0,0
0.9694237652713128,502.0,0
0.9695329961181037,502.0,0
0.969642226964895,502.0,0
0.9697514578116861,502.0,0
0.9698606886584773,502.0,0
0.9699699195052683,502.0,0
0.9700791503520595,502.0,0
0.9701883811988506,502.0,0
0.9702976120456419,501.0,0
0.9704068428924328,502.0,0
0.970516073739224,502.0,0
0.9706253045860153,501.0,0
0.9707345354328064,501.0,0
0.9708437662795975,502.0,0
0.9709529971263886,501.0,0
0.9710622279731798,501.0,0
0.9711714588199709,502.0,0
0.971280689666762,502.0,0
0.9713899205135531,501.0,0
0.9714991513603443,502.0,0
0.9716083822071353,502.0,0
0.9717176130539265,502.0,0
0.9718268439007176,501.0,0
0.9719360747475089,502.0,0
0.9720453055942998,502.0,0
0.9721545364410911,502.0,0
0.9722637672878822,502.0,0
0.9723729981346734,502.0,0
0.9724822289814644,502.0,0
0.9725914598282556,502.0,0
0.9727006906750467,502.0,0
0.972809921521838,502.0,0
0.9729191523686289,502.0,0
0.9730283832154201,502.0,0
0.9731376140622113,502.0,0
0.9732468449090025,502.0,0
0.9733560757557935,502.0,0
0.9734653066025847,502.0,0
0.9735745374493758,502.0,0
0.973683768296167,502.0,0
0.973792999142958,502.0,0
0.9739022299897492,502.0,0
0.9740114608365403,502.0,0
0.9741206916833314,501.0,0
0.9742299225301225,501.0,0
0.9743391533769137,502.0,0
0.9744483842237049,500.0,0
0.9745576150704959,500.0,0
0.9746668459172871,500.0,0
0.9747760767640783,500.0,0
0.9748853076108694,499.0,0
0.9749945384576605,499.0,0
0.9751037693044516,499.0,0
0.9752130001512428,499.0,0
0.9753222309980341,499.0,0
0.975431461844825,499.0,0
0.9755406926916161,499.0,0
0.9756499235384074,498.0,0
0.9757591543851986,498.0,0
0.9758683852319896,498.0,0
0.9759776160787808,497.0,0
0.9760868469255719,497.0,0
0.9761960777723631,497.0,0
0.9763053086191541,497.0,0
0.9764145394659453,497.0,0
0.9765237703127364,497.0,0
0.9766330011595277,497.0,0
0.9767422320063186,497.0,0
0.9768514628531098,497.0,0
0.976960693699901,497.0,0
0.977069924546692,497.0,0
0.9771791553934832,497.0,0
0.9772883862402744,497.0,0
0.9773976170870655,497.0,0
0.9775068479338566,497.0,0
0.9776160787806477,497.0,0
0.9777253096274389,497.0,0
0.9778345404742301,497.0,0
0.9779437713210211,497.0,0
0.9780530021678122,497.0,0
0.9781622330146035,497.0,0
0.9782714638613946,497.0,0
0.9783806947081857,498.0,0
0.9784899255549768,497.0,0
0.978599156401768,497.0,0
0.9787083872485591,498.0,0
0.9788176180953502,497.0,0
0.9789268489421413,498.0,0
0.9790360797889325,498.0,0
0.9791453106357237,498.0,0
0.9792545414825147,497.0,0
0.9793637723293058,497.0,0
0.9794730031760971,498.0,0
0.9795822340228882,498.0,0
0.9796914648696793,498.0,0
0.9798006957164704,498.0,0
0.9799099265632616,499.0,0
0.9800191574100526,498.0,0
0.9801283882568438,498.0,0
0.9802376191036349,499.0,0
0.9803468499504262,499.0,0
0.9804560807972171,499.0,0
0.9805653116440083,499.0,0
0.9806745424907996,499.0,0
0.9807837733375907,499.0,0
0.9808930041843817,499.0,0
0.9810022350311729,499.0,0
0.981111465877964,499.0,0
0.9812206967247552,499.0,0
0.9813299275715462,499.0,0
0.9814391584183374,499.0,0
0.9815483892651286,499.0,0
0.9816576201119198,499.0,0
0.9817668509587107,499.0,0
0.9818760818055019,499.0,0
0.9819853126522932,499.0,0
0.9820945434990843,499.0,0
0.9822037743458754,499.0,0
0.9823130051926665,499.0,0
0.9824222360394577,499.0,0
0.9825314668862488,499.0,0
0.9826406977330399,499.0,0
0.982749928579831,499.0,0
0.9828591594266223,499.0,0
0.9829683902734132,499.0,0
0.9830776211202044,499.0,0
0.9831868519669956,499.0,0
0.9832960828137868,499.0,0
0.9834053136605778,499.0,0
0.983514544507369,499.0,0
0.9836237753541601,499.0,0
0.9837330062009513,499.0,0
0.9838422370477423,499.0,0
0.9839514678945335,498.0,0
0.9840606987413246,499.0,0
0.9841699295881159,499.0,0
0.9842791604349068,499.0,0
0.984388391281698,499.0,0
0.9844976221284892,499.0,0
0.9846068529752804,499.0,0
0.9847160838220714,499.0,0
0.9848253146688626,499.0,0
0.9849345455156537,499.0,0
0.9850437763624449,499.0,0
0.9851530072092359,499.0,0
0.9852622380560271,499.0,0
0.9853714689028183,499.0,0
0.9854806997496093,499.0,0
0.9855899305964004,499.0,0
0.9856991614431917,499.0,0
0.9858083922899828,499.0,0
0.9859176231367739,499.0,0
0.986026853983565,499.0,0
0.9861360848303562,499.0,0
0.9862453156771473,499.0,0
0.9863545465239384,499.0,0
0.9864637773707295,499.0,0
0.9865730082175207,499.0,0
0.986682239064312,499.0,0
0.9867914699111029,499.0,0
0.986900700757894,499.0,0
0.9870099316046853,499.0,0
0.9871191624514765,499.0,0
0.9872283932982675,499.0,0
0.9873376241450587,499.0,0
0.9874468549918498,499.0,0
0.987556085838641,499.0,0
0.987665316685432,499.0,0
0.9877745475322232,499.0,0
0.9878837783790144,499.0,0
0.9879930092258056,499.0,0
0.9881022400725965,499.0,0
0.9882114709193878,499.0,0
0.9883207017661789,499.0,0
0.98842993261297,499.0,0
0.9885391634597611,500.0,0
0.9886483943065523,500.0,0
0.9887576251533434,500.0,0
0.9888668560001345,500.0,0
0.9889760868469256,501.0,0
0.9890853176937168,500.0,0
0.989194548540508,500.0,0
0.989303779387299,502.0,0
0.9894130102340901,502.0,0
0.9895222410808814,500.0,0
0.9896314719276725,501.0,0
0.9897407027744636,502.0,0
0.9898499336212547,501.0,0
0.9899591644680459,500.0,0
0.990068395314837,501.0,0
0.9901776261616281,500.0,0
0.9902868570084192,500.0,0
0.9903960878552105,500.0,0
0.9905053187020016,500.0,0
0.9906145495487926,499.0,0
0.9907237803955838,499.0,0
0.990833011242375,499.0,0
0.9909422420891661,499.0,0
0.9910514729359572,499.0,0
0.9911607037827483,499.0,0
0.9912699346295395,499.0,0
0.9913791654763305,499.0,0
0.9914883963231217,498.0,0
0.9915976271699128,498.0,0
0.9917068580167041,498.0,0
0.991816088863495,497.0,0
0.9919253197102862,497.0,0
0.9920345505570775,498.0,0
0.9921437814038686,497.0,0
0.9922530122506596,497.0,0
0.9923622430974508,497.0,0
0.992471473944242,498.0,0
0.9925807047910331,497.0,0
0.9926899356378242,497.0,0
0.9927991664846153,498.0,0
0.9929083973314066,498.0,0
0.9930176281781977,497.0,0
0.9931268590249887,498.0,0
0.9932360898717799,498.0,0
0.9933453207185711,497.0,0
0.9934545515653622,497.0,0
0.9935637824121533,498.0,0
0.9936730132589444,497.0,0
0.9937822441057356,497.0,0
0.9938914749525267,498.0,0
0.9940007057993178,498.0,0
0.9941099366461089,497.0,0
0.9942191674929002,498.0,0
0.9943283983396911,498.0,0
0.9944376291864823,499.0,0
0.9945468600332735,498.0,0
0.9946560908800647,499.0,0
0.9947653217268557,499.0,0
0.9948745525736469,499.0,0
0.994983783420438,499.0,0
0.9950930142672292,500.0,0
0.9952022451140202,500.0,0
0.9953114759608114,500.0,0
0.9954207068076026,500.0,0
0.9955299376543938,501.0,0
0.9956391685011847,500.0,0
0.995748399347976,502.0,0
0.9958576301947671,502.0,0
0.9959668610415583,502.0,0
0.9960760918883493,502.0,0
0.9961853227351405,502.0,0
0.9962945535819316,502.0,0
0.9964037844287228,502.0,0
0.9965130152755138,502.0,0
0.996622246122305,503.0,0
0.9967314769690963,502.0,0
0.9968407078158872,502.0,0
0.9969499386626783,503.0,0
0.9970591695094696,502.0,0
0.9971684003562608,502.0,0
0.9972776312030518,502.0,0
0.997386862049843,502.0,0
0.9974960928966341,502.0,0
0.9976053237434253,502.0,0
0.9977145545902163,502.0,0
0.9978237854370074,502.0,0
0.9979330162837987,502.0,0
0.9980422471305899,502.0,0
0.9981514779773808,502.0,0
0.9982607088241721,502.0,0
0.9983699396709632,502.0,0
0.9984791705177544,502.0,0
0.9985884013645454,502.0,0
0.9986976322113366,502.0,0
0.9988068630581277,502.0,0
0.9989160939049189,502.0,0
0.9990253247517099,502.0,0
0.9991345555985011,502.0,0
0.9992437864452923,503.0,0
0.9993530172920835,502.0,0
0.9994622481388744,502.0,0
0.9995714789856657,503.0,0
0.9996807098324568,503.0,0
0.9997899406792479,502.0,0
0.999899171526039,503.0,0
1.0000084023728302,504.0,0
1.0001176332196213,504.0,0
1.0002268640664123,503.0,0
1.0003360949132036,504.0,0
1.0004453257599948,504.0,0
1.000554556606786,504.0,0
1.0006637874535769,504.0,0
1.000773018300368,504.0,0
1.0008822491471592,504.0,0
1.0009914799939506,504.0,0
1.0011007108407415,504.0,0
1.0012099416875326,504.0,0
1.0013191725343238,504.0,0
1.001428403381115,504.0,0
1.001537634227906,504.0,0
1.0016468650746972,504.0,0
1.0017560959214884,504.0,0
1.0018653267682796,504.0,0
1.0019745576150705,504.0,0
1.0020837884618616,504.0,0
1.002193019308653,504.0,0
1.0023022501554442,504.0,0
1.002411481002235,504.0,0
1.0025207118490262,504.0,0
1.0026299426958174,504.0,0
1.0027391735426083,504.0,0
1.0028484043893997,504.0,0
1.0029576352361909,504.0,0
1.003066866082982,504.0,0
1.003176096929773,504.0,0
1.003285327776564,504.0,0
1.0033945586233552,504.0,0
1.0035037894701466,504.0,0
1.0036130203169376,503.0,0
1.0037222511637287,503.0,0
1.0038314820105199,504.0,0
1.003940712857311,503.0,0
1.0040499437041022,503.0,0
1.0041591745508933,503.0,0
1.0042684053976845,504.0,0
1.0043776362444756,503.0,0
1.0044868670912666,503.0,0
1.0045960979380577,504.0,0
1.004705328784849,504.0,0
1.0048145596316402,503.0,0
1.0049237904784312,504.0,0
1.0050330213252223,504.0,0
1.0051422521720135,504.0,0
1.0052514830188046,503.0,0
1.0053607138655958,504.0,0
1.005469944712387,504.0,0
1.005579175559178,504.0,0
1.005688406405969,504.0,0
1.0057976372527602,504.0,0
1.0059068680995513,504.0,0
1.0060160989463427,504.0,0
1.0061253297931336,504.0,0
1.0062345606399248,504.0,0
1.006343791486716,504.0,0
1.006453022333507,504.0,0
1.0065622531802982,504.0,0
1.0066714840270894,504.0,0
1.0067807148738805,504.0,0
1.0068899457206717,504.0,0
1.0069991765674626,504.0,0
1.0071084074142538,504.0,0
1.0072176382610452,504.0,0
1.0073268691078363,504.0,0
1.0074360999546272,504.0,0
1.0075453308014184,504.0,0
1.0076545616482095,504.0,0
1.0077637924950007,504.0,0
1.0078730233417919,504.0,0
1.007982254188583,504.0,0
1.0080914850353742,504.0,0
1.008200715882165,504.0,0
1.0083099467289562,504.0,0
1.0084191775757474,504.0,0
1.0085284084225388,504.0,0
1.0086376392693297,504.0,0
1.0087468701161209,504.0,0
1.008856100962912,505.0,0
1.0089653318097032,504.0,0
1.0090745626564943,504.0,0
1.0091837935032855,505.0,0
1.0092930243500766,505.0,0
1.0094022551968678,505.0,0
1.0095114860436587,505.0,0
1.0096207168904499,505.0,0
1.0097299477372412,505.0,0
1.0098391785840324,505.0,0
1.0099484094308233,506.0,0
1.0100576402776145,506.0,0
1.0101668711244056,506.0,0
1.0102761019711968,506.0,0
1.010385332817988,507.0,0
1.010494563664779,507.0,0
1.0106037945115702,507.0,0
1.0107130253583614,507.0,0
1.0108222562051523,507.0,0
1.0109314870519435,507.0,0
1.0110407178987348,507.0,0
1.0111499487455258,508.0,0
1.011259179592317,507.0,0
1.011368410439108,507.0,0
1.0114776412858992,508.0,0
1.0115868721326904,507.0,0
1.0116961029794815,507.0,0
1.0118053338262727,508.0,0
1.0119145646730638,508.0,0
1.0120237955198548,507.0,0
1.012133026366646,508.0,0
1.0122422572134373,508.0,0
1.0123514880602285,507.0,0
1.0124607189070194,507.0,0
1.0125699497538105,508.0,0
1.0126791806006017,508.0,0
1.0127884114473928,507.0,0
1.012897642294184,507.0,0
1.0130068731409752,508.0,0
1.0131161039877663,507.0,0
1.0132253348345575,507.0,0
1.0133345656813484,507.0,0
1.0134437965281395,507.0,0
1.013553027374931,506.0,0
1.013662258221722,507.0,0
1.013771489068513,507.0,0
1.0138807199153042,507.0,0
1.0139899507620953,506.0,0
1.0140991816088865,507.0,0
1.0142084124556776,507.0,0
1.0143176433024688,506.0,0
1.01442687414926,505.0,0
1.0145361049960508,507.0,0
1.014645335842842,506.0,0
1.0147545666896334,505.0,0
1.0148637975364245,506.0,0
1.0149730283832155,506.0,0
1.0150822592300066,505.0,0
1.0151914900767978,505.0,0
1.015300720923589,506.0,0
1.01540995177038,506.0,0
1.0155191826171712,505.0,0
1.0156284134639624,505.0,0
1.0157376443107535,505.0,0
1.0158468751575445,505.0,0
1.0159561060043356,505.0,0
1.016065336851127,505.0,0
1.0161745676979181,505.0,0
1.016283798544709,505.0,0
1.0163930293915002,505.0,0
1.0165022602382914,505.0,0
1.0166114910850825,504.0,0
1.0167207219318737,504.0,0
1.0168299527786648,504.0,0
1.016939183625456,504.0,0
1.017048414472247,504.0,0
1.017157645319038,504.0,0
1.0172668761658294,504.0,0
1.0173761070126206,504.0,0
1.0174853378594115,504.0,0
1.0175945687062027,504.0,0
1.0177037995529938,504.0,0
1.017813030399785,503.0,0
1.0179222612465761,504.0,0
1.0180314920933673,504.0,0
1.0181407229401584,504.0,0
1.0182499537869496,504.0,0
1.0183591846337405,504.0,0
1.0184684154805317,504.0,0
1.018577646327323,504.0,0
1.0186868771741142,504.0,0
1.0187961080209051,504.0,0
1.0189053388676963,504.0,0
1.0190145697144875,504.0,0
1.0191238005612786,504.0,0
1.0192330314080698,504.0,0
1.019342262254861,504.0,0
1.019451493101652,505.0,0
1.019560723948443,505.0,0
1.0196699547952341,505.0,0
1.0197791856420255,505.0,0
1.0198884164888167,506.0,0
1.0199976473356076,505.0,0
1.0201068781823988,506.0,0
1.02021610902919,507.0,0
1.020325339875981,507.0,0
1.0204345707227722,507.0,0
1.0205438015695634,507.0,0
1.0206530324163545,508.0,0
1.0207622632631457,508.0,0
1.0208714941099366,508.0,0
1.0209807249567278,508.0,0
1.0210899558035191,508.0,0
1.0211991866503103,508.0,0
1.0213084174971012,509.0,0
1.0214176483438924,509.0,0
1.0215268791906835,509.0,0
1.0216361100374747,509.0,0
1.0217453408842658,510.0,0
1.021854571731057,509.0,0
1.0219638025778481,510.0,0
1.0220730334246393,510.0,0
1.0221822642714302,510.0,0
1.0222914951182216,510.0,0
1.0224007259650127,510.0,0
1.0225099568118037,510.0,0
1.0226191876585948,510.0,0
1.022728418505386,509.0,0
1.0228376493521771,509.0,0
1.0229468801989683,509.0,0
1.0230561110457594,509.0,0
1.0231653418925506,509.0,0
1.0232745727393417,509.0,0
1.0233838035861327,508.0,0
1.0234930344329238,508.0,0
1.0236022652797152,508.0,0
1.0237114961265064,508.0,0
1.0238207269732973,508.0,0
1.0239299578200884,508.0,0
1.0240391886668796,508.0,0
1.0241484195136707,508.0,0
1.024257650360462,508.0,0
1.024366881207253,508.0,0
1.0244761120540442,508.0,0
1.0245853429008354,508.0,0
1.0246945737476263,507.0,0
1.0248038045944177,508.0,0
1.0249130354412088,507.0,0
1.025022266288,507.0,0
1.025131497134791,507.0,0
1.025240727981582,507.0,0
1.0253499588283732,506.0,0
1.0254591896751644,507.0,0
1.0255684205219555,507.0,0
1.0256776513687467,506.0,0
1.0257868822155378,506.0,0
1.0258961130623288,506.0,0
1.02600534390912,506.0,0
1.0261145747559113,505.0,0
1.0262238056027024,505.0,0
1.0263330364494934,506.0,0
1.0264422672962845,505.0,0
1.0265514981430757,505.0,0
1.0266607289898668,506.0,0
1.026769959836658,506.0,0
1.0268791906834491,505.0,0
1.0269884215302403,506.0,0
1.0270976523770314,506.0,0
1.0272068832238224,505.0,0
1.0273161140706137,505.0,0
1.027425344917405,507.0,0
1.027534575764196,507.0,0
1.027643806610987,506.0,0
1.0277530374577781,507.0,0
1.0278622683045693,507.0,0
1.0279714991513604,507.0,0
1.0280807299981516,507.0,0
1.0281899608449427,508.0,0
1.028299191691734,508.0,0
1.0284084225385248,508.0,0
1.028517653385316,508.0,0
1.0286268842321074,508.0,0
1.0287361150788985,508.0,0
1.0288453459256894,508.0,0
1.0289545767724806,509.0,0
1.0290638076192717,509.0,0
1.029173038466063,509.0,0
1.029282269312854,509.0,0
1.0293915001596452,510.0,0
1.0295007310064364,509.0,0
1.0296099618532275,510.0,0
1.0297191927000184,510.0,0
1.0298284235468098,510.0,0
1.029937654393601,510.0,0
1.0300468852403921,511.0,0
1.030156116087183,511.0,0
1.0302653469339742,511.0,0
1.0303745777807654,511.0,0
1.0304838086275565,512.0,0
1.0305930394743477,511.0,0
1.0307022703211388,511.0,0
1.03081150116793,512.0,0
1.030920732014721,512.0,0
1.031029962861512,511.0,0
1.0311391937083034,512.0,0
1.0312484245550946,512.0,0
1.0313576554018855,512.0,0
1.0314668862486767,512.0,0
1.0315761170954678,513.0,0
1.031685347942259,513.0,0
1.0317945787890501,512.0,0
1.0319038096358413,512.0,0
1.0320130404826324,513.0,0
1.0321222713294236,513.0,0
1.0322315021762145,512.0,0
1.0323407330230059,513.0,0
1.032449963869797,513.0,0
1.0325591947165882,513.0,0
1.0326684255633791,513.0,0
1.0327776564101703,513.0,0
1.0328868872569614,513.0,0
1.0329961181037526,513.0,0
1.0331053489505437,513.0,0
1.0332145797973349,513.0,0
1.033323810644126,513.0,0
1.0334330414909172,513.0,0
1.0335422723377081,513.0,0
1.0336515031844995,513.0,0
1.0337607340312907,513.0,0
1.0338699648780816,513.0,0
1.0339791957248727,513.0,0
1.0340884265716639,512.0,0
1.034197657418455,513.0,0
1.0343068882652462,513.0,0
1.0344161191120373,513.0,0
1.0345253499588285,512.0,0
1.0346345808056197,513.0,0
1.0347438116524106,513.0,0
1.034853042499202,512.0,0
1.0349622733459931,512.0,0
1.0350715041927843,513.0,0
1.0351807350395752,512.0,0
1.0352899658863663,512.0,0
1.0353991967331575,512.0,0
1.0355084275799487,512.0,0
1.0356176584267398,512.0,0
1.035726889273531,512.0,0
1.0358361201203221,512.0,0
1.0359453509671133,512.0,0
1.0360545818139042,511.0,0
1.0361638126606956,512.0,0
1.0362730435074867,512.0,0
1.0363822743542779,511.0,0
1.0364915052010688,511.0,0
1.03660073604786,512.0,0
1.0367099668946511,511.0,0
1.0368191977414423,510.0,0
1.0369284285882334,511.0,0
1.0370376594350246,511.0,0
1.0371468902818157,510.0,0
1.0372561211286067,510.0,0
1.037365351975398,510.0,0
1.0374745828221892,510.0,0
1.0375838136689803,510.0,0
1.0376930445157713,510.0,0
1.0378022753625624,510.0,0
1.0379115062093536,509.0,0
1.0380207370561447,509.0,0
1.0381299679029359,510.0,0
1.038239198749727,509.0,0
1.0383484295965182,509.0,0
1.0384576604433093,510.0,0
1.0385668912901003,510.0,0
1.0386761221368916,509.0,0
1.0387853529836828,510.0,0
1.038894583830474,510.0,0
1.0390038146772649,509.0,0
1.039113045524056,509.0,0
1.0392222763708472,510.0,0
1.0393315072176383,509.0,0
1.0394407380644295,509.0,0
1.0395499689112206,510.0,0
1.0396591997580118,510.0,0
1.0397684306048027,509.0,0
1.039877661451594,510.0,0
1.0399868922983853,510.0,0
1.0400961231451764,510.0,0
1.0402053539919673,509.0,0
1.0403145848387585,510.0,0
1.0404238156855496,510.0,0
1.0405330465323408,510.0,0
1.040642277379132,509.0,0
1.040751508225923,510.0,0
1.0408607390727143,509.0,0
1.0409699699195054,509.0,0
1.0410792007662963,509.0,0
1.0411884316130877,510.0,0
1.0412976624598789,508.0,0
1.04140689330667,508.0,0
1.041516124153461,509.0,0
1.041625355000252,508.0,0
1.0417345858470433,508.0,0
1.0418438166938344,508.0,0
1.0419530475406256,508.0,0
1.0420622783874167,508.0,0
1.0421715092342079,508.0,0
1.0422807400809988,508.0,0
1.0423899709277902,507.0,0
1.0424992017745813,507.0,0
1.0426084326213725,508.0,0
1.0427176634681634,507.0,0
1.0428268943149546,507.0,0
1.0429361251617457,507.0,0
1.0430453560085369,507.0,0
1.043154586855328,507.0,0
1.0432638177021192,507.0,0
1.0433730485489103,507.0,0
1.0434822793957015,507.0,0
1.0435915102424924,507.0,0
1.0437007410892838,507.0,0
1.043809971936075,508.0,0
1.043919202782866,508.0,0
1.044028433629657,508.0,0
1.0441376644764482,508.0,0
1.0442468953232393,508.0,0
1.0443561261700305,508.0,0
1.0444653570168216,508.0,0
1.0445745878636128,508.0,0
1.044683818710404,508.0,0
1.044793049557195,508.0,0
1.0449022804039862,509.0,0
1.0450115112507774,509.0,0
1.0451207420975686,509.0,0
1.0452299729443595,509.0,0
1.0453392037911506,510.0,0
1.0454484346379418,509.0,0
1.045557665484733,510.0,0
1.045666896331524,510.0,0
1.0457761271783153,510.0,0
1.0458853580251064,510.0,0
1.0459945888718976,510.0,0
1.0461038197186885,511.0,0
1.0462130505654799,511.0,0
1.046322281412271,511.0,0
1.0464315122590622,511.0,0
1.046540743105853,511.0,0
1.0466499739526443,511.0,0
1.0467592047994354,511.0,0
1.0468684356462266,512.0,0
1.0469776664930177,511.0,0
1.0470868973398089,511.0,0
1.0471961281866,511.0,0
1.0473053590333912,512.0,0
1.0474145898801823,511.0,0
1.0475238207269735,511.0,0
1.0476330515737646,512.0,0
1.0477422824205556,511.0,0
1.0478515132673467,511.0,0
1.0479607441141379,511.0,0
1.048069974960929,511.0,0
1.0481792058077202,511.0,0
1.0482884366545113,511.0,0
1.0483976675013025,511.0,0
1.0485068983480936,511.0,0
1.0486161291948846,511.0,0
1.048725360041676,511.0,0
1.048834590888467,511.0,0
1.0489438217352582,510.0,0
1.0490530525820492,510.0,0
1.0491622834288403,510.0,0
1.0492715142756315,510.0,0
1.0493807451224226,510.0,0
1.0494899759692138,510.0,0
1.049599206816005,510.0,0
1.049708437662796,510.0,0
1.0498176685095872,510.0,0
1.0499268993563784,510.0,0
1.0500361302031695,510.0,0
1.0501453610499607,510.0,0
1.0502545918967519,510.0,0
1.0503638227435428,510.0,0
1.050473053590334,510.0,0
1.050582284437125,510.0,0
1.0506915152839162,510.0,0
1.0508007461307074,510.0,0
1.0509099769774985,510.0,0
1.0510192078242897,510.0,0
1.0511284386710806,510.0,0
1.051237669517872,510.0,0
1.0513469003646632,510.0,0
1.0514561312114543,510.0,0
1.0515653620582452,510.0,0
1.0516745929050364,510.0,0
1.0517838237518276,510.0,0
1.0518930545986187,510.0,0
1.0520022854454099,510.0,0
1.052111516292201,510.0,0
1.0522207471389922,510.0,0
1.0523299779857833,510.0,0
1.0524392088325745,509.0,0
1.0525484396793656,510.0,0
1.0526576705261568,510.0,0
1.052766901372948,509.0,0
1.0528761322197389,509.0,0
1.05298536306653,510.0,0
1.0530945939133212,510.0,0
1.0532038247601125,509.0,0
1.0533130556069035,510.0,0
1.0534222864536946,510.0,0
1.0535315173004858,509.0,0
1.0536407481472767,509.0,0
1.053749978994068,510.0,0
1.0538592098408592,510.0,0
1.0539684406876504,508.0,0
1.0540776715344413,509.0,0
1.0541869023812325,510.0,0
1.0542961332280236,509.0,0
1.0544053640748148,508.0,0
1.054514594921606,510.0,0
1.054623825768397,509.0,0
1.0547330566151882,509.0,0
1.0548422874619794,509.0,0
1.0549515183087705,510.0,0
1.0550607491555617,509.0,0
1.0551699800023528,508.0,0
1.055279210849144,509.0,0
1.055388441695935,510.0,0
1.055497672542726,508.0,0
1.0556069033895172,509.0,0
1.0557161342363086,510.0,0
1.0558253650830995,509.0,0
1.0559345959298907,508.0,0
1.0560438267766818,510.0,0
1.056153057623473,510.0,0
1.0562622884702642,509.0,0
1.0563715193170553,509.0,0
1.0564807501638465,510.0,0
1.0565899810106374,509.0,0
1.0566992118574285,509.0,0
1.0568084427042197,509.0,0
1.0569176735510109,510.0,0
1.057026904397802,508.0,0
1.0571361352445932,509.0,0
1.0572453660913843,509.0,0
1.0573545969381755,509.0,0
1.0574638277849666,508.0,0
1.0575730586317578,509.0,0
1.057682289478549,509.0,0
1.05779152032534,508.0,0
1.057900751172131,508.0,0
1.0580099820189222,509.0,0
1.0581192128657133,509.0,0
1.0582284437125047,508.0,0
1.0583376745592956,509.0,0
1.0584469054060868,510.0,0
1.058556136252878,509.0,0
1.058665367099669,509.0,0
1.0587745979464602,510.0,0
1.0588838287932514,510.0,0
1.0589930596400425,509.0,0
1.0591022904868335,510.0,0
1.0592115213336246,510.0,0
1.0593207521804158,510.0,0
1.059429983027207,510.0,0
1.059539213873998,510.0,0
1.0596484447207892,510.0,0
1.0597576755675804,510.0,0
1.0598669064143715,510.0,0
1.0599761372611627,511.0,0
1.0600853681079538,510.0,0
1.060194598954745,510.0,0
1.0603038298015361,511.0,0
1.060413060648327,510.0,0
1.0605222914951182,510.0,0
1.0606315223419094,511.0,0
1.0607407531887008,511.0,0
1.0608499840354917,510.0,0
1.0609592148822828,510.0,0
1.061068445729074,511.0,0
1.0611776765758651,510.0,0
1.0612869074226563,510.0,0
1.0613961382694475,510.0,0
1.0615053691162386,510.0,0
1.0616145999630298,510.0,0
1.0617238308098207,510.0,0
1.0618330616566118,510.0,0
1.061942292503403,510.0,0
1.0620515233501941,510.0,0
1.0621607541969853,510.0,0
1.0622699850437765,510.0,0
1.0623792158905676,509.0,0
1.0624884467373588,509.0,0
1.06259767758415,509.0,0
1.062706908430941,509.0,0
1.0628161392777322,508.0,0
1.0629253701245232,508.0,0
1.0630346009713143,508.0,0
1.0631438318181055,508.0,0
1.0632530626648968,508.0,0
1.0633622935116878,508.0,0
1.063471524358479,508.0,0
1.06358075520527,507.0,0
1.0636899860520612,507.0,0
1.0637992168988524,507.0,0
1.0639084477456435,507.0,0
1.0640176785924347,506.0,0
1.0641269094392258,506.0,0
1.0642361402860168,505.0,0
1.064345371132808,505.0,0
1.064454601979599,505.0,0
1.0645638328263904,505.0,0
1.0646730636731814,504.0,0
1.0647822945199725,504.0,0
1.0648915253667637,504.0,0
1.0650007562135548,504.0,0
1.065109987060346,504.0,0
1.0652192179071371,504.0,0
1.0653284487539283,504.0,0
1.0654376796007192,504.0,0
1.0655469104475104,504.0,0
1.0656561412943015,504.0,0
1.065765372141093,504.0,0
1.0658746029878838,504.0,0
1.065983833834675,504.0,0
1.0660930646814661,504.0,0
1.0662022955282573,504.0,0
1.0663115263750484,504.0,0
1.0664207572218396,504.0,0
1.0665299880686308,504.0,0
1.066639218915422,504.0,0
1.0667484497622128,504.0,0
1.066857680609004,504.0,0
1.0669669114557951,504.0,0
1.0670761423025865,504.0,0
1.0671853731493774,504.0,0
1.0672946039961686,504.0,0
1.0674038348429598,504.0,0
1.067513065689751,504.0,0
1.067622296536542,504.0,0
1.0677315273833332,504.0,0
1.0678407582301244,504.0,0
1.0679499890769153,504.0,0
1.0680592199237064,505.0,0
1.0681684507704976,504.0,0
1.068277681617289,504.0,0
1.06838691246408,505.0,0
1.068496143310871,505.0,0
1.0686053741576622,505.0,0
1.0687146050044534,505.0,0
1.0688238358512445,505.0,0
1.0689330666980357,505.0,0
1.0690422975448268,505.0,0
1.069151528391618,506.0,0
1.069260759238409,505.0,0
1.0693699900852,505.0,0
1.0694792209319912,506.0,0
1.0695884517787826,506.0,0
1.0696976826255735,505.0,0
1.0698069134723647,506.0,0
1.0699161443191558,506.0,0
1.070025375165947,506.0,0
1.0701346060127381,506.0,0
1.0702438368595293,507.0,0
1.0703530677063204,507.0,0
1.0704622985531114,506.0,0
1.0705715293999025,506.0,0
1.0706807602466937,507.0,0
1.070789991093485,507.0,0
1.070899221940276,507.0,0
1.0710084527870671,507.0,0
1.0711176836338583,508.0,0
1.0712269144806494,507.0,0
1.0713361453274406,508.0,0
1.0714453761742317,508.0,0
1.071554607021023,508.0,0
1.071663837867814,508.0,0
1.071773068714605,508.0,0
1.0718822995613961,508.0,0
1.0719915304081873,508.0,0
1.0721007612549787,508.0,0
1.0722099921017696,508.0,0
1.0723192229485607,508.0,0
1.072428453795352,508.0,0
1.072537684642143,508.0,0
1.0726469154889342,508.0,0
1.0727561463357254,508.0,0
1.0728653771825165,508.0,0
1.0729746080293077,509.0,0
1.0730838388760986,508.0,0
1.0731930697228897,508.0,0
1.0733023005696811,509.0,0
1.073411531416472,509.0,0
1.0735207622632632,508.0,0
1.0736299931100544,508.0,0
1.0737392239568455,509.0,0
1.0738484548036367,508.0,0
1.0739576856504278,508.0,0
1.074066916497219,508.0,0
1.0741761473440101,508.0,0
1.074285378190801,508.0,0
1.0743946090375922,508.0,0
1.0745038398843834,508.0,0
1.0746130707311747,508.0,0
1.0747223015779657,508.0,0
1.0748315324247568,508.0,0
1.074940763271548,508.0,0
1.0750499941183391,508.0,0
1.0751592249651303,507.0,0
1.0752684558119214,508.0,0
1.0753776866587126,507.0,0
1.0754869175055037,507.0,0
1.0755961483522947,507.0,0
1.0757053791990858,507.0,0
1.0758146100458772,506.0,0
1.0759238408926683,506.0,0
1.0760330717394593,507.0,0
1.0761423025862504,506.0,0
1.0762515334330416,505.0,0
1.0763607642798327,505.0,0
1.076469995126624,506.0,0
1.076579225973415,505.0,0
1.0766884568202062,505.0,0
1.0767976876669971,505.0,0
1.0769069185137883,505.0,0
1.0770161493605794,505.0,0
1.0771253802073708,505.0,0
1.0772346110541617,505.0,0
1.077343841900953,505.0,0
1.077453072747744,505.0,0
1.0775623035945352,505.0,0
1.0776715344413264,505.0,0
1.0777807652881175,505.0,0
1.0778899961349087,505.0,0
1.0779992269816998,505.0,0
1.0781084578284907,505.0,0
1.078217688675282,505.0,0
1.0783269195220733,505.0,0
1.0784361503688644,505.0,0
1.0785453812156554,504.0,0
1.0786546120624465,504.0,0
1.0787638429092377,504.0,0
1.0788730737560288,504.0,0
1.07898230460282,504.0,0
1.0790915354496111,504.0,0
1.0792007662964023,504.0,0
1.0793099971431932,504.0,0
1.0794192279899844,504.0,0
1.0795284588367755,504.0,0
1.0796376896835669,504.0,0
1.0797469205303578,504.0,0
1.079856151377149,504.0,0
1.0799653822239401,504.0,0
1.0800746130707313,504.0,0
1.0801838439175224,504.0,0
1.0802930747643136,504.0,0
1.0804023056111047,504.0,0
1.0805115364578959,504.0,0
1.0806207673046868,504.0,0
1.080729998151478,504.0,0
1.0808392289982693,504.0,0
1.0809484598450605,504.0,0
1.0810576906918514,504.0,0
1.0811669215386426,504.0,0
1.0812761523854337,504.0,0
1.0813853832322249,505.0,0
1.081494614079016,504.0,0
1.0816038449258072,504.0,0
1.0817130757725983,504.0,0
1.0818223066193893,505.0,0
1.0819315374661804,504.0,0
1.0820407683129716,504.0,0
1.082149999159763,504.0,0
1.0822592300065539,505.0,0
1.082368460853345,504.0,0
1.0824776917001362,504.0,0
1.0825869225469273,504.0,0
1.0826961533937185,504.0,0
1.0828053842405096,504.0,0
1.0829146150873008,504.0,0
1.083023845934092,504.0,0
1.0831330767808829,504.0,0
1.083242307627674,504.0,0
1.0833515384744654,504.0,0
1.0834607693212566,504.0,0
1.0835700001680475,504.0,0
1.0836792310148387,504.0,0
1.0837884618616298,504.0,0
1.083897692708421,504.0,0
1.084006923555212,504.0,0
1.0841161544020033,504.0,0
1.0842253852487944,504.0,0
1.0843346160955856,504.0,0
1.0844438469423765,504.0,0
1.0845530777891677,504.0,0
1.084662308635959,504.0,0
1.08477153948275,504.0,0
1.084880770329541,504.0,0
1.0849900011763323,504.0,0
1.0850992320231234,504.0,0
1.0852084628699146,504.0,0
1.0853176937167057,504.0,0
1.0854269245634969,504.0,0
1.085536155410288,504.0,0
1.085645386257079,504.0,0
1.0857546171038701,504.0,0
1.0858638479506615,504.0,0
1.0859730787974526,504.0,0
1.0860823096442436,504.0,0
1.0861915404910347,504.0,0
1.0863007713378259,504.0,0
1.086410002184617,504.0,0
1.0865192330314082,503.0,0
1.0866284638781993,504.0,0
1.0867376947249905,504.0,0
1.0868469255717816,503.0,0
1.0869561564185726,503.0,0
1.0870653872653637,503.0,0
1.087174618112155,503.0,0
1.0872838489589463,503.0,0
1.0873930798057372,504.0,0
1.0875023106525283,504.0,0
1.0876115414993195,504.0,0
1.0877207723461106,504.0,0
1.0878300031929018,504.0,0
1.087939234039693,503.0,0
1.088048464886484,503.0,0
1.088157695733275,504.0,0
1.0882669265800662,504.0,0
1.0883761574268576,503.0,0
1.0884853882736487,503.0,0
1.0885946191204396,503.0,0
1.0887038499672308,503.0,0
1.088813080814022,503.0,0
1.088922311660813,503.0,0
1.0890315425076043,503.0,0
1.0891407733543954,502.0,0
1.0892500042011866,502.0,0
1.0893592350479777,502.0,0
1.0894684658947686,502.0,0
1.0895776967415598,502.0,0
1.0896869275883512,502.0,0
1.0897961584351423,502.0,0
1.0899053892819333,502.0,0
1.0900146201287244,502.0,0
1.0901238509755156,502.0,0
1.0902330818223067,502.0,0
1.0903423126690979,502.0,0
1.090451543515889,502.0,0
1.0905607743626802,502.0,0
1.090670005209471,502.0,0
1.0907792360562623,502.0,0
1.0908884669030536,503.0,0
1.0909976977498448,503.0,0
1.0911069285966357,502.0,0
1.0912161594434269,503.0,0
1.091325390290218,504.0,0
1.0914346211370092,503.0,0
1.0915438519838003,503.0,0
1.0916530828305915,504.0,0
1.0917623136773826,504.0,0
1.0918715445241738,503.0,0
1.0919807753709647,504.0,0
1.0920900062177559,504.0,0
1.0921992370645472,504.0,0
1.0923084679113384,504.0,0
1.0924176987581293,504.0,0
1.0925269296049205,504.0,0
1.0926361604517116,504.0,0
1.0927453912985028,504.0,0
1.092854622145294,504.0,0
1.092963852992085,504.0,0
1.0930730838388762,504.0,0
1.0931823146856672,504.0,0
1.0932915455324583,504.0,0
1.0934007763792497,504.0,0
1.0935100072260409,504.0,0
1.0936192380728318,504.0,0
1.093728468919623,504.0,0
1.093837699766414,504.0,0
1.0939469306132052,504.0,0
1.0940561614599964,504.0,0
1.0941653923067876,504.0,0
1.0942746231535787,504.0,0
1.0943838540003699,504.0,0
1.0944930848471608,504.0,0
1.094602315693952,504.0,0
1.0947115465407433,505.0,0
1.0948207773875345,505.0,0
1.0949300082343254,505.0,0
1.0950392390811166,505.0,0
1.0951484699279077,505.0,0
1.0952577007746989,505.0,0
1.09536693162149,506.0,0
1.0954761624682812,507.0,0
1.0955853933150723,507.0,0
1.0956946241618635,506.0,0
1.0958038550086544,507.0,0
1.0959130858554458,507.0,0
1.096022316702237,507.0,0
1.0961315475490279,508.0,0
1.096240778395819,508.0,0
1.0963500092426102,508.0,0
1.0964592400894013,508.0,0
1.0965684709361925,508.0,0
1.0966777017829836,508.0,0
1.0967869326297748,508.0,0
1.096896163476566,508.0,0
1.0970053943233569,508.0,0
1.097114625170148,508.0,0
1.0972238560169394,508.0,0
1.0973330868637305,508.0,0
1.0974423177105215,509.0,0
1.0975515485573126,508.0,0
1.0976607794041038,509.0,0
1.097770010250895,509.0,0
1.097879241097686,509.0,0
1.0979884719444772,508.0,0
1.0980977027912684,509.0,0
1.0982069336380595,509.0,0
1.0983161644848505,509.0,0
1.0984253953316419,508.0,0
1.098534626178433,509.0,0
1.0986438570252242,509.0,0
1.098753087872015,509.0,0
1.0988623187188062,509.0,0
1.0989715495655974,509.0,0
1.0990807804123885,509.0,0
1.0991900112591797,509.0,0
1.0992992421059709,509.0,0
1.099408472952762,509.0,0
1.099517703799553,508.0,0
1.099626934646344,508.0,0
1.0997361654931355,509.0,0
1.0998453963399266,508.0,0
1.0999546271867175,508.0,0
1.1000638580335087,509.0,0
1.1001730888802999,508.0,0
1.100282319727091,508.0,0
1.1003915505738822,508.0,0
1.1005007814206733,508.0,0
1.1006100122674645,508.0,0
1.1007192431142556,508.0,0
1.1008284739610465,508.0,0
1.100937704807838,508.0,0
1.101046935654629,508.0,0
1.1011561665014202,508.0,0
1.1012653973482112,508.0,0
1.1013746281950023,508.0,0
1.1014838590417935,508.0,0
1.1015930898885846,508.0,0
1.1017023207353758,508.0,0
1.101811551582167,508.0,0
1.101920782428958,508.0,0
1.102030013275749,508.0,0
1.1021392441225402,508.0,0
1.1022484749693315,508.0,0
1.1023577058161227,508.0,0
1.1024669366629136,508.0,0
1.1025761675097048,507.0,0
1.102685398356496,508.0,0
1.102794629203287,507.0,0
1.1029038600500782,507.0,0
1.1030130908968694,507.0,0
1.1031223217436605,507.0,0
1.1032315525904517,507.0,0
1.1033407834372426,507.0,0
1.103450014284034,507.0,0
1.1035592451308252,507.0,0
1.1036684759776163,507.0,0
1.1037777068244072,507.0,0
1.1038869376711984,507.0,0
1.1039961685179895,507.0,0
1.104105399364781,507.0,0
1.1042146302115718,507.0,0
1.104323861058363,507.0,0
1.1044330919051542,507.0,0
1.104542322751945,507.0,0
1.1046515535987362,507.0,0
1.1047607844455276,507.0,0
1.1048700152923188,507.0,0
1.1049792461391097,508.0,0
1.1050884769859008,508.0,0
1.105197707832692,508.0,0
1.1053069386794832,508.0,0
1.1054161695262743,508.0,0
1.1055254003730655,508.0,0
1.1056346312198566,508.0,0
1.1057438620666478,508.0,0
1.1058530929134387,508.0,0
1.10596232376023,508.0,0
1.1060715546070212,508.0,0
1.1061807854538124,508.0,0
1.1062900163006033,508.0,0
1.1063992471473945,509.0,0
1.1065084779941856,509.0,0
1.106617708840977,509.0,0
1.106726939687768,509.0,0
1.106836170534559,510.0,0
1.1069454013813502,510.0,0
1.1070546322281414,509.0,0
1.1071638630749323,509.0,0
1.1072730939217237,510.0,0
1.1073823247685148,509.0,0
1.1074915556153058,509.0,0
1.107600786462097,510.0,0
1.107710017308888,510.0,0
1.1078192481556792,509.0,0
1.1079284790024704,510.0,0
1.1080377098492615,510.0,0
1.1081469406960527,510.0,0
1.1082561715428438,509.0,0
1.1083654023896348,510.0,0
1.1084746332364261,510.0,0
1.1085838640832173,509.0,0
1.1086930949300084,509.0,0
1.1088023257767994,510.0,0
1.1089115566235905,510.0,0
1.1090207874703817,510.0,0
1.109130018317173,510.0,0
1.109239249163964,510.0,0
1.1093484800107551,510.0,0
1.1094577108575463,510.0,0
1.1095669417043375,510.0,0
1.1096761725511284,510.0,0
1.1097854033979198,510.0,0
1.109894634244711,510.0,0
1.110003865091502,510.0,0
1.110113095938293,511.0,0
1.1102223267850841,510.0,0
1.1103315576318753,511.0,0
1.1104407884786665,511.0,0
1.1105500193254576,510.0,0
1.1106592501722488,510.0,0
1.11076848101904,511.0,0
1.1108777118658308,510.0,0
1.1109869427126222,510.0,0
1.1110961735594134,510.0,0
1.1112054044062045,510.0,0
1.1113146352529955,509.0,0
1.1114238660997866,509.0,0
1.1115330969465778,509.0,0
1.1116423277933691,509.0,0
1.11175155864016,508.0,0
1.1118607894869512,508.0,0
1.1119700203337424,508.0,0
1.1120792511805335,508.0,0
1.1121884820273245,508.0,0
1.1122977128741158,508.0,0
1.112406943720907,508.0,0
1.1125161745676981,508.0,0
1.112625405414489,508.0,0
1.1127346362612802,508.0,0
1.1128438671080714,507.0,0
1.1129530979548625,507.0,0
1.1130623288016537,507.0,0
1.1131715596484448,507.0,0
1.113280790495236,507.0,0
1.113390021342027,507.0,0
1.1134992521888183,507.0,0
1.1136084830356094,506.0,0
1.1137177138824006,506.0,0
1.1138269447291915,507.0,0
1.1139361755759827,505.0,0
1.1140454064227738,505.0,0
1.1141546372695652,506.0,0
1.1142638681163561,505.0,0
1.1143730989631473,505.0,0
1.1144823298099384,505.0,0
1.1145915606567296,505.0,0
1.1147007915035205,505.0,0
1.114810022350312,505.0,0
1.114919253197103,506.0,0
1.1150284840438942,505.0,0
1.1151377148906851,505.0,0
1.1152469457374763,505.0,0
1.1153561765842674,506.0,0
1.1154654074310588,505.0,0
1.1155746382778498,505.0,0
1.115683869124641,506.0,0
1.115793099971432,506.0,0
1.115902330818223,506.0,0
1.1160115616650144,506.0,0
1.1161207925118055,507.0,0
1.1162300233585967,507.0,0
1.1163392542053876,507.0,0
1.1164484850521788,507.0,0
1.11655771589897,508.0,0
1.1166669467457613,508.0,0
1.1167761775925522,508.0,0
1.1168854084393434,508.0,0
1.1169946392861345,508.0,0
1.1171038701329257,508.0,0
1.1172131009797166,508.0,0
1.117322331826508,508.0,0
1.1174315626732991,508.0,0
1.1175407935200903,508.0,0
1.1176500243668812,509.0,0
1.1177592552136724,509.0,0
1.1178684860604635,509.0,0
1.117977716907255,510.0,0
1.1180869477540458,510.0,0
1.118196178600837,510.0,0
1.1183054094476281,510.0,0
1.1184146402944193,510.0,0
1.1185238711412104,510.0,0
1.1186331019880016,510.0,0
1.1187423328347927,511.0,0
1.1188515636815837,511.0,0
1.1189607945283748,511.0,0
1.119070025375166,511.0,0
1.1191792562219574,511.0,0
1.1192884870687483,511.0,0
1.1193977179155394,511.0,0
1.1195069487623306,511.0,0
1.1196161796091217,511.0,0
1.1197254104559127,511.0,0
1.119834641302704,511.0,0
1.1199438721494952,512.0,0
1.1200531029962864,512.0,0
1.1201623338430773,511.0,0
1.1202715646898684,512.0,0
1.1203807955366596,512.0,0
1.120490026383451,512.0,0
1.120599257230242,512.0,0
1.120708488077033,513.0,0
1.1208177189238242,512.0,0
1.1209269497706154,512.0,0
1.1210361806174065,513.0,0
1.1211454114641977,513.0,0
1.1212546423109888,512.0,0
1.1213638731577797,512.0,0
1.121473104004571,513.0,0
1.121582334851362,513.0,0
1.1216915656981534,513.0,0
1.1218007965449444,513.0,0
1.1219100273917355,513.0,0
1.1220192582385267,513.0,0
1.1221284890853178,513.0,0
1.1222377199321087,513.0,0
1.1223469507789001,513.0,0
1.1224561816256913,513.0,0
1.1225654124724824,513.0,0
1.1226746433192734,513.0,0
1.1227838741660645,513.0,0
1.1228931050128557,513.0,0
1.123002335859647,513.0,0
1.123111566706438,513.0,0
1.1232207975532291,513.0,0
1.1233300284000203,513.0,0
1.1234392592468114,513.0,0
1.1235484900936026,513.0,0
1.1236577209403937,513.0,0
1.1237669517871849,513.0,0
1.123876182633976,513.0,0
1.123985413480767,513.0,0
1.1240946443275581,513.0,0
1.1242038751743495,513.0,0
1.1243131060211404,513.0,0
1.1244223368679316,513.0,0
1.1245315677147227,513.0,0
1.1246407985615139,513.0,0
1.1247500294083048,512.0,0
1.1248592602550962,512.0,0
1.1249684911018873,513.0,0
1.1250777219486785,512.0,0
1.1251869527954694,512.0,0
1.1252961836422606,512.0,0
1.1254054144890517,512.0,0
1.1255146453358431,511.0,0
1.125623876182634,512.0,0
1.1257331070294252,512.0,0
1.1258423378762163,511.0,0
1.1259515687230075,511.0,0
1.1260607995697987,512.0,0
1.1261700304165898,511.0,0
1.126279261263381,511.0,0
1.1263884921101721,511.0,0
1.126497722956963,512.0,0
1.1266069538037542,511.0,0
1.1267161846505456,511.0,0
1.1268254154973367,512.0,0
1.1269346463441277,512.0,0
1.1270438771909188,512.0,0
1.12715310803771,512.0,0
1.127262338884501,513.0,0
1.1273715697312923,512.0,0
1.1274808005780834,512.0,0
1.1275900314248746,513.0,0
1.1276992622716655,513.0,0
1.1278084931184567,513.0,0
1.1279177239652478,513.0,0
1.1280269548120392,514.0,0
1.1281361856588301,514.0,0
1.1282454165056213,514.0,0
1.1283546473524124,515.0,0
1.1284638781992036,515.0,0
1.1285731090459947,515.0,0
1.1286823398927859,515.0,0
1.128791570739577,516.0,0
1.1289008015863682,515.0,0
1.1290100324331591,515.0,0
1.1291192632799503,516.0,0
1.1292284941267416,516.0,0
1.1293377249735328,516.0,0
1.1294469558203237,516.0,0
1.1295561866671149,517.0,0
1.129665417513906,516.0,0
1.1297746483606972,516.0,0
1.1298838792074883,517.0,0
1.1299931100542795,516.0,0
1.1301023409010706,516.0,0
1.1302115717478616,516.0,0
1.1303208025946527,516.0,0
1.1304300334414439,516.0,0
1.1305392642882353,516.0,0
1.1306484951350262,516.0,0
1.1307577259818173,516.0,0
1.1308669568286085,515.0,0
1.1309761876753996,516.0,0
1.1310854185221908,516.0,0
1.131194649368982,515.0,0
1.131303880215773,515.0,0
1.1314131110625643,516.0,0
1.1315223419093552,516.0,0
1.1316315727561463,515.0,0
1.1317408036029377,516.0,0
1.1318500344497289,516.0,0
1.1319592652965198,515.0,0
1.132068496143311,515.0,0
1.132177726990102,516.0,0
1.1322869578368933,516.0,0
1.1323961886836844,515.0,0
1.1325054195304756,515.0,0
1.1326146503772667,516.0,0
1.1327238812240576,515.0,0
1.1328331120708488,515.0,0
1.13294234291764,516.0,0
1.1330515737644313,516.0,0
1.1331608046112223,515.0,0
1.1332700354580134,516.0,0
1.1333792663048046,516.0,0
1.1334884971515957,516.0,0
1.1335977279983869,515.0,0
1.133706958845178,516.0,0
1.1338161896919692,516.0,0
1.1339254205387603,515.0,0
1.1340346513855513,516.0,0
1.1341438822323424,516.0,0
1.1342531130791338,515.0,0
1.134362343925925,515.0,0
1.1344715747727159,516.0,0
1.134580805619507,516.0,0
1.1346900364662982,515.0,0
1.1347992673130893,515.0,0
1.1349084981598805,515.0,0
1.1350177290066716,515.0,0
1.1351269598534628,515.0,0
1.135236190700254,515.0,0
1.1353454215470449,514.0,0
1.135454652393836,514.0,0
1.1355638832406274,514.0,0
1.1356731140874183,514.0,0
1.1357823449342095,513.0,0
1.1358915757810006,513.0,0
1.1360008066277918,513.0,0
1.136110037474583,513.0,0
1.136219268321374,512.0,0
1.1363284991681653,512.0,0
1.1364377300149564,512.0,0
1.1365469608617473,512.0,0
1.1366561917085385,511.0,0
1.1367654225553299,511.0,0
1.136874653402121,511.0,0
1.136983884248912,510.0,0
1.137093115095703,510.0,0
1.1372023459424943,511.0,0
1.1373115767892854,510.0,0
1.1374208076360766,510.0,0
1.1375300384828677,510.0,0
1.1376392693296589,510.0,0
1.13774850017645,509.0,0
1.137857731023241,509.0,0
1.137966961870032,509.0,0
1.1380761927168235,509.0,0
1.1381854235636146,508.0,0
1.1382946544104056,509.0,0
1.1384038852571967,508.0,0
1.1385131161039879,508.0,0
1.138622346950779,508.0,0
1.1387315777975702,509.0,0
1.1388408086443613,508.0,0
1.1389500394911525,508.0,0
1.1390592703379434,508.0,0
1.1391685011847346,508.0,0
1.139277732031526,508.0,0
1.139386962878317,508.0,0
1.139496193725108,508.0,0
1.1396054245718992,508.0,0
1.1397146554186903,508.0,0
1.1398238862654815,509.0,0
1.1399331171122726,509.0,0
1.1400423479590638,508.0,0
1.140151578805855,508.0,0
1.140260809652646,509.0,0
1.140370040499437,509.0,0
1.1404792713462282,508.0,0
1.1405885021930195,509.0,0
1.1406977330398107,510.0,0
1.1408069638866016,509.0,0
1.1409161947333928,510.0,0
1.141025425580184,510.0,0
1.141134656426975,510.0,0
1.1412438872737662,509.0,0
1.1413531181205574,510.0,0
1.1414623489673486,510.0,0
1.1415715798141395,510.0,0
1.1416808106609306,510.0,0
1.141790041507722,511.0,0
1.1418992723545132,511.0,0
1.142008503201304,511.0,0
1.1421177340480952,511.0,0
1.1422269648948864,511.0,0
1.1423361957416776,511.0,0
1.1424454265884687,511.0,0
1.1425546574352599,512.0,0
1.142663888282051,511.0,0
1.1427731191288422,511.0,0
1.142882349975633,512.0,0
1.1429915808224242,512.0,0
1.1431008116692156,511.0,0
1.1432100425160068,511.0,0
1.1433192733627977,512.0,0
1.1434285042095889,512.0,0
1.14353773505638,512.0,0
1.1436469659031712,512.0,0
1.1437561967499623,512.0,0
1.1438654275967535,512.0,0
1.1439746584435446,512.0,0
1.1440838892903356,512.0,0
1.1441931201371267,512.0,0
1.144302350983918,511.0,0
1.1444115818307092,512.0,0
1.1445208126775002,512.0,0
1.1446300435242913,511.0,0
1.1447392743710825,511.0,0
1.1448485052178736,512.0,0
1.1449577360646648,511.0,0
1.145066966911456,511.0,0
1.145176197758247,511.0,0
1.1452854286050382,511.0,0
1.1453946594518292,511.0,0
1.1455038902986203,511.0,0
1.1456131211454117,511.0,0
1.1457223519922028,511.0,0
1.1458315828389938,511.0,0
1.145940813685785,511.0,0
1.146050044532576,511.0,0
1.1461592753793672,510.0,0
1.1462685062261584,510.0,0
1.1463777370729495,511.0,0
1.1464869679197407,510.0,0
1.1465961987665318,510.0,0
1.1467054296133228,510.0,0
1.1468146604601142,510.0,0
1.1469238913069053,510.0,0
1.1470331221536962,510.0,0
1.1471423530004874,510.0,0
1.1472515838472785,510.0,0
1.1473608146940697,509.0,0
1.1474700455408609,510.0,0
1.147579276387652,509.0,0
1.1476885072344432,509.0,0
1.1477977380812343,509.0,0
1.1479069689280252,510.0,0
1.1480161997748164,508.0,0
1.1481254306216078,509.0,0
1.148234661468399,509.0,0
1.1483438923151899,509.0,0
1.148453123161981,508.0,0
1.1485623540087722,509.0,0
1.1486715848555633,509.0,0
1.1487808157023545,509.0,0
1.1488900465491456,508.0,0
1.1489992773959368,509.0,0
1.149108508242728,508.0,0
1.1492177390895189,508.0,0
1.1493269699363102,508.0,0
1.1494362007831014,508.0,0
1.1495454316298925,508.0,0
1.1496546624766835,508.0,0
1.1497638933234746,508.0,0
1.1498731241702658,508.0,0
1.149982355017057,508.0,0
1.150091585863848,508.0,0
1.1502008167106392,508.0,0
1.1503100475574304,508.0,0
1.1504192784042213,508.0,0
1.1505285092510125,508.0,0
1.1506377400978038,508.0,0
1.150746970944595,508.0,0
1.150856201791386,508.0,0
1.150965432638177,508.0,0
1.1510746634849682,508.0,0
1.1511838943317594,508.0,0
1.1512931251785505,508.0,0
1.1514023560253417,507.0,0
1.1515115868721328,507.0,0
1.151620817718924,507.0,0
1.151730048565715,507.0,0
1.1518392794125063,507.0,0
1.1519485102592975,507.0,0
1.1520577411060886,507.0,0
1.1521669719528795,507.0,0
1.1522762027996707,507.0,0
1.1523854336464618,507.0,0
1.152494664493253,507.0,0
1.1526038953400441,506.0,0
1.1527131261868353,506.0,0
1.1528223570336265,506.0,0
1.1529315878804174,505.0,0
1.1530408187272085,505.0,0
1.153150049574,506.0,0
1.153259280420791,505.0,0
1.153368511267582,505.0,0
1.1534777421143732,505.0,0
1.1535869729611643,505.0,0
1.1536962038079555,505.0,0
1.1538054346547466,505.0,0
1.1539146655015378,505.0,0
1.154023896348329,505.0,0
1.15413312719512,505.0,0
1.154242358041911,505.0,0
1.1543515888887024,505.0,0
1.1544608197354935,505.0,0
1.1545700505822847,505.0,0
1.1546792814290756,505.0,0
1.1547885122758668,505.0,0
1.154897743122658,505.0,0
1.155006973969449,505.0,0
1.1551162048162402,505.0,0
1.1552254356630314,505.0,0
1.1553346665098225,505.0,0
1.1554438973566135,505.0,0
1.1555531282034046,505.0,0
1.155662359050196,505.0,0
1.1557715898969871,505.0,0
1.155880820743778,505.0,0
1.1559900515905692,505.0,0
1.1560992824373604,505.0,0
1.1562085132841515,505.0,0
1.1563177441309427,505.0,0
1.1564269749777338,505.0,0
1.156536205824525,505.0,0
1.1566454366713161,504.0,0
1.156754667518107,504.0,0
1.1568638983648984,504.0,0
1.1569731292116896,504.0,0
1.1570823600584808,504.0,0
1.1571915909052717,504.0,0
1.1573008217520628,504.0,0
1.157410052598854,504.0,0
1.1575192834456451,504.0,0
1.1576285142924363,504.0,0
1.1577377451392274,504.0,0
1.1578469759860186,504.0,0
1.1579562068328098,504.0,0
1.1580654376796007,504.0,0
1.158174668526392,504.0,0
1.1582838993731832,504.0,0
1.1583931302199741,504.0,0
1.1585023610667653,504.0,0
1.1586115919135564,504.0,0
1.1587208227603476,504.0,0
1.1588300536071388,505.0,0
1.15893928445393,504.0,0
1.159048515300721,504.0,0
1.1591577461475122,505.0,0
1.1592669769943031,505.0,0
1.1593762078410945,504.0,0
1.1594854386878857,505.0,0
1.1595946695346768,505.0,0
1.1597039003814678,505.0,0
1.159813131228259,505.0,0
1.15992236207505,505.0,0
1.1600315929218412,505.0,0
1.1601408237686324,505.0,0
1.1602500546154235,505.0,0
1.1603592854622147,505.0,0
1.1604685163090058,505.0,0
1.1605777471557968,505.0,0
1.1606869780025881,505.0,0
1.1607962088493793,505.0,0
1.1609054396961704,505.0,0
1.1610146705429614,505.0,0
1.1611239013897525,505.0,0
1.1612331322365437,505.0,0
1.1613423630833348,505.0,0
1.161451593930126,505.0,0
1.1615608247769171,505.0,0
1.1616700556237083,505.0,0
1.1617792864704992,505.0,0
1.1618885173172906,506.0,0
1.1619977481640817,505.0,0
1.162106979010873,505.0,0
1.1622162098576638,505.0,0
1.162325440704455,505.0,0
1.1624346715512461,505.0,0
1.1625439023980373,505.0,0
1.1626531332448284,505.0,0
1.1627623640916196,505.0,0
1.1628715949384107,504.0,0
1.162980825785202,505.0,0
1.1630900566319928,504.0,0
1.1631992874787842,504.0,0
1.1633085183255754,504.0,0
1.1634177491723665,504.0,0
1.1635269800191574,504.0,0
1.1636362108659486,504.0,0
1.1637454417127397,504.0,0
1.163854672559531,504.0,0
1.163963903406322,504.0,0
1.1640731342531132,504.0,0
1.1641823650999044,504.0,0
1.1642915959466953,504.0,0
1.1644008267934867,504.0,0
1.1645100576402778,504.0,0
1.164619288487069,504.0,0
1.16472851933386,504.0,0
1.164837750180651,504.0,0
1.1649469810274422,504.0,0
1.1650562118742334,504.0,0
1.1651654427210245,504.0,0
1.1652746735678157,504.0,0
1.1653839044146068,504.0,0
1.165493135261398,503.0,0
1.165602366108189,504.0,0
1.1657115969549803,504.0,0
1.1658208278017714,503.0,0
1.1659300586485626,503.0,0
1.1660392894953535,504.0,0
1.1661485203421447,503.0,0
1.1662577511889358,503.0,0
1.166366982035727,504.0,0
1.1664762128825181,504.0,0
1.1665854437293093,503.0,0
1.1666946745761004,503.0,0
1.1668039054228914,504.0,0
1.1669131362696827,503.0,0
1.167022367116474,502.0,0
1.167131597963265,503.0,0
1.167240828810056,503.0,0
1.1673500596568471,502.0,0
1.1674592905036383,503.0,0
1.1675685213504294,503.0,0
1.1676777521972206,502.0,0
1.1677869830440117,502.0,0
1.167896213890803,503.0,0
1.168005444737594,503.0,0
1.168114675584385,502.0,0
1.1682239064311764,503.0,0
1.1683331372779675,503.0,0
1.1684423681247587,502.0,0
1.1685515989715496,502.0,0
1.1686608298183407,503.0,0
1.168770060665132,503.0,0
1.168879291511923,502.0,0
1.1689885223587142,502.0,0
1.1690977532055054,503.0,0
1.1692069840522965,502.0,0
1.1693162148990877,502.0,0
1.1694254457458788,503.0,0
1.16953467659267,503.0,0
1.1696439074394611,502.0,0
1.169753138286252,502.0,0
1.1698623691330432,503.0,0
1.1699715999798344,502.0,0
1.1700808308266255,502.0,0
1.1701900616734167,503.0,0
1.1702992925202078,502.0,0
1.170408523366999,502.0,0
1.1705177542137901,502.0,0
1.170626985060581,503.0,0
1.1707362159073724,502.0,0
1.1708454467541636,503.0,0
1.1709546776009547,503.0,0
1.1710639084477457,503.0,0
1.1711731392945368,502.0,0
1.171282370141328,503.0,0
1.1713916009881191,503.0,0
1.1715008318349103,503.0,0
1.1716100626817014,502.0,0
1.1717192935284926,503.0,0
1.1718285243752837,503.0,0
1.1719377552220749,502.0,0
1.172046986068866,502.0,0
1.1721562169156572,503.0,0
1.1722654477624483,502.0,0
1.1723746786092393,502.0,0
1.1724839094560304,502.0,0
1.1725931403028216,502.0,0
1.1727023711496127,502.0,0
1.1728116019964039,502.0,0
1.172920832843195,502.0,0
1.1730300636899862,501.0,0
1.1731392945367771,501.0,0
1.1732485253835685,502.0,0
1.1733577562303596,501.0,0
1.1734669870771508,500.0,0
1.1735762179239417,500.0,0
1.1736854487707329,500.0,0
1.173794679617524,500.0,0
1.1739039104643152,500.0,0
1.1740131413111063,500.0,0
1.1741223721578975,500.0,0
1.1742316030046887,499.0,0
1.1743408338514798,500.0,0
1.174450064698271,500.0,0
1.174559295545062,499.0,0
1.1746685263918533,499.0,0
1.1747777572386444,500.0,0
1.1748869880854353,499.0,0
1.1749962189322265,499.0,0
1.1751054497790177,499.0,0
1.1752146806258088,499.0,0
1.1753239114726,499.0,0
1.1754331423193911,499.0,0
1.1755423731661823,499.0,0
1.1756516040129732,499.0,0
1.1757608348597646,499.0,0
1.1758700657065557,499.0,0
1.1759792965533469,499.0,0
1.1760885274001378,499.0,0
1.176197758246929,499.0,0
1.1763069890937201,499.0,0
1.1764162199405113,499.0,0
1.1765254507873024,499.0,0
1.1766346816340936,499.0,0
1.1767439124808847,499.0,0
1.1768531433276759,499.0,0
1.176962374174467,499.0,0
1.1770716050212582,500.0,0
1.1771808358680493,500.0,0
1.1772900667148405,500.0,0
1.1773992975616314,500.0,0
1.1775085284084226,500.0,0
1.1776177592552137,500.0,0
1.177726990102005,500.0,0
1.177836220948796,501.0,0
1.1779454517955872,501.0,0
1.1780546826423783,500.0,0
1.1781639134891693,500.0,0
1.1782731443359606,502.0,0
1.1783823751827518,501.0,0
1.178491606029543,501.0,0
1.1786008368763339,501.0,0
1.178710067723125,502.0,0
1.1788192985699162,500.0,0
1.1789285294167073,500.0,0
1.1790377602634985,501.0,0
1.1791469911102896,501.0,0
1.1792562219570808,500.0,0
1.179365452803872,501.0,0
1.179474683650663,501.0,0
1.1795839144974543,500.0,0
1.1796931453442454,500.0,0
1.1798023761910366,501.0,0
1.1799116070378275,500.0,0
1.1800208378846186,500.0,0
1.1801300687314098,500.0,0
1.1802392995782012,501.0,0
1.180348530424992,500.0,0
1.1804577612717833,500.0,0
1.1805669921185744,501.0,0
1.1806762229653656,501.0,0
1.1807854538121567,500.0,0
1.1808946846589479,502.0,0
1.181003915505739,502.0,0
1.18111314635253,501.0,0
1.181222377199321,501.0,0
1.1813316080461123,502.0,0
1.1814408388929034,502.0,0
1.1815500697396946,502.0,0
1.1816593005864857,502.0,0
1.1817685314332769,503.0,0
1.181877762280068,502.0,0
1.1819869931268592,502.0,0
1.1820962239736503,503.0,0
1.1822054548204415,503.0,0
1.1823146856672326,502.0,0
1.1824239165140236,503.0,0
1.1825331473608147,503.0,0
1.1826423782076059,503.0,0
1.1827516090543972,503.0,0
1.1828608399011882,504.0,0
1.1829700707479793,504.0,0
1.1830793015947705,503.0,0
1.1831885324415616,503.0,0
1.1832977632883528,504.0,0
1.183406994135144,503.0,0
1.183516224981935,503.0,0
1.1836254558287262,504.0,0
1.1837346866755172,504.0,0
1.1838439175223083,503.0,0
1.1839531483690995,504.0,0
1.1840623792158906,504.0,0
1.1841716100626818,504.0,0
1.184280840909473,504.0,0
1.184390071756264,504.0,0
1.1844993026030552,504.0,0
1.1846085334498464,504.0,0
1.1847177642966376,504.0,0
1.1848269951434287,504.0,0
1.1849362259902196,504.0,0
1.1850454568370108,504.0,0
1.185154687683802,504.0,0
1.1852639185305933,504.0,0
1.1853731493773842,504.0,0
1.1854823802241754,504.0,0
1.1855916110709666,504.0,0
1.1857008419177577,505.0,0
1.1858100727645489,504.0,0
1.18591930361134,505.0,0
1.1860285344581312,505.0,0
1.1861377653049223,505.0,0
1.1862469961517133,505.0,0
1.1863562269985044,506.0,0
1.1864654578452956,505.0,0
1.1865746886920867,505.0,0
1.1866839195388779,506.0,0
1.186793150385669,507.0,0
1.1869023812324602,506.0,0
1.1870116120792513,507.0,0
1.1871208429260425,507.0,0
1.1872300737728336,507.0,0
1.1873393046196248,506.0,0
1.1874485354664157,507.0,0
1.1875577663132069,507.0,0
1.187666997159998,506.0,0
1.1877762280067894,505.0,0
1.1878854588535803,506.0,0
1.1879946897003715,505.0,0
1.1881039205471626,505.0,0
1.1882131513939538,505.0,0
1.188322382240745,505.0,0
1.188431613087536,504.0,0
1.1885408439343272,504.0,0
1.1886500747811184,504.0,0
1.1887593056279093,504.0,0
1.1888685364747005,504.0,0
1.1889777673214916,504.0,0
1.189086998168283,504.0,0
1.189196229015074,504.0,0
1.189305459861865,504.0,0
1.1894146907086562,504.0,0
1.1895239215554474,503.0,0
1.1896331524022385,502.0,0
1.1897423832490297,503.0,0
1.1898516140958209,502.0,0
1.1899608449426118,502.0,0
1.190070075789403,503.0,0
1.190179306636194,503.0,0
1.1902885374829855,503.0,0
1.1903977683297764,503.0,0
1.1905069991765675,504.0,0
1.1906162300233587,504.0,0
1.1907254608701499,504.0,0
1.190834691716941,504.0,0
1.1909439225637322,504.0,0
1.1910531534105233,504.0,0
1.1911623842573145,504.0,0
1.1912716151041054,504.0,0
1.1913808459508965,504.0,0
1.1914900767976877,504.0,0
1.191599307644479,504.0,0
1.19170853849127,504.0,0
1.1918177693380612,504.0,0
1.1919270001848523,504.0,0
1.1920362310316435,504.0,0
1.1921454618784346,504.0,0
1.1922546927252258,504.0,0
1.192363923572017,504.0,0
1.1924731544188079,504.0,0
1.192582385265599,504.0,0
1.1926916161123902,504.0,0
1.1928008469591815,504.0,0
1.1929100778059725,504.0,0
1.1930193086527636,504.0,0
1.1931285394995548,504.0,0
1.193237770346346,504.0,0
1.193347001193137,504.0,0
1.1934562320399282,504.0,0
1.1935654628867194,504.0,0
1.1936746937335105,504.0,0
1.1937839245803015,504.0,0
1.1938931554270926,504.0,0
1.1940023862738838,504.0,0
1.1941116171206752,504.0,0
1.194220847967466,504.0,0
1.1943300788142572,504.0,0
1.1944393096610484,504.0,0
1.1945485405078395,503.0,0
1.1946577713546307,503.0,0
1.1947670022014218,504.0,0
1.194876233048213,504.0,0
1.194985463895004,503.0,0
1.195094694741795,503.0,0
1.1952039255885862,503.0,0
1.1953131564353776,502.0,0
1.1954223872821685,502.0,0
1.1955316181289597,502.0,0
1.1956408489757508,502.0,0
1.195750079822542,502.0,0
1.1958593106693332,502.0,0
1.1959685415161243,502.0,0
1.1960777723629155,501.0,0
1.1961870032097066,502.0,0
1.1962962340564975,501.0,0
1.1964054649032887,502.0,0
1.1965146957500798,500.0,0
1.1966239265968712,501.0,0
1.1967331574436622,501.0,0
1.1968423882904533,501.0,0
1.1969516191372445,501.0,0
1.1970608499840356,502.0,0
1.1971700808308268,501.0,0
1.197279311677618,502.0,0
1.197388542524409,502.0,0
1.1974977733712002,502.0,0
1.1976070042179912,501.0,0
1.1977162350647823,502.0,0
1.1978254659115737,502.0,0
1.1979346967583646,502.0,0
1.1980439276051558,501.0,0
1.198153158451947,502.0,0
1.198262389298738,502.0,0
1.1983716201455292,501.0,0
1.1984808509923204,502.0,0
1.1985900818391115,502.0,0
1.1986993126859027,501.0,0
1.1988085435326936,501.0,0
1.1989177743794848,502.0,0
1.199027005226276,502.0,0
1.1991362360730673,501.0,0
1.1992454669198582,502.0,0
1.1993546977666494,502.0,0
1.1994639286134405,502.0,0
1.1995731594602317,502.0,0
1.1996823903070228,502.0,0
1.199791621153814,502.0,0
1.1999008520006051,502.0,0
1.2000100828473963,502.0,0
1.2001193136941872,502.0,0
1.2002285445409784,502.0,0
1.2003377753877698,502.0,0
1.200447006234561,502.0,0
1.2005562370813518,502.0,0
1.200665467928143,502.0,0
1.2007746987749341,502.0,0
1.2008839296217253,502.0,0
1.2009931604685165,502.0,0
1.2011023913153076,502.0,0
1.2012116221620988,503.0,0
1.2013208530088897,502.0,0
1.2014300838556808,502.0,0
1.201539314702472,502.0,0
1.2016485455492634,503.0,0
1.2017577763960543,502.0,0
1.2018670072428455,502.0,0
1.2019762380896366,502.0,0
1.2020854689364278,503.0,0
1.202194699783219,502.0,0
1.20230393063001,503.0,0
1.2024131614768012,503.0,0
1.2025223923235924,502.0,0
1.2026316231703833,502.0,0
1.2027408540171745,503.0,0
1.2028500848639658,503.0,0
1.202959315710757,502.0,0
1.203068546557548,503.0,0
1.203177777404339,503.0,0
1.2032870082511302,502.0,0
1.2033962390979214,503.0,0
1.2035054699447125,503.0,0
1.2036147007915037,503.0,0
1.2037239316382948,503.0,0
1.2038331624850858,503.0,0
1.203942393331877,504.0,0
1.204051624178668,504.0,0
1.2041608550254594,503.0,0
1.2042700858722504,504.0,0
1.2043793167190415,504.0,0
1.2044885475658327,503.0,0
1.2045977784126238,504.0,0
1.204707009259415,504.0,0
1.2048162401062061,504.0,0
1.2049254709529973,504.0,0
1.2050347017997884,504.0,0
1.2051439326465794,504.0,0
1.2052531634933705,504.0,0
1.205362394340162,504.0,0
1.205471625186953,504.0,0
1.205580856033744,504.0,0
1.2056900868805351,504.0,0
1.2057993177273263,504.0,0
1.2059085485741174,504.0,0
1.2060177794209086,504.0,0
1.2061270102676998,504.0,0
1.206236241114491,504.0,0
1.2063454719612818,504.0,0
1.206454702808073,504.0,0
1.2065639336548641,504.0,0
1.2066731645016555,504.0,0
1.2067823953484464,504.0,0
1.2068916261952376,505.0,0
1.2070008570420288,505.0,0
1.20711008788882,504.0,0
1.207219318735611,504.0,0
1.2073285495824022,505.0,0
1.2074377804291934,505.0,0
1.2075470112759845,505.0,0
1.2076562421227754,505.0,0
1.2077654729695666,506.0,0
1.207874703816358,505.0,0
1.2079839346631491,505.0,0
1.20809316550994,506.0,0
1.2082023963567312,506.0,0
1.2083116272035224,505.0,0
1.2084208580503135,507.0,0
1.2085300888971047,506.0,0
1.2086393197438958,506.0,0
1.208748550590687,506.0,0
1.2088577814374781,507.0,0
1.208967012284269,505.0,0
1.2090762431310602,506.0,0
1.2091854739778516,506.0,0
1.2092947048246425,506.0,0
1.2094039356714337,505.0,0
1.2095131665182248,506.0,0
1.209622397365016,506.0,0
1.2097316282118071,505.0,0
1.2098408590585983,505.0,0
1.2099500899053894,505.0,0
1.2100593207521806,505.0,0
1.2101685515989715,505.0,0
1.2102777824457627,505.0,0
1.210387013292554,505.0,0
1.2104962441393452,505.0,0
1.2106054749861361,505.0,0
1.2107147058329273,505.0,0
1.2108239366797184,505.0,0
1.2109331675265096,504.0,0
1.2110423983733007,505.0,0
1.211151629220092,505.0,0
1.211260860066883,505.0,0
1.2113700909136742,504.0,0
1.2114793217604651,505.0,0
1.2115885526072563,505.0,0
1.2116977834540477,504.0,0
1.2118070143008388,504.0,0
1.2119162451476297,505.0,0
1.212025475994421,504.0,0
1.212134706841212,504.0,0
1.2122439376880032,504.0,0
1.2123531685347944,504.0,0
1.2124623993815855,504.0,0
1.2125716302283767,504.0,0
1.2126808610751676,504.0,0
1.2127900919219587,504.0,0
1.2128993227687501,504.0,0
1.2130085536155413,504.0,0
1.2131177844623322,504.0,0
1.2132270153091234,504.0,0
1.2133362461559145,504.0,0
1.2134454770027057,504.0,0
1.2135547078494968,504.0,0
1.213663938696288,504.0,0
1.2137731695430791,504.0,0
1.2138824003898703,504.0,0
1.2139916312366612,503.0,0
1.2141008620834524,504.0,0
1.2142100929302437,504.0,0
1.2143193237770349,503.0,0
1.2144285546238258,503.0,0
1.214537785470617,504.0,0
1.2146470163174081,503.0,0
1.2147562471641993,503.0,0
1.2148654780109904,503.0,0
1.2149747088577816,503.0,0
1.2150839397045727,502.0,0
1.2151931705513637,503.0,0
1.2153024013981548,503.0,0
1.2154116322449462,503.0,0
1.2155208630917373,502.0,0
1.2156300939385283,503.0,0
1.2157393247853194,503.0,0
1.2158485556321106,502.0,0
1.2159577864789017,502.0,0
1.216067017325693,503.0,0
1.216176248172484,502.0,0
1.2162854790192752,502.0,0
1.2163947098660663,503.0,0
1.2165039407128573,503.0,0
1.2166131715596484,502.0,0
1.2167224024064398,502.0,0
1.216831633253231,503.0,0
1.216940864100022,502.0,0
1.217050094946813,502.0,0
1.2171593257936042,503.0,0
1.2172685566403953,503.0,0
1.2173777874871865,502.0,0
1.2174870183339777,502.0,0
1.2175962491807688,503.0,0
1.2177054800275597,503.0,0
1.217814710874351,502.0,0
1.2179239417211423,503.0,0
1.2180331725679334,504.0,0
1.2181424034147244,503.0,0
1.2182516342615155,503.0,0
1.2183608651083067,504.0,0
1.2184700959550978,504.0,0
1.218579326801889,503.0,0
1.2186885576486801,504.0,0
1.2187977884954713,504.0,0
1.2189070193422624,504.0,0
1.2190162501890534,504.0,0
1.2191254810358445,504.0,0
1.2192347118826359,504.0,0
1.219343942729427,504.0,0
1.219453173576218,504.0,0
1.2195624044230091,504.0,0
1.2196716352698003,504.0,0
1.2197808661165914,504.0,0
1.2198900969633826,504.0,0
1.2199993278101737,505.0,0
1.2201085586569649,504.0,0
1.220217789503756,504.0,0
1.220327020350547,505.0,0
1.2204362511973383,504.0,0
1.2205454820441295,504.0,0
1.2206547128909204,505.0,0
1.2207639437377116,505.0,0
1.2208731745845027,504.0,0
1.2209824054312939,504.0,0
1.221091636278085,505.0,0
1.2212008671248762,504.0,0
1.2213100979716673,504.0,0
1.2214193288184585,504.0,0
1.2215285596652494,504.0,0
1.2216377905120406,504.0,0
1.221747021358832,504.0,0
1.221856252205623,504.0,0
1.221965483052414,504.0,0
1.2220747138992052,504.0,0
1.2221839447459963,504.0,0
1.2222931755927875,504.0,0
1.2224024064395786,504.0,0
1.2225116372863698,504.0,0
1.222620868133161,504.0,0
1.222730098979952,504.0,0
1.222839329826743,504.0,0
1.2229485606735344,504.0,0
1.2230577915203256,504.0,0
1.2231670223671167,504.0,0
1.2232762532139076,504.0,0
1.2233854840606988,504.0,0
1.22349471490749,504.0,0
1.223603945754281,504.0,0
1.2237131766010723,504.0,0
1.2238224074478634,504.0,0
1.2239316382946546,504.0,0
1.2240408691414455,504.0,0
1.2241500999882367,504.0,0
1.224259330835028,504.0,0
1.2243685616818192,504.0,0
1.22447779252861,504.0,0
1.2245870233754013,504.0,0
1.2246962542221924,504.0,0
1.2248054850689836,504.0,0
1.2249147159157747,504.0,0
1.2250239467625659,505.0,0
1.225133177609357,504.0,0
1.2252424084561482,505.0,0
1.225351639302939,505.0,0
1.2254608701497305,505.0,0
1.2255701009965216,505.0,0
1.2256793318433128,506.0,0
1.2257885626901037,506.0,0
1.2258977935368949,506.0,0
1.226007024383686,506.0,0
1.2261162552304774,507.0,0
1.2262254860772683,507.0,0
1.2263347169240595,507.0,0
1.2264439477708506,508.0,0
1.2265531786176416,508.0,0
1.2266624094644327,508.0,0
1.226771640311224,508.0,0
1.2268808711580153,508.0,0
1.2269901020048062,508.0,0
1.2270993328515973,508.0,0
1.2272085636983885,509.0,0
1.2273177945451796,510.0,0
1.2274270253919708,509.0,0
1.227536256238762,509.0,0
1.227645487085553,510.0,0
1.2277547179323443,510.0,0
1.2278639487791352,510.0,0
1.2279731796259266,510.0,0
1.2280824104727177,511.0,0
1.2281916413195089,510.0,0
1.2283008721662998,510.0,0
1.228410103013091,511.0,0
1.228519333859882,511.0,0
1.2286285647066735,510.0,0
1.2287377955534644,511.0,0
1.2288470264002556,511.0,0
1.2289562572470467,511.0,0
1.2290654880938376,510.0,0
1.2291747189406288,511.0,0
1.2292839497874202,511.0,0
1.2293931806342113,511.0,0
1.2295024114810023,511.0,0
1.2296116423277934,511.0,0
1.2297208731745846,511.0,0
1.2298301040213757,511.0,0
1.2299393348681669,512.0,0
1.230048565714958,512.0,0
1.2301577965617492,511.0,0
1.2302670274085403,511.0,0
1.2303762582553313,512.0,0
1.2304854891021226,511.0,0
1.2305947199489138,511.0,0
1.230703950795705,512.0,0
1.2308131816424959,511.0,0
1.230922412489287,511.0,0
1.2310316433360782,511.0,0
1.2311408741828695,511.0,0
1.2312501050296605,510.0,0
1.2313593358764516,510.0,0
1.2314685667232428,510.0,0
1.231577797570034,510.0,0
1.2316870284168249,509.0,0
1.2317962592636162,510.0,0
1.2319054901104074,510.0,0
1.2320147209571983,509.0,0
1.2321239518039895,508.0,0
1.2322331826507806,510.0,0
1.2323424134975718,509.0,0
1.232451644344363,508.0,0
1.232560875191154,508.0,0
1.2326701060379452,509.0,0
1.2327793368847364,508.0,0
1.2328885677315273,508.0,0
1.2329977985783187,508.0,0
1.2331070294251099,508.0,0
1.233216260271901,508.0,0
1.233325491118692,508.0,0
1.233434721965483,508.0,0
1.2335439528122742,508.0,0
1.2336531836590656,508.0,0
1.2337624145058566,508.0,0
1.2338716453526477,508.0,0
1.2339808761994389,508.0,0
1.23409010704623,507.0,0
1.234199337893021,508.0,0
1.2343085687398123,508.0,0
1.2344177995866035,508.0,0
1.2345270304333946,508.0,0
1.2346362612801856,508.0,0
1.2347454921269767,507.0,0
1.2348547229737679,507.0,0
1.234963953820559,508.0,0
1.2350731846673502,508.0,0
1.2351824155141413,507.0,0
1.2352916463609325,508.0,0
1.2354008772077234,508.0,0
1.2355101080545148,508.0,0
1.235619338901306,508.0,0
1.235728569748097,508.0,0
1.235837800594888,508.0,0
1.2359470314416792,508.0,0
1.2360562622884703,508.0,0
1.2361654931352617,508.0,0
1.2362747239820526,508.0,0
1.2363839548288438,508.0,0
1.236493185675635,509.0,0
1.236602416522426,508.0,0
1.236711647369217,508.0,0
1.2368208782160084,509.0,0
1.2369301090627995,509.0,0
1.2370393399095907,509.0,0
1.2371485707563816,509.0,0
1.2372578016031728,510.0,0
1.237367032449964,509.0,0
1.237476263296755,509.0,0
1.2375854941435462,510.0,0
1.2376947249903374,510.0,0
1.2378039558371285,509.0,0
1.2379131866839195,510.0,0
1.2380224175307109,510.0,0
1.238131648377502,510.0,0
1.2382408792242932,509.0,0
1.238350110071084,510.0,0
1.2384593409178752,510.0,0
1.2385685717646664,509.0,0
1.2386778026114578,509.0,0
1.2387870334582487,510.0,0
1.2388962643050399,509.0,0
1.239005495151831,509.0,0
1.2391147259986222,509.0,0
1.239223956845413,509.0,0
1.2393331876922045,508.0,0
1.2394424185389956,508.0,0
1.2395516493857868,509.0,0
1.2396608802325777,509.0,0
1.2397701110793689,508.0,0
1.23987934192616,508.0,0
1.2399885727729514,508.0,0
1.2400978036197423,508.0,0
1.2402070344665335,508.0,0
1.2403162653133246,508.0,0
1.2404254961601155,508.0,0
1.240534727006907,508.0,0
1.240643957853698,508.0,0
1.2407531887004892,508.0,0
1.2408624195472802,508.0,0
1.2409716503940713,508.0,0
1.2410808812408625,508.0,0
1.2411901120876538,508.0,0
1.2412993429344448,508.0,0
1.241408573781236,508.0,0
1.241517804628027,508.0,0
1.2416270354748182,508.0,0
1.2417362663216092,508.0,0
1.2418454971684005,508.0,0
1.2419547280151917,508.0,0
1.2420639588619828,508.0,0
1.2421731897087738,508.0,0
1.242282420555565,508.0,0
1.242391651402356,508.0,0
1.2425008822491475,508.0,0
1.2426101130959384,508.0,0
1.2427193439427295,508.0,0
1.2428285747895207,508.0,0
1.2429378056363118,508.0,0
1.243047036483103,508.0,0
1.2431562673298941,508.0,0
1.2432654981766853,508.0,0
1.2433747290234762,508.0,0
1.2434839598702674,508.0,0
1.2435931907170585,508.0,0
1.24370242156385,508.0,0
1.2438116524106408,508.0,0
1.243920883257432,508.0,0
1.2440301141042232,508.0,0
1.2441393449510143,508.0,0
1.2442485757978052,508.0,0
1.2443578066445966,508.0,0
1.2444670374913878,508.0,0
1.244576268338179,509.0,0
1.2446854991849698,509.0,0
1.244794730031761,508.0,0
1.2449039608785522,510.0,0
1.2450131917253435,510.0,0
1.2451224225721345,509.0,0
1.2452316534189256,510.0,0
1.2453408842657168,510.0,0
1.245450115112508,510.0,0
1.245559345959299,510.0,0
1.2456685768060902,511.0,0
1.2457778076528814,511.0,0
1.2458870384996725,510.0,0
1.2459962693464635,511.0,0
1.2461055001932546,512.0,0
1.246214731040046,511.0,0
1.246323961886837,511.0,0
1.246433192733628,512.0,0
1.2465424235804192,512.0,0
1.2466516544272104,512.0,0
1.2467608852740013,512.0,0
1.2468701161207927,513.0,0
1.2469793469675838,512.0,0
1.247088577814375,512.0,0
1.247197808661166,513.0,0
1.247307039507957,513.0,0
1.2474162703547482,512.0,0
1.2475255012015396,513.0,0
1.2476347320483305,513.0,0
1.2477439628951217,513.0,0
1.2478531937419128,513.0,0
1.247962424588704,513.0,0
1.2480716554354951,513.0,0
1.2481808862822863,513.0,0
1.2482901171290774,513.0,0
1.2483993479758686,514.0,0
1.2485085788226595,513.0,0
1.2486178096694507,513.0,0
1.248727040516242,514.0,0
1.248836271363033,513.0,0
1.2489455022098241,513.0,0
1.2490547330566153,513.0,0
1.2491639639034064,514.0,0
1.2492731947501974,513.0,0
1.2493824255969888,513.0,0
1.24949165644378,514.0,0
1.249600887290571,513.0,0
1.249710118137362,513.0,0
1.2498193489841531,513.0,0
1.2499285798309443,514.0,0
1.2500378106777357,513.0,0
1.2501470415245266,513.0,0
1.2502562723713178,513.0,0
1.250365503218109,514.0,0
1.2504747340649,513.0,0
1.2505839649116912,513.0,0
1.2506931957584824,514.0,0
1.2508024266052735,513.0,0
1.2509116574520647,513.0,0
1.2510208882988556,514.0,0
1.2511301191456468,513.0,0
1.2512393499924381,513.0,0
1.2513485808392293,513.0,0
1.2514578116860202,514.0,0
1.2515670425328114,513.0,0
1.2516762733796025,513.0,0
1.2517855042263935,513.0,0
1.2518947350731848,514.0,0
1.252003965919976,513.0,0
1.2521131967667671,514.0,0
1.252222427613558,514.0,0
1.2523316584603492,514.0,0
1.2524408893071404,513.0,0
1.2525501201539317,515.0,0
1.2526593510007227,515.0,0
1.2527685818475138,514.0,0
1.252877812694305,514.0,0
1.2529870435410961,515.0,0
1.2530962743878873,515.0,0
1.2532055052346784,515.0,0
1.2533147360814696,515.0,0
1.2534239669282607,515.0,0
1.2535331977750517,515.0,0
1.2536424286218428,515.0,0
1.2537516594686342,515.0,0
1.2538608903154254,515.0,0
1.2539701211622163,514.0,0
1.2540793520090074,515.0,0
1.2541885828557986,515.0,0
1.2542978137025897,514.0,0
1.254407044549381,514.0,0
1.254516275396172,515.0,0
1.2546255062429632,514.0,0
1.2547347370897541,513.0,0
1.2548439679365453,513.0,0
1.2549531987833364,514.0,0
1.2550624296301278,513.0,0
1.2551716604769187,513.0,0
1.25528089132371,514.0,0
1.255390122170501,513.0,0
1.2554993530172922,513.0,0
1.2556085838640834,513.0,0
1.2557178147108745,514.0,0
1.2558270455576657,513.0,0
1.2559362764044568,513.0,0
1.2560455072512478,514.0,0
1.256154738098039,514.0,0
1.2562639689448303,514.0,0
1.2563731997916214,514.0,0
1.2564824306384124,515.0,0
1.2565916614852035,515.0,0
1.2567008923319947,514.0,0
1.2568101231787858,515.0,0
1.256919354025577,515.0,0
1.2570285848723681,514.0,0
1.2571378157191593,515.0,0
1.2572470465659504,515.0,0
1.2573562774127414,515.0,0
1.2574655082595325,514.0,0
1.257574739106324,515.0,0
1.2576839699531148,515.0,0
1.257793200799906,514.0,0
1.2579024316466971,514.0,0
1.2580116624934883,514.0,0
1.2581208933402794,513.0,0
1.2582301241870706,513.0,0
1.2583393550338617,513.0,0
1.258448585880653,513.0,0
1.2585578167274438,513.0,0
1.258667047574235,513.0,0
1.2587762784210264,513.0,0
1.2588855092678175,512.0,0
1.2589947401146084,512.0,0
1.2591039709613996,512.0,0
1.2592132018081907,512.0,0
1.259322432654982,511.0,0
1.259431663501773,511.0,0
1.2595408943485642,512.0,0
1.2596501251953554,511.0,0
1.2597593560421465,511.0,0
1.2598685868889374,511.0,0
1.2599778177357286,511.0,0
1.26008704858252,510.0,0
1.260196279429311,510.0,0
1.260305510276102,511.0,0
1.2604147411228932,510.0,0
1.2605239719696844,510.0,0
1.2606332028164755,510.0,0
1.2607424336632667,510.0,0
1.2608516645100578,510.0,0
1.260960895356849,510.0,0
1.26107012620364,510.0,0
1.261179357050431,510.0,0
1.2612885878972224,509.0,0
1.2613978187440136,510.0,0
1.2615070495908045,510.0,0
1.2616162804375957,509.0,0
1.2617255112843868,509.0,0
1.261834742131178,510.0,0
1.2619439729779691,509.0,0
1.2620532038247603,508.0,0
1.2621624346715514,510.0,0
1.2622716655183426,509.0,0
1.2623808963651335,508.0,0
1.2624901272119247,508.0,0
1.262599358058716,509.0,0
1.2627085889055072,508.0,0
1.2628178197522981,508.0,0
1.2629270505990893,508.0,0
1.2630362814458804,509.0,0
1.2631455122926716,508.0,0
1.2632547431394627,508.0,0
1.2633639739862539,508.0,0
1.263473204833045,508.0,0
1.263582435679836,508.0,0
1.2636916665266271,508.0,0
1.2638008973734185,508.0,0
1.2639101282202096,508.0,0
1.2640193590670006,508.0,0
1.2641285899137917,508.0,0
1.2642378207605829,508.0,0
1.264347051607374,508.0,0
1.2644562824541652,508.0,0
1.2645655133009563,508.0,0
1.2646747441477475,508.0,0
1.2647839749945387,508.0,0
1.2648932058413296,508.0,0
1.2650024366881207,508.0,0
1.265111667534912,507.0,0
1.2652208983817033,508.0,0
1.2653301292284942,508.0,0
1.2654393600752853,508.0,0
1.2655485909220765,508.0,0
1.2656578217688677,508.0,0
1.2657670526156588,508.0,0
1.26587628346245,508.0,0
1.2659855143092411,508.0,0
1.266094745156032,509.0,0
1.2662039760028232,508.0,0
1.2663132068496146,509.0,0
1.2664224376964057,510.0,0
1.2665316685431967,510.0,0
1.2666408993899878,509.0,0
1.266750130236779,510.0,0
1.2668593610835701,510.0,0
1.2669685919303613,510.0,0
1.2670778227771524,510.0,0
1.2671870536239436,511.0,0
1.2672962844707347,511.0,0
1.2674055153175257,510.0,0
1.2675147461643168,511.0,0
1.2676239770111082,511.0,0
1.2677332078578993,511.0,0
1.2678424387046903,510.0,0
1.2679516695514814,511.0,0
1.2680609003982726,511.0,0
1.2681701312450637,510.0,0
1.2682793620918549,511.0,0
1.268388592938646,511.0,0
1.2684978237854372,511.0,0
1.2686070546322281,510.0,0
1.2687162854790193,510.0,0
1.2688255163258106,511.0,0
1.2689347471726018,510.0,0
1.2690439780193927,510.0,0
1.2691532088661839,510.0,0
1.269262439712975,510.0,0
1.2693716705597662,510.0,0
1.2694809014065573,510.0,0
1.2695901322533485,510.0,0
1.2696993631001396,510.0,0
1.2698085939469308,510.0,0
1.2699178247937217,510.0,0
1.2700270556405129,510.0,0
1.2701362864873043,510.0,0
1.2702455173340954,510.0,0
1.2703547481808863,510.0,0
1.2704639790276775,510.0,0
1.2705732098744686,510.0,0
1.2706824407212598,510.0,0
1.270791671568051,510.0,0
1.270900902414842,510.0,0
1.2710101332616333,510.0,0
1.2711193641084244,510.0,0
1.2712285949552153,510.0,0
1.2713378258020067,510.0,0
1.2714470566487979,511.0,0
1.2715562874955888,510.0,0
1.27166551834238,510.0,0
1.271774749189171,511.0,0
1.2718839800359623,511.0,0
1.2719932108827534,510.0,0
1.2721024417295446,510.0,0
1.2722116725763357,511.0,0
1.2723209034231269,510.0,0
1.2724301342699178,510.0,0
1.272539365116709,510.0,0
1.2726485959635003,511.0,0
1.2727578268102915,510.0,0
1.2728670576570824,510.0,0
1.2729762885038736,511.0,0
1.2730855193506647,510.0,0
1.2731947501974559,510.0,0
1.273303981044247,510.0,0
1.2734132118910382,510.0,0
1.2735224427378293,510.0,0
1.2736316735846205,510.0,0
1.2737409044314114,510.0,0
1.2738501352782028,510.0,0
1.273959366124994,510.0,0
1.274068596971785,510.0,0
1.274177827818576,510.0,0
1.2742870586653672,510.0,0
1.2743962895121583,510.0,0
1.2745055203589495,510.0,0
1.2746147512057406,510.0,0
1.2747239820525318,509.0,0
1.274833212899323,510.0,0
1.2749424437461139,510.0,0
1.275051674592905,509.0,0
1.2751609054396964,509.0,0
1.2752701362864876,509.0,0
1.2753793671332785,508.0,0
1.2754885979800696,508.0,0
1.2755978288268608,508.0,0
1.275707059673652,509.0,0
1.275816290520443,508.0,0
1.2759255213672342,508.0,0
1.2760347522140254,508.0,0
1.2761439830608166,508.0,0
1.2762532139076075,508.0,0
1.2763624447543989,508.0,0
1.27647167560119,508.0,0
1.2765809064479812,508.0,0
1.276690137294772,508.0,0
1.2767993681415633,508.0,0
1.2769085989883544,508.0,0
1.2770178298351456,508.0,0
1.2771270606819367,508.0,0
1.2772362915287279,508.0,0
1.277345522375519,508.0,0
1.27745475322231,508.0,0
1.277563984069101,508.0,0
1.2776732149158925,508.0,0
1.2777824457626836,508.0,0
1.2778916766094746,508.0,0
1.2780009074562657,508.0,0
1.2781101383030569,508.0,0
1.278219369149848,508.0,0
1.2783285999966392,508.0,0
1.2784378308434303,508.0,0
1.2785470616902215,508.0,0
1.2786562925370126,508.0,0
1.2787655233838036,509.0,0
1.278874754230595,508.0,0
1.278983985077386,508.0,0
1.2790932159241772,508.0,0
1.2792024467709682,509.0,0
1.2793116776177593,508.0,0
1.2794209084645505,508.0,0
1.2795301393113416,509.0,0
1.2796393701581328,509.0,0
1.279748601004924,509.0,0
1.279857831851715,510.0,0
1.279967062698506,509.0,0
1.2800762935452972,510.0,0
1.2801855243920885,510.0,0
1.2802947552388797,510.0,0
1.2804039860856706,510.0,0
1.2805132169324618,510.0,0
1.280622447779253,510.0,0
1.280731678626044,510.0,0
1.2808409094728352,510.0,0
1.2809501403196264,510.0,0
1.2810593711664175,510.0,0
1.2811686020132087,511.0,0
1.2812778328599996,510.0,0
1.281387063706791,511.0,0
1.2814962945535822,511.0,0
1.2816055254003733,511.0,0
1.2817147562471642,511.0,0
1.2818239870939554,511.0,0
1.2819332179407465,511.0,0
1.2820424487875377,511.0,0
1.2821516796343289,511.0,0
1.28226091048112,511.0,0
1.2823701413279112,510.0,0
1.2824793721747023,511.0,0
1.2825886030214932,510.0,0
1.2826978338682846,510.0,0
1.2828070647150758,510.0,0
1.2829162955618667,510.0,0
1.2830255264086579,510.0,0
1.283134757255449,510.0,0
1.2832439881022402,509.0,0
1.2833532189490313,509.0,0
1.2834624497958225,508.0,0
1.2835716806426136,508.0,0
1.2836809114894048,508.0,0
1.2837901423361957,508.0,0
1.283899373182987,508.0,0
1.2840086040297782,508.0,0
1.2841178348765694,508.0,0
1.2842270657233603,507.0,0
1.2843362965701515,507.0,0
1.2844455274169426,507.0,0
1.2845547582637338,507.0,0
1.284663989110525,507.0,0
1.284773219957316,507.0,0
1.2848824508041072,506.0,0
1.2849916816508984,505.0,0
1.2851009124976893,506.0,0
1.2852101433444807,505.0,0
1.2853193741912718,505.0,0
1.285428605038063,505.0,0
1.285537835884854,505.0,0
1.285647066731645,505.0,0
1.2857562975784362,504.0,0
1.2858655284252274,504.0,0
1.2859747592720185,504.0,0
1.2860839901188097,504.0,0
1.2861932209656008,504.0,0
1.2863024518123918,504.0,0
1.2864116826591832,504.0,0
1.2865209135059743,504.0,0
1.2866301443527655,504.0,0
1.2867393751995564,504.0,0
1.2868486060463475,504.0,0
1.2869578368931387,504.0,0
1.2870670677399298,504.0,0
1.287176298586721,504.0,0
1.2872855294335122,504.0,0
1.2873947602803033,503.0,0
1.2875039911270945,503.0,0
1.2876132219738854,503.0,0
1.2877224528206768,503.0,0
1.287831683667468,503.0,0
1.287940914514259,504.0,0
1.28805014536105,504.0,0
1.2881593762078412,504.0,0
1.2882686070546323,504.0,0
1.2883778379014235,504.0,0
1.2884870687482146,503.0,0
1.2885962995950058,503.0,0
1.288705530441797,503.0,0
1.2888147612885879,503.0,0
1.2889239921353792,503.0,0
1.2890332229821704,503.0,0
1.2891424538289615,503.0,0
1.2892516846757525,503.0,0
1.2893609155225436,503.0,0
1.2894701463693348,503.0,0
1.289579377216126,503.0,0
1.289688608062917,503.0,0
1.2897978389097082,503.0,0
1.2899070697564994,503.0,0
1.2900163006032905,503.0,0
1.2901255314500815,503.0,0
1.2902347622968728,503.0,0
1.290343993143664,503.0,0
1.2904532239904551,503.0,0
1.290562454837246,503.0,0
1.2906716856840372,503.0,0
1.2907809165308284,502.0,0
1.2908901473776195,503.0,0
1.2909993782244107,503.0,0
1.2911086090712018,502.0,0
1.291217839917993,503.0,0
1.291327070764784,503.0,0
1.2914363016115753,503.0,0
1.2915455324583665,503.0,0
1.2916547633051576,503.0,0
1.2917639941519485,503.0,0
1.2918732249987397,503.0,0
1.2919824558455308,503.0,0
1.292091686692322,504.0,0
1.2922009175391131,503.0,0
1.2923101483859043,503.0,0
1.2924193792326955,503.0,0
1.2925286100794866,504.0,0
1.2926378409262775,503.0,0
1.292747071773069,504.0,0
1.29285630261986,504.0,0
1.2929655334666512,504.0,0
1.2930747643134421,504.0,0
1.2931839951602333,504.0,0
1.2932932260070245,504.0,0
1.2934024568538156,504.0,0
1.2935116877006068,504.0,0
1.293620918547398,504.0,0
1.293730149394189,504.0,0
1.2938393802409802,504.0,0
1.2939486110877714,504.0,0
1.2940578419345625,504.0,0
1.2941670727813537,504.0,0
1.2942763036281446,504.0,0
1.2943855344749358,504.0,0
1.294494765321727,504.0,0
1.294603996168518,504.0,0
1.2947132270153092,504.0,0
1.2948224578621004,504.0,0
1.2949316887088915,504.0,0
1.2950409195556827,504.0,0
1.2951501504024736,504.0,0
1.295259381249265,504.0,0
1.2953686120960561,504.0,0
1.2954778429428473,504.0,0
1.2955870737896382,504.0,0
1.2956963046364294,504.0,0
1.2958055354832205,505.0,0
1.2959147663300117,505.0,0
1.2960239971768028,504.0,0
1.296133228023594,504.0,0
1.2962424588703851,505.0,0
1.2963516897171763,505.0,0
1.2964609205639674,505.0,0
1.2965701514107586,505.0,0
1.2966793822575498,505.0,0
1.296788613104341,505.0,0
1.2968978439511318,505.0,0
1.297007074797923,505.0,0
1.2971163056447141,505.0,0
1.2972255364915053,504.0,0
1.2973347673382964,505.0,0
1.2974439981850876,504.0,0
1.2975532290318788,504.0,0
1.2976624598786697,504.0,0
1.297771690725461,504.0,0
1.2978809215722522,504.0,0
1.2979901524190434,504.0,0
1.2980993832658343,504.0,0
1.2982086141126254,504.0,0
1.2983178449594166,504.0,0
1.2984270758062078,504.0,0
1.298536306652999,504.0,0
1.29864553749979,504.0,0
1.2987547683465812,504.0,0
1.2988639991933724,504.0,0
1.2989732300401635,504.0,0
1.2990824608869547,503.0,0
1.2991916917337458,502.0,0
1.299300922580537,502.0,0
1.299410153427328,502.0,0
1.299519384274119,502.0,0
1.2996286151209102,502.0,0
1.2997378459677016,502.0,0
1.2998470768144925,501.0,0
1.2999563076612837,500.0,0
1.3000655385080748,500.0,0
1.3001747693548658,501.0,0
1.3002840002016571,500.0,0
1.3003932310484483,500.0,0
1.3005024618952394,500.0,0
1.3006116927420304,500.0,0
1.3007209235888215,499.0,0
1.3008301544356127,500.0,0
1.3009393852824038,499.0,0
1.301048616129195,499.0,0
1.3011578469759861,499.0,0
1.3012670778227773,499.0,0
1.3013763086695684,499.0,0
1.3014855395163596,499.0,0
1.3015947703631507,499.0,0
1.301704001209942,499.0,0
1.301813232056733,499.0,0
1.301922462903524,499.0,0
1.3020316937503151,499.0,0
1.3021409245971063,499.0,0
1.3022501554438977,499.0,0
1.3023593862906886,499.0,0
1.3024686171374797,499.0,0
1.302577847984271,499.0,0
1.3026870788310618,499.0,0
1.3027963096778532,499.0,0
1.3029055405246444,499.0,0
1.3030147713714355,499.0,0
1.3031240022182264,499.0,0
1.3032332330650176,499.0,0
1.3033424639118087,498.0,0
1.3034516947586,499.0,0
1.303560925605391,499.0,0
1.3036701564521822,498.0,0
1.3037793872989734,498.0,0
1.3038886181457645,499.0,0
1.3039978489925557,498.0,0
1.3041070798393468,498.0,0
1.304216310686138,498.0,0
1.3043255415329291,499.0,0
1.30443477237972,498.0,0
1.3045440032265112,498.0,0
1.3046532340733024,499.0,0
1.3047624649200937,499.0,0
1.3048716957668847,498.0,0
1.3049809266136758,499.0,0
1.305090157460467,499.0,0
1.3051993883072581,499.0,0
1.3053086191540493,499.0,0
1.3054178500008404,499.0,0
1.3055270808476316,499.0,0
1.3056363116944225,499.0,0
1.3057455425412137,499.0,0
1.3058547733880048,500.0,0
1.305964004234796,499.0,0
1.3060732350815871,499.0,0
1.3061824659283783,500.0,0
1.3062916967751694,500.0,0
1.3064009276219606,500.0,0
1.3065101584687517,500.0,0
1.306619389315543,501.0,0
1.306728620162334,500.0,0
1.3068378510091252,500.0,0
1.3069470818559161,502.0,0
1.3070563127027073,502.0,0
1.3071655435494984,500.0,0
1.3072747743962898,501.0,0
1.3073840052430807,502.0,0
1.307493236089872,501.0,0
1.307602466936663,501.0,0
1.3077116977834542,502.0,0
1.3078209286302453,502.0,0
1.3079301594770365,500.0,0
1.3080393903238277,501.0,0
1.3081486211706188,502.0,0
1.3082578520174097,501.0,0
1.308367082864201,500.0,0
1.308476313710992,502.0,0
1.3085855445577832,502.0,0
1.3086947754045744,500.0,0
1.3088040062513655,500.0,0
1.3089132370981567,502.0,0
1.3090224679449478,500.0,0
1.309131698791739,500.0,0
1.3092409296385301,500.0,0
1.3093501604853213,500.0,0
1.3094593913321122,499.0,0
1.3095686221789034,499.0,0
1.3096778530256945,500.0,0
1.3097870838724859,500.0,0
1.3098963147192768,499.0,0
1.310005545566068,499.0,0
1.3101147764128591,499.0,0
1.3102240072596503,499.0,0
1.3103332381064414,499.0,0
1.3104424689532326,499.0,0
1.3105516998000237,499.0,0
1.3106609306468149,499.0,0
1.3107701614936058,499.0,0
1.310879392340397,499.0,0
1.3109886231871881,499.0,0
1.3110978540339793,499.0,0
1.3112070848807704,499.0,0
1.3113163157275616,499.0,0
1.3114255465743527,499.0,0
1.3115347774211439,499.0,0
1.311644008267935,499.0,0
1.3117532391147262,499.0,0
1.3118624699615173,498.0,0
1.3119717008083083,499.0,0
1.3120809316550994,498.0,0
1.3121901625018906,498.0,0
1.312299393348682,498.0,0
1.3124086241954729,498.0,0
1.312517855042264,497.0,0
1.3126270858890552,497.0,0
1.3127363167358463,497.0,0
1.3128455475826375,497.0,0
1.3129547784294286,497.0,0
1.3130640092762198,497.0,0
1.313173240123011,497.0,0
1.3132824709698019,497.0,0
1.313391701816593,497.0,0
1.3135009326633842,497.0,0
1.3136101635101756,497.0,0
1.3137193943569665,497.0,0
1.3138286252037576,496.0,0
1.3139378560505488,497.0,0
1.31404708689734,496.0,0
1.314156317744131,496.0,0
1.3142655485909223,496.0,0
1.3143747794377134,497.0,0
1.3144840102845043,496.0,0
1.3145932411312955,496.0,0
1.3147024719780867,496.0,0
1.314811702824878,497.0,0
1.314920933671669,496.0,0
1.31503016451846,497.0,0
1.3151393953652513,497.0,0
1.3152486262120424,497.0,0
1.3153578570588336,497.0,0
1.3154670879056247,497.0,0
1.3155763187524159,497.0,0
1.315685549599207,497.0,0
1.315794780445998,497.0,0
1.315904011292789,497.0,0
1.3160132421395803,497.0,0
1.3161224729863716,497.0,0
1.3162317038331626,497.0,0
1.3163409346799537,498.0,0
1.3164501655267449,497.0,0
1.316559396373536,498.0,0
1.3166686272203272,498.0,0
1.3167778580671183,498.0,0
1.3168870889139095,498.0,0
1.3169963197607004,499.0,0
1.3171055506074916,498.0,0
1.3172147814542827,498.0,0
1.317324012301074,498.0,0
1.317433243147865,499.0,0
1.3175424739946562,498.0,0
1.3176517048414473,498.0,0
1.3177609356882385,499.0,0
1.3178701665350296,498.0,0
1.3179793973818208,498.0,0
1.318088628228612,499.0,0
1.318197859075403,499.0,0
1.318307089922194,498.0,0
1.3184163207689852,499.0,0
1.3185255516157763,499.0,0
1.3186347824625677,499.0,0
1.3187440133093586,499.0,0
1.3188532441561498,499.0,0
1.318962475002941,499.0,0
1.319071705849732,499.0,0
1.3191809366965233,499.0,0
1.3192901675433144,499.0,0
1.3193993983901056,498.0,0
1.3195086292368967,498.0,0
1.3196178600836876,499.0,0
1.3197270909304788,498.0,0
1.3198363217772702,498.0,0
1.319945552624061,498.0,0
1.3200547834708523,498.0,0
1.3201640143176434,497.0,0
1.3202732451644346,497.0,0
1.3203824760112257,497.0,0
1.3204917068580169,497.0,0
1.320600937704808,497.0,0
1.3207101685515992,497.0,0
1.32081939939839,497.0,0
1.3209286302451813,497.0,0
1.3210378610919724,497.0,0
1.3211470919387638,497.0,0
1.3212563227855547,497.0,0
1.3213655536323459,497.0,0
1.321474784479137,497.0,0
1.3215840153259282,497.0,0
1.3216932461727193,497.0,0
1.3218024770195105,497.0,0
1.3219117078663016,497.0,0
1.3220209387130928,497.0,0
1.3221301695598837,497.0,0
1.3222394004066749,498.0,0
1.3223486312534662,497.0,0
1.3224578621002572,497.0,0
1.3225670929470483,498.0,0
1.3226763237938395,498.0,0
1.3227855546406306,497.0,0
1.3228947854874218,498.0,0
1.323004016334213,498.0,0
1.323113247181004,498.0,0
1.3232224780277952,498.0,0
1.3233317088745862,498.0,0
1.3234409397213773,497.0,0
1.3235501705681685,498.0,0
1.3236594014149599,498.0,0
1.3237686322617508,498.0,0
1.323877863108542,498.0,0
1.323987093955333,498.0,0
1.3240963248021242,498.0,0
1.3242055556489154,498.0,0
1.3243147864957066,498.0,0
1.3244240173424977,498.0,0
1.3245332481892889,498.0,0
1.3246424790360798,498.0,0
1.324751709882871,498.0,0
1.3248609407296623,498.0,0
1.3249701715764535,498.0,0
1.3250794024232444,498.0,0
1.3251886332700356,498.0,0
1.3252978641168267,498.0,0
1.3254070949636179,498.0,0
1.325516325810409,498.0,0
1.3256255566572002,498.0,0
1.3257347875039913,498.0,0
1.3258440183507822,498.0,0
1.3259532491975734,498.0,0
1.3260624800443646,498.0,0
1.326171710891156,499.0,0
1.3262809417379469,498.0,0
1.326390172584738,498.0,0
1.3264994034315292,499.0,0
1.3266086342783203,499.0,0
1.3267178651251115,499.0,0
1.3268270959719026,499.0,0
1.3269363268186938,499.0,0
1.327045557665485,499.0,0
1.3271547885122759,499.0,0
1.327264019359067,499.0,0
1.3273732502058584,499.0,0
1.3274824810526495,499.0,0
1.3275917118994405,499.0,0
1.3277009427462316,499.0,0
1.3278101735930228,499.0,0
1.327919404439814,499.0,0
1.328028635286605,499.0,0
1.3281378661333962,499.0,0
1.3282470969801874,499.0,0
1.3283563278269783,499.0,0
1.3284655586737695,499.0,0
1.3285747895205606,499.0,0
1.328684020367352,499.0,0
1.328793251214143,499.0,0
1.328902482060934,499.0,0
1.3290117129077252,499.0,0
1.3291209437545164,499.0,0
1.3292301746013075,499.0,0
1.3293394054480987,499.0,0
1.3294486362948899,499.0,0
1.329557867141681,499.0,0
1.329667097988472,499.0,0
1.329776328835263,499.0,0
1.3298855596820545,499.0,0
1.3299947905288456,499.0,0
1.3301040213756365,500.0,0
1.3302132522224277,499.0,0
1.3303224830692189,499.0,0
1.33043171391601,500.0,0
1.3305409447628012,500.0,0
1.3306501756095923,499.0,0
1.3307594064563835,500.0,0
1.3308686373031746,500.0,0
1.3309778681499655,500.0,0
1.3310870989967567,500.0,0
1.331196329843548,500.0,0
1.331305560690339,500.0,0
1.3314147915371302,500.0,0
1.3315240223839213,500.0,0
1.3316332532307125,500.0,0
1.3317424840775036,500.0,0
1.3318517149242948,500.0,0
1.331960945771086,500.0,0
1.332070176617877,500.0,0
1.332179407464668,500.0,0
1.3322886383114592,500.0,0
1.3323978691582505,500.0,0
1.3325071000050417,500.0,0
1.3326163308518326,500.0,0
1.3327255616986238,500.0,0
1.332834792545415,500.0,0
1.332944023392206,500.0,0
1.3330532542389972,500.0,0
1.3331624850857884,500.0,0
1.3332717159325795,500.0,0
1.3333809467793707,500.0,0
1.3334901776261616,499.0,0
1.3335994084729528,499.0,0
1.3337086393197441,499.0,0
1.333817870166535,499.0,0
1.3339271010133262,499.0,0
1.3340363318601174,499.0,0
1.3341455627069085,499.0,0
1.3342547935536997,499.0,0
1.3343640244004908,499.0,0
1.334473255247282,499.0,0
1.3345824860940732,499.0,0
1.334691716940864,499.0,0
1.3348009477876552,498.0,0
1.3349101786344466,499.0,0
1.3350194094812378,498.0,0
1.3351286403280287,498.0,0
1.3352378711748198,498.0,0
1.335347102021611,498.0,0
1.3354563328684022,498.0,0
1.3355655637151933,498.0,0
1.3356747945619845,498.0,0
1.3357840254087756,498.0,0
1.3358932562555668,498.0,0
1.3360024871023577,499.0,0
1.3361117179491488,499.0,0
1.3362209487959402,499.0,0
1.3363301796427314,499.0,0
1.3364394104895223,499.0,0
1.3365486413363135,499.0,0
1.3366578721831046,499.0,0
1.3367671030298958,499.0,0
1.336876333876687,499.0,0
1.336985564723478,499.0,0
1.3370947955702692,500.0,0
1.3372040264170602,500.0,0
1.3373132572638513,500.0,0
1.3374224881106427,500.0,0
1.3375317189574338,500.0,0
1.3376409498042248,501.0,0
1.337750180651016,502.0,0
1.337859411497807,502.0,0
1.3379686423445982,502.0,0
1.3380778731913894,502.0,0
1.3381871040381805,502.0,0
1.3382963348849717,502.0,0
1.3384055657317628,503.0,0
1.3385147965785538,503.0,0
1.338624027425345,504.0,0
1.3387332582721363,504.0,0
1.3388424891189274,504.0,0
1.3389517199657184,504.0,0
1.3390609508125095,504.0,0
1.3391701816593007,504.0,0
1.3392794125060918,504.0,0
1.339388643352883,504.0,0
1.3394978741996741,504.0,0
1.3396071050464653,504.0,0
1.3397163358932562,504.0,0
1.3398255667400474,504.0,0
1.3399347975868388,505.0,0
1.34004402843363,505.0,0
1.3401532592804208,505.0,0
1.340262490127212,505.0,0
1.3403717209740031,505.0,0
1.3404809518207943,505.0,0
1.3405901826675855,505.0,0
1.3406994135143766,505.0,0
1.3408086443611678,505.0,0
1.340917875207959,505.0,0
1.3410271060547498,505.0,0
1.341136336901541,505.0,0
1.3412455677483324,505.0,0
1.3413547985951235,505.0,0
1.3414640294419145,505.0,0
1.3415732602887056,505.0,0
1.3416824911354968,504.0,0
1.341791721982288,504.0,0
1.341900952829079,504.0,0
1.3420101836758702,504.0,0
1.3421194145226614,504.0,0
1.3422286453694525,504.0,0
1.3423378762162435,504.0,0
1.3424471070630348,504.0,0
1.342556337909826,504.0,0
1.342665568756617,504.0,0
1.342774799603408,504.0,0
1.3428840304501992,503.0,0
1.3429932612969904,503.0,0
1.3431024921437815,503.0,0
1.3432117229905727,502.0,0
1.3433209538373638,502.0,0
1.343430184684155,502.0,0
1.343539415530946,502.0,0
1.343648646377737,502.0,0
1.3437578772245284,502.0,0
1.3438671080713196,501.0,0
1.3439763389181105,501.0,0
1.3440855697649017,501.0,0
1.3441948006116928,501.0,0
1.344304031458484,500.0,0
1.3444132623052751,500.0,0
1.3445224931520663,500.0,0
1.3446317239988574,500.0,0
1.3447409548456486,500.0,0
1.3448501856924395,500.0,0
1.344959416539231,500.0,0
1.345068647386022,500.0,0
1.345177878232813,499.0,0
1.3452871090796041,500.0,0
1.3453963399263953,500.0,0
1.3455055707731864,499.0,0
1.3456148016199776,500.0,0
1.3457240324667687,500.0,0
1.34583326331356,500.0,0
1.345942494160351,499.0,0
1.346051725007142,500.0,0
1.3461609558539331,500.0,0
1.3462701867007245,500.0,0
1.3463794175475157,499.0,0
1.3464886483943066,500.0,0
1.3465978792410978,500.0,0
1.346707110087889,499.0,0
1.34681634093468,500.0,0
1.3469255717814712,500.0,0
1.3470348026282624,499.0,0
1.3471440334750535,499.0,0
1.3472532643218447,500.0,0
1.3473624951686356,499.0,0
1.347471726015427,499.0,0
1.3475809568622181,499.0,0
1.3476901877090093,499.0,0
1.3477994185558002,499.0,0
1.3479086494025914,499.0,0
1.3480178802493825,499.0,0
1.3481271110961737,499.0,0
1.3482363419429648,498.0,0
1.348345572789756,498.0,0
1.3484548036365471,499.0,0
1.348564034483338,498.0,0
1.3486732653301292,498.0,0
1.3487824961769206,498.0,0
1.3488917270237117,498.0,0
1.3490009578705027,497.0,0
1.3491101887172938,498.0,0
1.349219419564085,498.0,0
1.3493286504108761,497.0,0
1.3494378812576673,497.0,0
1.3495471121044584,498.0,0
1.3496563429512496,498.0,0
1.3497655737980407,497.0,0
1.3498748046448317,498.0,0
1.349984035491623,499.0,0
1.3500932663384142,498.0,0
1.3502024971852054,498.0,0
1.3503117280319963,498.0,0
1.3504209588787874,499.0,0
1.3505301897255786,498.0,0
1.35063942057237,499.0,0
1.350748651419161,499.0,0
1.350857882265952,499.0,0
1.3509671131127432,499.0,0
1.3510763439595341,499.0,0
1.3511855748063253,499.0,0
1.3512948056531167,499.0,0
1.3514040364999078,499.0,0
1.3515132673466987,499.0,0
1.35162249819349,499.0,0
1.351731729040281,499.0,0
1.3518409598870722,499.0,0
1.3519501907338634,499.0,0
1.3520594215806545,499.0,0
1.3521686524274457,499.0,0
1.3522778832742368,499.0,0
1.3523871141210277,499.0,0
1.3524963449678191,499.0,0
1.3526055758146103,500.0,0
1.3527148066614014,500.0,0
1.3528240375081924,499.0,0
1.3529332683549835,499.0,0
1.3530424992017747,500.0,0
1.353151730048566,500.0,0
1.353260960895357,500.0,0
1.3533701917421481,500.0,0
1.3534794225889393,500.0,0
1.3535886534357302,500.0,0
1.3536978842825214,500.0,0
1.3538071151293127,502.0,0
1.3539163459761039,502.0,0
1.3540255768228948,501.0,0
1.354134807669686,502.0,0
1.3542440385164771,502.0,0
1.3543532693632683,502.0,0
1.3544625002100594,502.0,0
1.3545717310568506,503.0,0
1.3546809619036417,503.0,0
1.3547901927504329,503.0,0
1.3548994235972238,504.0,0
1.3550086544440152,504.0,0
1.3551178852908063,504.0,0
1.3552271161375975,504.0,0
1.3553363469843884,504.0,0
1.3554455778311796,504.0,0
1.3555548086779707,504.0,0
1.355664039524762,504.0,0
1.355773270371553,504.0,0
1.3558825012183442,504.0,0
1.3559917320651353,504.0,0
1.3561009629119265,505.0,0
1.3562101937587174,504.0,0
1.3563194246055088,504.0,0
1.3564286554523,505.0,0
1.356537886299091,505.0,0
1.356647117145882,505.0,0
1.3567563479926732,505.0,0
1.3568655788394643,505.0,0
1.3569748096862555,505.0,0
1.3570840405330467,505.0,0
1.3571932713798378,506.0,0
1.357302502226629,505.0,0
1.35741173307342,505.0,0
1.3575209639202113,505.0,0
1.3576301947670024,507.0,0
1.3577394256137936,506.0,0
1.3578486564605845,505.0,0
1.3579578873073757,507.0,0
1.3580671181541668,507.0,0
1.3581763490009582,506.0,0
1.3582855798477491,507.0,0
1.3583948106945403,507.0,0
1.3585040415413314,507.0,0
1.3586132723881226,507.0,0
1.3587225032349135,508.0,0
1.3588317340817049,508.0,0
1.358940964928496,508.0,0
1.3590501957752872,508.0,0
1.3591594266220781,508.0,0
1.3592686574688693,508.0,0
1.3593778883156604,508.0,0
1.3594871191624516,509.0,0
1.3595963500092427,509.0,0
1.3597055808560339,509.0,0
1.359814811702825,510.0,0
1.359924042549616,510.0,0
1.3600332733964073,510.0,0
1.3601425042431985,510.0,0
1.3602517350899896,511.0,0
1.3603609659367806,511.0,0
1.3604701967835717,510.0,0
1.3605794276303629,511.0,0
1.3606886584771543,512.0,0
1.3607978893239452,511.0,0
1.3609071201707363,511.0,0
1.3610163510175275,512.0,0
1.3611255818643186,512.0,0
1.3612348127111096,511.0,0
1.361344043557901,512.0,0
1.361453274404692,512.0,0
1.3615625052514833,512.0,0
1.3616717360982742,512.0,0
1.3617809669450653,512.0,0
1.3618901977918565,513.0,0
1.3619994286386479,512.0,0
1.3621086594854388,512.0,0
1.36221789033223,513.0,0
1.362327121179021,512.0,0
1.362436352025812,512.0,0
1.3625455828726034,512.0,0
1.3626548137193946,512.0,0
1.3627640445661857,512.0,0
1.3628732754129766,512.0,0
1.3629825062597678,512.0,0
1.363091737106559,512.0,0
1.3632009679533503,511.0,0
1.3633101988001413,512.0,0
1.3634194296469324,512.0,0
1.3635286604937236,511.0,0
1.3636378913405147,511.0,0
1.3637471221873056,511.0,0
1.363856353034097,511.0,0
1.3639655838808882,510.0,0
1.3640748147276793,511.0,0
1.3641840455744703,511.0,0
1.3642932764212614,510.0,0
1.3644025072680526,510.0,0
1.364511738114844,511.0,0
1.3646209689616349,511.0,0
1.364730199808426,510.0,0
1.3648394306552172,510.0,0
1.364948661502008,511.0,0
1.3650578923487995,510.0,0
1.3651671231955906,510.0,0
1.3652763540423818,510.0,0
1.3653855848891727,510.0,0
1.3654948157359639,510.0,0
1.365604046582755,510.0,0
1.3657132774295464,510.0,0
1.3658225082763373,510.0,0
1.3659317391231285,509.0,0
1.3660409699699196,510.0,0
1.3661502008167108,510.0,0
1.3662594316635017,509.0,0
1.366368662510293,509.0,0
1.3664778933570843,509.0,0
1.3665871242038754,508.0,0
1.3666963550506663,508.0,0
1.3668055858974575,508.0,0
1.3669148167442486,508.0,0
1.36702404759104,508.0,0
1.367133278437831,508.0,0
1.367242509284622,508.0,0
1.3673517401314133,508.0,0
1.3674609709782044,507.0,0
1.3675702018249956,507.0,0
1.3676794326717867,508.0,0
1.3677886635185779,507.0,0
1.3678978943653688,507.0,0
1.36800712521216,507.0,0
1.368116356058951,507.0,0
1.3682255869057425,506.0,0
1.3683348177525334,507.0,0
1.3684440485993246,507.0,0
1.3685532794461157,506.0,0
1.3686625102929069,505.0,0
1.3687717411396978,507.0,0
1.3688809719864892,507.0,0
1.3689902028332803,505.0,0
1.3690994336800715,506.0,0
1.3692086645268624,507.0,0
1.3693178953736536,506.0,0
1.3694271262204447,506.0,0
1.369536357067236,507.0,0
1.369645587914027,507.0,0
1.3697548187608182,506.0,0
1.3698640496076093,507.0,0
1.3699732804544005,507.0,0
1.3700825113011916,507.0,0
1.3701917421479828,506.0,0
1.370300972994774,507.0,0
1.370410203841565,507.0,0
1.370519434688356,507.0,0
1.3706286655351472,507.0,0
1.3707378963819385,507.0,0
1.3708471272287295,507.0,0
1.3709563580755206,507.0,0
1.3710655889223118,507.0,0
1.371174819769103,507.0,0
1.3712840506158939,507.0,0
1.3713932814626852,506.0,0
1.3715025123094764,507.0,0
1.3716117431562675,507.0,0
1.3717209740030585,506.0,0
1.3718302048498496,507.0,0
1.3719394356966408,507.0,0
1.3720486665434322,506.0,0
1.372157897390223,505.0,0
1.3722671282370142,507.0,0
1.3723763590838054,506.0,0
1.3724855899305966,505.0,0
1.3725948207773877,505.0,0
1.3727040516241789,507.0,0
1.37281328247097,505.0,0
1.3729225133177612,505.0,0
1.373031744164552,506.0,0
1.3731409750113432,505.0,0
1.3732502058581346,505.0,0
1.3733594367049258,505.0,0
1.3734686675517167,506.0,0
1.3735778983985079,505.0,0
1.373687129245299,505.0,0
1.37379636009209,505.0,0
1.3739055909388813,506.0,0
1.3740148217856725,505.0,0
1.3741240526324636,505.0,0
1.3742332834792546,507.0,0
1.3743425143260457,506.0,0
1.3744517451728369,505.0,0
1.3745609760196282,506.0,0
1.3746702068664192,507.0,0
1.3747794377132103,506.0,0
1.3748886685600015,507.0,0
1.3749978994067926,507.0,0
1.3751071302535838,507.0,0
1.375216361100375,507.0,0
1.375325591947166,508.0,0
1.3754348227939572,508.0,0
1.3755440536407482,508.0,0
1.3756532844875393,508.0,0
1.3757625153343307,508.0,0
1.3758717461811218,508.0,0
1.3759809770279128,508.0,0
1.376090207874704,508.0,0
1.376199438721495,509.0,0
1.376308669568286,508.0,0
1.3764179004150774,508.0,0
1.3765271312618685,509.0,0
1.3766363621086597,508.0,0
1.3767455929554506,508.0,0
1.3768548238022418,509.0,0
1.376964054649033,509.0,0
1.3770732854958243,508.0,0
1.3771825163426152,508.0,0
1.3772917471894064,509.0,0
1.3774009780361975,509.0,0
1.3775102088829887,509.0,0
1.3776194397297798,509.0,0
1.377728670576571,510.0,0
1.3778379014233622,509.0,0
1.3779471322701533,509.0,0
1.3780563631169442,509.0,0
1.3781655939637354,510.0,0
1.3782748248105268,509.0,0
1.378384055657318,510.0,0
1.3784932865041089,510.0,0
1.3786025173509,510.0,0
1.3787117481976912,509.0,0
1.3788209790444823,510.0,0
1.3789302098912735,510.0,0
1.3790394407380646,510.0,0
1.3791486715848558,510.0,0
1.3792579024316467,510.0,0
1.3793671332784379,510.0,0
1.379476364125229,510.0,0
1.3795855949720204,511.0,0
1.3796948258188113,511.0,0
1.3798040566656025,510.0,0
1.3799132875123936,511.0,0
1.3800225183591848,511.0,0
1.380131749205976,511.0,0
1.380240980052767,511.0,0
1.3803502108995582,512.0,0
1.3804594417463494,512.0,0
1.3805686725931403,512.0,0
1.3806779034399315,512.0,0
1.3807871342867228,512.0,0
1.380896365133514,512.0,0
1.381005595980305,512.0,0
1.381114826827096,512.0,0
1.3812240576738872,513.0,0
1.3813332885206784,512.0,0
1.3814425193674695,512.0,0
1.3815517502142607,513.0,0
1.3816609810610518,512.0,0
1.381770211907843,512.0,0
1.381879442754634,512.0,0
1.381988673601425,512.0,0
1.3820979044482165,512.0,0
1.3822071352950074,512.0,0
1.3823163661417985,512.0,0
1.3824255969885897,512.0,0
1.3825348278353808,511.0,0
1.382644058682172,511.0,0
1.3827532895289631,511.0,0
1.3828625203757543,511.0,0
1.3829717512225455,511.0,0
1.3830809820693364,511.0,0
1.3831902129161275,510.0,0
1.383299443762919,510.0,0
1.38340867460971,510.0,0
1.383517905456501,510.0,0
1.3836271363032921,510.0,0
1.3837363671500833,510.0,0
1.3838455979968745,510.0,0
1.3839548288436656,509.0,0
1.3840640596904568,509.0,0
1.384173290537248,509.0,0
1.384282521384039,509.0,0
1.38439175223083,508.0,0
1.3845009830776212,508.0,0
1.3846102139244125,509.0,0
1.3847194447712035,508.0,0
1.3848286756179946,508.0,0
1.3849379064647858,508.0,0
1.385047137311577,508.0,0
1.385156368158368,508.0,0
1.3852655990051592,508.0,0
1.3853748298519504,508.0,0
1.3854840606987415,508.0,0
1.3855932915455325,508.0,0
1.3857025223923236,508.0,0
1.385811753239115,508.0,0
1.3859209840859061,508.0,0
1.386030214932697,508.0,0
1.3861394457794882,508.0,0
1.3862486766262794,508.0,0
1.3863579074730705,507.0,0
1.3864671383198617,508.0,0
1.3865763691666528,508.0,0
1.386685600013444,508.0,0
1.3867948308602351,507.0,0
1.386904061707026,508.0,0
1.3870132925538172,508.0,0
1.3871225234006086,508.0,0
1.3872317542473998,508.0,0
1.3873409850941907,508.0,0
1.3874502159409818,508.0,0
1.387559446787773,508.0,0
1.3876686776345641,508.0,0
1.3877779084813553,508.0,0
1.3878871393281464,508.0,0
1.3879963701749376,508.0,0
1.3881056010217285,508.0,0
1.3882148318685197,508.0,0
1.388324062715311,508.0,0
1.3884332935621022,509.0,0
1.3885425244088931,509.0,0
1.3886517552556843,509.0,0
1.3887609861024754,509.0,0
1.3888702169492666,510.0,0
1.3889794477960578,509.0,0
1.389088678642849,510.0,0
1.38919790948964,510.0,0
1.3893071403364312,510.0,0
1.3894163711832221,509.0,0
1.3895256020300133,510.0,0
1.3896348328768047,510.0,0
1.3897440637235958,510.0,0
1.3898532945703868,510.0,0
1.389962525417178,510.0,0
1.390071756263969,510.0,0
1.3901809871107602,510.0,0
1.3902902179575514,510.0,0
1.3903994488043425,511.0,0
1.3905086796511337,510.0,0
1.3906179104979246,511.0,0
1.3907271413447158,511.0,0
1.3908363721915071,511.0,0
1.3909456030382983,511.0,0
1.3910548338850892,511.0,0
1.3911640647318804,511.0,0
1.3912732955786715,511.0,0
1.3913825264254627,511.0,0
1.3914917572722538,512.0,0
1.391600988119045,511.0,0
1.3917102189658361,511.0,0
1.3918194498126273,511.0,0
1.3919286806594182,512.0,0
1.3920379115062094,511.0,0
1.3921471423530007,511.0,0
1.392256373199792,511.0,0
1.3923656040465828,511.0,0
1.392474834893374,511.0,0
1.3925840657401651,512.0,0
1.3926932965869563,511.0,0
1.3928025274337474,511.0,0
1.3929117582805386,511.0,0
1.3930209891273297,512.0,0
1.393130219974121,511.0,0
1.3932394508209118,511.0,0
1.3933486816677032,512.0,0
1.3934579125144944,512.0,0
1.3935671433612853,511.0,0
1.3936763742080764,512.0,0
1.3937856050548676,512.0,0
1.3938948359016587,512.0,0
1.39400406674845,512.0,0
1.394113297595241,512.0,0
1.3942225284420322,512.0,0
1.3943317592888234,512.0,0
1.3944409901356143,512.0,0
1.3945502209824054,512.0,0
1.3946594518291968,512.0,0
1.394768682675988,512.0,0
1.394877913522779,512.0,0
1.39498714436957,512.0,0
1.3950963752163612,512.0,0
1.3952056060631524,512.0,0
1.3953148369099435,512.0,0
1.3954240677567347,512.0,0
1.3955332986035258,512.0,0
1.395642529450317,512.0,0
1.395751760297108,512.0,0
1.3958609911438993,512.0,0
1.3959702219906904,512.0,0
1.3960794528374814,512.0,0
1.3961886836842725,512.0,0
1.3962979145310637,512.0,0
1.3964071453778548,512.0,0
1.396516376224646,512.0,0
1.3966256070714371,511.0,0
1.3967348379182283,512.0,0
1.3968440687650194,512.0,0
1.3969532996118104,511.0,0
1.3970625304586015,511.0,0
1.397171761305393,511.0,0
1.397280992152184,511.0,0
1.397390222998975,511.0,0
1.3974994538457661,511.0,0
1.3976086846925573,511.0,0
1.3977179155393484,510.0,0
1.3978271463861396,510.0,0
1.3979363772329307,511.0,0
1.398045608079722,510.0,0
1.398154838926513,510.0,0
1.398264069773304,510.0,0
1.3983733006200953,510.0,0
1.3984825314668865,510.0,0
1.3985917623136777,509.0,0
1.3987009931604686,510.0,0
1.3988102240072597,509.0,0
1.398919454854051,508.0,0
1.399028685700842,508.0,0
1.3991379165476332,508.0,0
1.3992471473944244,508.0,0
1.3993563782412155,508.0,0
1.3994656090880064,508.0,0
1.3995748399347976,508.0,0
1.399684070781589,507.0,0
1.3997933016283801,508.0,0
1.399902532475171,507.0,0
1.4000117633219622,507.0,0
1.4001209941687534,507.0,0
1.4002302250155445,507.0,0
1.4003394558623357,507.0,0
1.4004486867091268,506.0,0
1.400557917555918,506.0,0
1.4006671484027091,507.0,0
1.4007763792495,506.0,0
1.4008856100962914,506.0,0
1.4009948409430826,506.0,0
1.4011040717898737,506.0,0
1.4012133026366647,505.0,0
1.4013225334834558,505.0,0
1.401431764330247,506.0,0
1.4015409951770381,505.0,0
1.4016502260238293,505.0,0
1.4017594568706204,506.0,0
1.4018686877174116,505.0,0
1.4019779185642025,505.0,0
1.4020871494109937,505.0,0
1.402196380257785,506.0,0
1.4023056111045762,505.0,0
1.4024148419513671,505.0,0
1.4025240727981583,506.0,0
1.4026333036449494,506.0,0
1.4027425344917406,505.0,0
1.4028517653385317,507.0,0
1.4029609961853229,507.0,0
1.403070227032114,506.0,0
1.4031794578789052,506.0,0
1.4032886887256961,507.0,0
1.4033979195724875,507.0,0
1.4035071504192786,507.0,0
1.4036163812660698,508.0,0
1.4037256121128607,508.0,0
1.4038348429596519,508.0,0
1.403944073806443,508.0,0
1.4040533046532342,508.0,0
1.4041625355000253,508.0,0
1.4042717663468165,508.0,0
1.4043809971936076,509.0,0
1.4044902280403988,509.0,0
1.4045994588871897,509.0,0
1.404708689733981,509.0,0
1.4048179205807723,510.0,0
1.4049271514275632,510.0,0
1.4050363822743543,509.0,0
1.4051456131211455,510.0,0
1.4052548439679367,510.0,0
1.4053640748147278,510.0,0
1.405473305661519,510.0,0
1.40558253650831,510.0,0
1.4056917673551013,510.0,0
1.4058009982018922,510.0,0
1.4059102290486836,510.0,0
1.4060194598954747,511.0,0
1.4061286907422659,511.0,0
1.4062379215890568,511.0,0
1.406347152435848,511.0,0
1.406456383282639,512.0,0
1.4065656141294303,511.0,0
1.4066748449762214,512.0,0
1.4067840758230126,512.0,0
1.4068933066698037,512.0,0
1.4070025375165949,512.0,0
1.4071117683633858,512.0,0
1.4072209992101772,513.0,0
1.4073302300569683,512.0,0
1.4074394609037593,513.0,0
1.4075486917505504,513.0,0
1.4076579225973416,513.0,0
1.4077671534441327,513.0,0
1.4078763842909239,513.0,0
1.407985615137715,513.0,0
1.4080948459845062,513.0,0
1.4082040768312973,513.0,0
1.4083133076780883,513.0,0
1.4084225385248796,513.0,0
1.4085317693716708,513.0,0
1.408641000218462,513.0,0
1.4087502310652529,512.0,0
1.408859461912044,512.0,0
1.4089686927588352,512.0,0
1.4090779236056263,512.0,0
1.4091871544524175,512.0,0
1.4092963852992086,512.0,0
1.4094056161459998,512.0,0
1.409514846992791,512.0,0
1.4096240778395819,512.0,0
1.4097333086863733,512.0,0
1.4098425395331644,512.0,0
1.4099517703799556,512.0,0
1.4100610012267465,512.0,0
1.4101702320735376,512.0,0
1.4102794629203288,512.0,0
1.41038869376712,512.0,0
1.410497924613911,512.0,0
1.4106071554607023,512.0,0
1.4107163863074934,512.0,0
1.4108256171542843,512.0,0
1.4109348480010757,512.0,0
1.4110440788478669,511.0,0
1.411153309694658,512.0,0
1.411262540541449,512.0,0
1.41137177138824,511.0,0
1.4114810022350313,511.0,0
1.4115902330818224,512.0,0
1.4116994639286136,511.0,0
1.4118086947754047,511.0,0
1.4119179256221959,511.0,0
1.412027156468987,511.0,0
1.412136387315778,511.0,0
1.4122456181625693,511.0,0
1.4123548490093605,511.0,0
1.4124640798561516,510.0,0
1.4125733107029426,510.0,0
1.4126825415497337,510.0,0
1.4127917723965249,510.0,0
1.412901003243316,510.0,0
1.4130102340901072,510.0,0
1.4131194649368983,510.0,0
1.4132286957836895,510.0,0
1.4133379266304804,510.0,0
1.4134471574772718,510.0,0
1.413556388324063,510.0,0
1.413665619170854,509.0,0
1.413774850017645,510.0,0
1.4138840808644362,510.0,0
1.4139933117112273,510.0,0
1.4141025425580185,510.0,0
1.4142117734048096,510.0,0
1.4143210042516008,510.0,0
1.414430235098392,510.0,0
1.414539465945183,510.0,0
1.414648696791974,510.0,0
1.4147579276387654,510.0,0
1.4148671584855566,510.0,0
1.4149763893323477,511.0,0
1.4150856201791386,510.0,0
1.4151948510259298,510.0,0
1.415304081872721,511.0,0
1.415413312719512,511.0,0
1.4155225435663032,511.0,0
1.4156317744130944,511.0,0
1.4157410052598856,511.0,0
1.4158502361066767,511.0,0
1.4159594669534679,510.0,0
1.416068697800259,511.0,0
1.4161779286470502,511.0,0
1.416287159493841,510.0,0
1.4163963903406322,510.0,0
1.4165056211874234,510.0,0
1.4166148520342146,510.0,0
1.4167240828810057,510.0,0
1.4168333137277969,510.0,0
1.416942544574588,510.0,0
1.4170517754213792,509.0,0
1.41716100626817,509.0,0
1.4172702371149615,510.0,0
1.4173794679617526,509.0,0
1.4174886988085438,509.0,0
1.4175979296553347,509.0,0
1.4177071605021259,509.0,0
1.417816391348917,508.0,0
1.4179256221957082,508.0,0
1.4180348530424993,508.0,0
1.4181440838892905,508.0,0
1.4182533147360816,508.0,0
1.4183625455828728,508.0,0
1.418471776429664,508.0,0
1.418581007276455,508.0,0
1.4186902381232462,508.0,0
1.4187994689700372,508.0,0
1.4189086998168283,508.0,0
1.4190179306636195,507.0,0
1.4191271615104106,508.0,0
1.4192363923572018,508.0,0
1.419345623203993,507.0,0
1.419454854050784,507.0,0
1.4195640848975752,507.0,0
1.4196733157443662,507.0,0
1.4197825465911575,507.0,0
1.4198917774379487,507.0,0
1.4200010082847399,507.0,0
1.4201102391315308,507.0,0
1.420219469978322,507.0,0
1.420328700825113,507.0,0
1.4204379316719042,507.0,0
1.4205471625186954,507.0,0
1.4206563933654865,507.0,0
1.4207656242122777,507.0,0
1.4208748550590689,506.0,0
1.42098408590586,507.0,0
1.4210933167526512,507.0,0
1.4212025475994423,507.0,0
1.4213117784462335,507.0,0
1.4214210092930244,507.0,0
1.4215302401398155,507.0,0
1.4216394709866067,507.0,0
1.4217487018333979,507.0,0
1.421857932680189,507.0,0
1.4219671635269802,507.0,0
1.4220763943737713,507.0,0
1.4221856252205622,507.0,0
1.4222948560673536,507.0,0
1.4224040869141448,507.0,0
1.422513317760936,508.0,0
1.4226225486077269,508.0,0
1.422731779454518,508.0,0
1.4228410103013092,508.0,0
1.4229502411481003,508.0,0
1.4230594719948915,508.0,0
1.4231687028416826,508.0,0
1.4232779336884738,508.0,0
1.423387164535265,508.0,0
1.423496395382056,508.0,0
1.4236056262288472,508.0,0
1.4237148570756384,508.0,0
1.4238240879224295,508.0,0
1.4239333187692205,508.0,0
1.4240425496160116,509.0,0
1.4241517804628028,508.0,0
1.4242610113095941,508.0,0
1.424370242156385,508.0,0
1.4244794730031762,509.0,0
1.4245887038499674,509.0,0
1.4246979346967583,509.0,0
1.4248071655435497,509.0,0
1.4249163963903408,510.0,0
1.425025627237132,509.0,0
1.425134858083923,510.0,0
1.425244088930714,510.0,0
1.4253533197775052,510.0,0
1.4254625506242964,510.0,0
1.4255717814710875,510.0,0
1.4256810123178787,510.0,0
1.4257902431646698,510.0,0
1.425899474011461,511.0,0
1.4260087048582522,511.0,0
1.4261179357050433,511.0,0
1.4262271665518345,511.0,0
1.4263363973986256,512.0,0
1.4264456282454165,512.0,0
1.4265548590922077,512.0,0
1.4266640899389988,513.0,0
1.4267733207857902,513.0,0
1.4268825516325812,513.0,0
1.4269917824793723,513.0,0
1.4271010133261635,514.0,0
1.4272102441729544,514.0,0
1.4273194750197458,514.0,0
1.427428705866537,514.0,0
1.427537936713328,515.0,0
1.427647167560119,515.0,0
1.4277563984069102,515.0,0
1.4278656292537013,515.0,0
1.4279748601004925,515.0,0
1.4280840909472836,515.0,0
1.4281933217940748,515.0,0
1.428302552640866,516.0,0
1.428411783487657,515.0,0
1.4285210143344482,515.0,0
1.4286302451812394,516.0,0
1.4287394760280305,516.0,0
1.4288487068748217,516.0,0
1.4289579377216126,515.0,0
1.4290671685684038,516.0,0
1.429176399415195,516.0,0
1.4292856302619863,515.0,0
1.4293948611087772,515.0,0
1.4295040919555684,515.0,0
1.4296133228023595,515.0,0
1.4297225536491507,515.0,0
1.4298317844959418,515.0,0
1.429941015342733,515.0,0
1.4300502461895241,514.0,0
1.430159477036315,514.0,0
1.4302687078831062,514.0,0
1.4303779387298974,514.0,0
1.4304871695766885,513.0,0
1.4305964004234797,514.0,0
1.4307056312702708,513.0,0
1.430814862117062,513.0,0
1.4309240929638531,513.0,0
1.4310333238106443,513.0,0
1.4311425546574355,513.0,0
1.4312517855042266,513.0,0
1.4313610163510178,513.0,0
1.4314702471978087,513.0,0
1.4315794780445998,512.0,0
1.431688708891391,512.0,0
1.4317979397381824,512.0,0
1.4319071705849733,512.0,0
1.4320164014317645,512.0,0
1.4321256322785556,512.0,0
1.4322348631253468,512.0,0
1.432344093972138,511.0,0
1.432453324818929,511.0,0
1.4325625556657202,511.0,0
1.4326717865125114,510.0,0
1.4327810173593023,511.0,0
1.4328902482060935,510.0,0
1.4329994790528846,510.0,0
1.4331087098996758,510.0,0
1.433217940746467,510.0,0
1.433327171593258,509.0,0
1.4334364024400492,509.0,0
1.4335456332868404,509.0,0
1.4336548641336315,509.0,0
1.4337640949804227,508.0,0
1.4338733258272138,508.0,0
1.4339825566740048,508.0,0
1.434091787520796,508.0,0
1.434201018367587,508.0,0
1.4343102492143784,508.0,0
1.4344194800611694,508.0,0
1.4345287109079605,508.0,0
1.4346379417547517,508.0,0
1.4347471726015428,508.0,0
1.434856403448334,508.0,0
1.4349656342951251,508.0,0
1.4350748651419163,508.0,0
1.4351840959887074,508.0,0
1.4352933268354984,507.0,0
1.4354025576822895,508.0,0
1.4355117885290807,508.0,0
1.435621019375872,508.0,0
1.435730250222663,508.0,0
1.4358394810694541,508.0,0
1.4359487119162453,508.0,0
1.4360579427630364,508.0,0
1.4361671736098276,508.0,0
1.4362764044566187,509.0,0
1.43638563530341,509.0,0
1.4364948661502008,510.0,0
1.436604096996992,510.0,0
1.4367133278437831,510.0,0
1.4368225586905745,510.0,0
1.4369317895373654,511.0,0
1.4370410203841566,511.0,0
1.4371502512309478,511.0,0
1.437259482077739,512.0,0
1.43736871292453,512.0,0
1.4374779437713212,512.0,0
1.4375871746181124,513.0,0
1.4376964054649035,513.0,0
1.4378056363116944,513.0,0
1.4379148671584856,513.0,0
1.4380240980052768,514.0,0
1.4381333288520681,514.0,0
1.438242559698859,514.0,0
1.4383517905456502,515.0,0
1.4384610213924414,515.0,0
1.4385702522392325,515.0,0
1.4386794830860237,515.0,0
1.4387887139328148,515.0,0
1.438897944779606,515.0,0
1.439007175626397,515.0,0
1.439116406473188,515.0,0
1.4392256373199792,516.0,0
1.4393348681667706,515.0,0
1.4394440990135615,515.0,0
1.4395533298603527,516.0,0
1.4396625607071438,515.0,0
1.439771791553935,515.0,0
1.4398810224007261,515.0,0
1.4399902532475173,516.0,0
1.4400994840943084,515.0,0
1.4402087149410996,515.0,0
1.4403179457878905,516.0,0
1.4404271766346817,516.0,0
1.4405364074814728,515.0,0
1.4406456383282642,516.0,0
1.4407548691750551,516.0,0
1.4408641000218463,516.0,0
1.4409733308686374,516.0,0
1.4410825617154286,516.0,0
1.4411917925622197,516.0,0
1.441301023409011,516.0,0
1.441410254255802,516.0,0
1.441519485102593,516.0,0
1.4416287159493841,515.0,0
1.4417379467961753,516.0,0
1.4418471776429667,516.0,0
1.4419564084897576,516.0,0
1.4420656393365487,515.0,0
1.44217487018334,516.0,0
1.442284101030131,515.0,0
1.4423933318769222,515.0,0
1.4425025627237134,515.0,0
1.4426117935705045,515.0,0
1.4427210244172957,515.0,0
1.4428302552640866,515.0,0
1.4429394861108777,515.0,0
1.443048716957669,515.0,0
1.4431579478044603,515.0,0
1.4432671786512512,515.0,0
1.4433764094980424,515.0,0
1.4434856403448335,515.0,0
1.4435948711916247,515.0,0
1.4437041020384158,515.0,0
1.443813332885207,515.0,0
1.4439225637319981,514.0,0
1.4440317945787893,514.0,0
1.4441410254255802,515.0,0
1.4442502562723714,513.0,0
1.4443594871191627,514.0,0
1.4444687179659537,514.0,0
1.4445779488127448,513.0,0
1.444687179659536,513.0,0
1.4447964105063271,513.0,0
1.4449056413531183,513.0,0
1.4450148721999094,513.0,0
1.4451241030467006,512.0,0
1.4452333338934917,513.0,0
1.4453425647402827,512.0,0
1.4454517955870738,512.0,0
1.445561026433865,512.0,0
1.4456702572806563,512.0,0
1.4457794881274473,511.0,0
1.4458887189742384,512.0,0
1.4459979498210296,512.0,0
1.4461071806678207,511.0,0
1.4462164115146119,511.0,0
1.446325642361403,511.0,0
1.4464348732081942,511.0,0
1.4465441040549853,511.0,0
1.4466533349017763,511.0,0
1.4467625657485674,511.0,0
1.4468717965953588,511.0,0
1.44698102744215,511.0,0
1.447090258288941,511.0,0
1.447199489135732,511.0,0
1.4473087199825232,511.0,0
1.4474179508293143,511.0,0
1.4475271816761055,511.0,0
1.4476364125228967,511.0,0
1.4477456433696878,511.0,0
1.4478548742164787,512.0,0
1.44796410506327,511.0,0
1.448073335910061,511.0,0
1.4481825667568524,511.0,0
1.4482917976036433,511.0,0
1.4484010284504345,511.0,0
1.4485102592972257,511.0,0
1.4486194901440168,512.0,0
1.448728720990808,511.0,0
1.4488379518375991,511.0,0
1.4489471826843903,512.0,0
1.4490564135311814,512.0,0
1.4491656443779724,511.0,0
1.4492748752247635,511.0,0
1.4493841060715549,512.0,0
1.449493336918346,511.0,0
1.449602567765137,511.0,0
1.4497117986119281,511.0,0
1.4498210294587193,511.0,0
1.4499302603055104,511.0,0
1.4500394911523016,511.0,0
1.4501487219990927,511.0,0
1.4502579528458839,511.0,0
1.4503671836926748,511.0,0
1.450476414539466,512.0,0
1.4505856453862571,511.0,0
1.4506948762330485,511.0,0
1.4508041070798394,511.0,0
1.4509133379266306,512.0,0
1.4510225687734217,512.0,0
1.4511317996202129,512.0,0
1.451241030467004,512.0,0
1.4513502613137952,512.0,0
1.4514594921605863,512.0,0
1.4515687230073775,512.0,0
1.4516779538541684,512.0,0
1.4517871847009596,512.0,0
1.451896415547751,512.0,0
1.452005646394542,512.0,0
1.452114877241333,512.0,0
1.4522241080881242,512.0,0
1.4523333389349153,512.0,0
1.4524425697817065,513.0,0
1.4525518006284976,512.0,0
1.4526610314752888,512.0,0
1.45277026232208,513.0,0
1.4528794931688709,513.0,0
1.452988724015662,512.0,0
1.4530979548624532,513.0,0
1.4532071857092446,513.0,0
1.4533164165560355,513.0,0
1.4534256474028266,513.0,0
1.4535348782496178,513.0,0
1.453644109096409,513.0,0
1.4537533399432,513.0,0
1.4538625707899913,513.0,0
1.4539718016367824,513.0,0
1.4540810324835736,512.0,0
1.4541902633303645,513.0,0
1.4542994941771556,513.0,0
1.454408725023947,512.0,0
1.4545179558707382,512.0,0
1.454627186717529,513.0,0
1.4547364175643203,512.0,0
1.4548456484111114,512.0,0
1.4549548792579026,512.0,0
1.4550641101046937,512.0,0
1.4551733409514849,512.0,0
1.455282571798276,512.0,0
1.4553918026450672,512.0,0
1.455501033491858,512.0,0
1.4556102643386493,512.0,0
1.4557194951854406,512.0,0
1.4558287260322316,512.0,0
1.4559379568790227,511.0,0
1.4560471877258139,511.0,0
1.456156418572605,511.0,0
1.4562656494193962,511.0,0
1.4563748802661873,511.0,0
1.4564841111129785,511.0,0
1.4565933419597696,511.0,0
1.4567025728065606,510.0,0
1.4568118036533517,510.0,0
1.456921034500143,510.0,0
1.4570302653469343,510.0,0
1.4571394961937252,509.0,0
1.4572487270405163,510.0,0
1.4573579578873075,509.0,0
1.4574671887340986,508.0,0
1.4575764195808898,508.0,0
1.457685650427681,508.0,0
1.457794881274472,508.0,0
1.4579041121212633,508.0,0
1.4580133429680542,508.0,0
1.4581225738148453,508.0,0
1.4582318046616367,508.0,0
1.4583410355084276,508.0,0
1.4584502663552188,508.0,0
1.45855949720201,508.0,0
1.458668728048801,507.0,0
1.4587779588955923,508.0,0
1.4588871897423834,507.0,0
1.4589964205891746,507.0,0
1.4591056514359657,507.0,0
1.4592148822827566,507.0,0
1.4593241131295478,507.0,0
1.4594333439763392,506.0,0
1.4595425748231303,507.0,0
1.4596518056699213,507.0,0
1.4597610365167124,506.0,0
1.4598702673635036,507.0,0
1.4599794982102947,507.0,0
1.4600887290570859,506.0,0
1.460197959903877,506.0,0
1.4603071907506682,507.0,0
1.4604164215974593,507.0,0
1.4605256524442503,507.0,0
1.4606348832910414,507.0,0
1.4607441141378328,507.0,0
1.460853344984624,507.0,0
1.4609625758314149,507.0,0
1.461071806678206,508.0,0
1.4611810375249972,508.0,0
1.4612902683717883,507.0,0
1.4613994992185795,508.0,0
1.4615087300653706,508.0,0
1.4616179609121618,508.0,0
1.4617271917589527,508.0,0
1.4618364226057439,508.0,0
1.4619456534525352,508.0,0
1.4620548842993264,508.0,0
1.4621641151461173,508.0,0
1.4622733459929085,509.0,0
1.4623825768396996,509.0,0
1.4624918076864908,509.0,0
1.462601038533282,510.0,0
1.462710269380073,510.0,0
1.4628195002268642,509.0,0
1.4629287310736554,510.0,0
1.4630379619204463,510.0,0
1.4631471927672375,510.0,0
1.4632564236140289,510.0,0
1.46336565446082,510.0,0
1.463474885307611,510.0,0
1.463584116154402,510.0,0
1.4636933470011932,510.0,0
1.4638025778479844,511.0,0
1.4639118086947756,510.0,0
1.4640210395415667,510.0,0
1.4641302703883579,510.0,0
1.4642395012351488,510.0,0
1.46434873208194,510.0,0
1.4644579629287313,510.0,0
1.4645671937755225,510.0,0
1.4646764246223134,509.0,0
1.4647856554691046,508.0,0
1.4648948863158957,509.0,0
1.4650041171626869,508.0,0
1.465113348009478,508.0,0
1.4652225788562692,508.0,0
1.4653318097030603,508.0,0
1.4654410405498515,508.0,0
1.4655502713966424,508.0,0
1.4656595022434336,508.0,0
1.465768733090225,507.0,0
1.465877963937016,506.0,0
1.465987194783807,507.0,0
1.4660964256305982,507.0,0
1.4662056564773893,505.0,0
1.4663148873241805,505.0,0
1.4664241181709716,506.0,0
1.4665333490177628,505.0,0
1.466642579864554,505.0,0
1.466751810711345,505.0,0
1.466861041558136,505.0,0
1.4669702724049274,504.0,0
1.4670795032517185,504.0,0
1.4671887340985095,504.0,0
1.4672979649453006,504.0,0
1.4674071957920918,504.0,0
1.467516426638883,504.0,0
1.467625657485674,504.0,0
1.4677348883324652,504.0,0
1.4678441191792564,504.0,0
1.4679533500260475,504.0,0
1.4680625808728385,504.0,0
1.4681718117196296,504.0,0
1.468281042566421,504.0,0
1.4683902734132122,504.0,0
1.468499504260003,504.0,0
1.4686087351067942,504.0,0
1.4687179659535854,504.0,0
1.4688271968003765,504.0,0
1.4689364276471677,504.0,0
1.4690456584939589,504.0,0
1.46915488934075,504.0,0
1.4692641201875412,504.0,0
1.469373351034332,504.0,0
1.4694825818811235,504.0,0
1.4695918127279146,504.0,0
1.4697010435747055,504.0,0
1.4698102744214967,504.0,0
1.4699195052682879,505.0,0
1.470028736115079,504.0,0
1.4701379669618702,505.0,0
1.4702471978086613,505.0,0
1.4703564286554525,505.0,0
1.4704656595022436,505.0,0
1.4705748903490345,506.0,0
1.4706841211958257,506.0,0
1.470793352042617,506.0,0
1.4709025828894082,507.0,0
1.4710118137361992,507.0,0
1.4711210445829903,507.0,0
1.4712302754297815,507.0,0
1.4713395062765726,508.0,0
1.4714487371233638,508.0,0
1.471557967970155,508.0,0
1.471667198816946,508.0,0
1.4717764296637372,508.0,0
1.4718856605105282,508.0,0
1.4719948913573195,508.0,0
1.4721041222041107,509.0,0
1.4722133530509018,508.0,0
1.4723225838976928,508.0,0
1.472431814744484,509.0,0
1.472541045591275,510.0,0
1.4726502764380662,509.0,0
1.4727595072848574,509.0,0
1.4728687381316485,510.0,0
1.4729779689784397,510.0,0
1.4730871998252306,509.0,0
1.4731964306720218,510.0,0
1.4733056615188131,510.0,0
1.4734148923656043,510.0,0
1.4735241232123952,509.0,0
1.4736333540591864,510.0,0
1.4737425849059775,510.0,0
1.4738518157527687,509.0,0
1.4739610465995598,510.0,0
1.474070277446351,510.0,0
1.4741795082931421,509.0,0
1.4742887391399333,509.0,0
1.4743979699867242,509.0,0
1.4745072008335156,509.0,0
1.4746164316803068,508.0,0
1.474725662527098,508.0,0
1.4748348933738888,508.0,0
1.47494412422068,508.0,0
1.4750533550674712,508.0,0
1.4751625859142625,508.0,0
1.4752718167610535,508.0,0
1.4753810476078446,508.0,0
1.4754902784546358,508.0,0
1.4755995093014267,508.0,0
1.4757087401482178,507.0,0
1.4758179709950092,507.0,0
1.4759272018418004,507.0,0
1.4760364326885913,508.0,0
1.4761456635353825,507.0,0
1.4762548943821736,507.0,0
1.4763641252289648,507.0,0
1.476473356075756,507.0,0
1.476582586922547,507.0,0
1.4766918177693382,508.0,0
1.4768010486161294,508.0,0
1.4769102794629203,507.0,0
1.4770195103097117,507.0,0
1.4771287411565028,508.0,0
1.477237972003294,507.0,0
1.477347202850085,507.0,0
1.477456433696876,508.0,0
1.4775656645436672,508.0,0
1.4776748953904586,507.0,0
1.4777841262372495,508.0,0
1.4778933570840407,508.0,0
1.4780025879308318,507.0,0
1.478111818777623,507.0,0
1.478221049624414,508.0,0
1.4783302804712053,507.0,0
1.4784395113179964,507.0,0
1.4785487421647874,507.0,0
1.4786579730115785,508.0,0
1.4787672038583697,507.0,0
1.4788764347051608,507.0,0
1.478985665551952,507.0,0
1.4790948963987431,507.0,0
1.4792041272455343,506.0,0
1.4793133580923254,507.0,0
1.4794225889391164,507.0,0
1.4795318197859078,506.0,0
1.479641050632699,505.0,0
1.47975028147949,506.0,0
1.479859512326281,505.0,0
1.4799687431730721,505.0,0
1.4800779740198633,505.0,0
1.4801872048666547,505.0,0
1.4802964357134456,505.0,0
1.4804056665602368,505.0,0
1.480514897407028,505.0,0
1.480624128253819,505.0,0
1.48073335910061,505.0,0
1.4808425899474014,506.0,0
1.4809518207941925,505.0,0
1.4810610516409835,505.0,0
1.4811702824877746,505.0,0
1.4812795133345658,506.0,0
1.481388744181357,505.0,0
1.481497975028148,506.0,0
1.4816072058749392,506.0,0
1.4817164367217304,506.0,0
1.4818256675685215,505.0,0
1.4819348984153125,506.0,0
1.4820441292621038,506.0,0
1.482153360108895,506.0,0
1.4822625909556861,506.0,0
1.482371821802477,506.0,0
1.4824810526492682,507.0,0
1.4825902834960594,507.0,0
1.4826995143428507,507.0,0
1.4828087451896417,507.0,0
1.4829179760364328,507.0,0
1.483027206883224,507.0,0
1.4831364377300151,507.0,0
1.483245668576806,507.0,0
1.4833548994235974,507.0,0
1.4834641302703886,507.0,0
1.4835733611171797,507.0,0
1.4836825919639707,507.0,0
1.4837918228107618,507.0,0
1.483901053657553,507.0,0
1.4840102845043441,507.0,0
1.4841195153511353,507.0,0
1.4842287461979264,507.0,0
1.4843379770447176,508.0,0
1.4844472078915085,507.0,0
1.4845564387383,507.0,0
1.484665669585091,508.0,0
1.4847749004318822,508.0,0
1.4848841312786731,507.0,0
1.4849933621254643,508.0,0
1.4851025929722554,508.0,0
1.4852118238190468,508.0,0
1.4853210546658377,507.0,0
1.485430285512629,508.0,0
1.48553951635942,508.0,0
1.4856487472062112,508.0,0
1.4857579780530021,508.0,0
1.4858672088997935,508.0,0
1.4859764397465847,508.0,0
1.4860856705933758,508.0,0
1.4861949014401667,508.0,0
1.486304132286958,508.0,0
1.486413363133749,508.0,0
1.4865225939805404,508.0,0
1.4866318248273314,508.0,0
1.4867410556741225,508.0,0
1.4868502865209137,508.0,0
1.4869595173677046,508.0,0
1.487068748214496,508.0,0
1.4871779790612871,508.0,0
1.4872872099080783,508.0,0
1.4873964407548692,508.0,0
1.4875056716016604,508.0,0
1.4876149024484515,508.0,0
1.487724133295243,508.0,0
1.4878333641420338,508.0,0
1.487942594988825,508.0,0
1.4880518258356161,508.0,0
1.4881610566824073,508.0,0
1.4882702875291982,508.0,0
1.4883795183759896,507.0,0
1.4884887492227807,508.0,0
1.488597980069572,508.0,0
1.4887072109163628,508.0,0
1.488816441763154,507.0,0
1.4889256726099451,508.0,0
1.4890349034567365,508.0,0
1.4891441343035274,508.0,0
1.4892533651503186,508.0,0
1.4893625959971097,508.0,0
1.489471826843901,508.0,0
1.489581057690692,508.0,0
1.4896902885374832,508.0,0
1.4897995193842744,508.0,0
1.4899087502310653,508.0,0
1.4900179810778564,508.0,0
1.4901272119246476,508.0,0
1.490236442771439,508.0,0
1.49034567361823,508.0,0
1.490454904465021,508.0,0
1.4905641353118122,508.0,0
1.4906733661586034,508.0,0
1.4907825970053943,508.0,0
1.4908918278521857,508.0,0
1.4910010586989768,508.0,0
1.491110289545768,508.0,0
1.491219520392559,508.0,0
1.49132875123935,508.0,0
1.4914379820861412,508.0,0
1.4915472129329326,508.0,0
1.4916564437797235,508.0,0
1.4917656746265147,508.0,0
1.4918749054733058,508.0,0
1.491984136320097,508.0,0
1.4920933671668881,508.0,0
1.4922025980136793,508.0,0
1.4923118288604704,508.0,0
1.4924210597072614,508.0,0
1.4925302905540525,508.0,0
1.4926395214008437,508.0,0
1.492748752247635,508.0,0
1.492857983094426,508.0,0
1.4929672139412171,508.0,0
1.4930764447880083,508.0,0
1.4931856756347994,508.0,0
1.4932949064815904,508.0,0
1.4934041373283817,508.0,0
1.4935133681751729,508.0,0
1.493622599021964,508.0,0
1.493731829868755,508.0,0
1.4938410607155461,508.0,0
1.4939502915623373,508.0,0
1.4940595224091286,508.0,0
1.4941687532559196,508.0,0
1.4942779841027107,508.0,0
1.4943872149495019,508.0,0
1.494496445796293,508.0,0
1.4946056766430842,508.0,0
1.4947149074898753,508.0,0
1.4948241383366665,508.0,0
1.4949333691834576,508.0,0
1.4950426000302486,508.0,0
1.4951518308770397,508.0,0
1.495261061723831,508.0,0
1.495370292570622,508.0,0
1.4954795234174132,508.0,0
1.4955887542642043,508.0,0
1.4956979851109955,508.0,0
1.4958072159577864,508.0,0
1.4959164468045778,508.0,0
1.496025677651369,508.0,0
1.49613490849816,508.0,0
1.496244139344951,508.0,0
1.4963533701917422,508.0,0
1.4964626010385333,508.0,0
1.4965718318853247,509.0,0
1.4966810627321157,508.0,0
1.4967902935789068,508.0,0
1.496899524425698,509.0,0
1.4970087552724891,509.0,0
1.4971179861192803,509.0,0
1.4972272169660714,509.0,0
1.4973364478128626,509.0,0
1.4974456786596537,509.0,0
1.4975549095064447,509.0,0
1.4976641403532358,510.0,0
1.4977733712000272,509.0,0
1.4978826020468183,509.0,0
1.4979918328936093,509.0,0
1.4981010637404004,510.0,0
1.4982102945871916,509.0,0
1.4983195254339825,509.0,0
1.4984287562807739,510.0,0
1.498537987127565,509.0,0
1.4986472179743562,509.0,0
1.4987564488211471,510.0,0
1.4988656796679383,510.0,0
1.4989749105147294,509.0,0
1.4990841413615208,509.0,0
1.4991933722083117,510.0,0
1.4993026030551029,509.0,0
1.499411833901894,509.0,0
1.4995210647486852,510.0,0
1.4996302955954763,510.0,0
1.4997395264422675,509.0,0
1.4998487572890586,510.0,0
1.4999579881358498,510.0,0
1.5000672189826407,510.0,0
1.5001764498294319,509.0,0
1.5002856806762233,510.0,0
1.5003949115230144,510.0,0
1.5005041423698053,509.0,0
1.5006133732165965,510.0,0
1.5007226040633876,510.0,0
1.5008318349101786,509.0,0
1.50094106575697,509.0,0
1.501050296603761,510.0,0
1.5011595274505523,509.0,0
1.5012687582973432,508.0,0
1.5013779891441343,509.0,0
1.5014872199909255,509.0,0
1.5015964508377169,508.0,0
1.5017056816845078,508.0,0
1.501814912531299,509.0,0
1.50192414337809,508.0,0
1.5020333742248813,508.0,0
1.5021426050716724,508.0,0
1.5022518359184636,508.0,0
1.5023610667652547,508.0,0
1.5024702976120459,508.0,0
1.5025795284588368,508.0,0
1.502688759305628,508.0,0
1.5027979901524193,508.0,0
1.5029072209992105,508.0,0
1.5030164518460014,508.0,0
1.5031256826927926,508.0,0
1.5032349135395837,508.0,0
1.5033441443863749,508.0,0
1.503453375233166,508.0,0
1.5035626060799572,508.0,0
1.5036718369267483,508.0,0
1.5037810677735393,508.0,0
1.5038902986203304,508.0,0
1.5039995294671216,508.0,0
1.504108760313913,508.0,0
1.5042179911607039,508.0,0
1.504327222007495,508.0,0
1.5044364528542862,509.0,0
1.5045456837010773,509.0,0
1.5046549145478685,509.0,0
1.5047641453946596,508.0,0
1.5048733762414508,509.0,0
1.504982607088242,509.0,0
1.5050918379350329,509.0,0
1.505201068781824,509.0,0
1.5053102996286154,510.0,0
1.5054195304754066,509.0,0
1.5055287613221975,509.0,0
1.5056379921689886,510.0,0
1.5057472230157798,510.0,0
1.505856453862571,509.0,0
1.505965684709362,510.0,0
1.5060749155561532,510.0,0
1.5061841464029444,510.0,0
1.5062933772497356,510.0,0
1.5064026080965265,510.0,0
1.5065118389433176,510.0,0
1.506621069790109,510.0,0
1.5067303006369,510.0,0
1.506839531483691,510.0,0
1.5069487623304822,510.0,0
1.5070579931772734,510.0,0
1.5071672240240646,510.0,0
1.5072764548708557,510.0,0
1.5073856857176469,509.0,0
1.507494916564438,510.0,0
1.507604147411229,510.0,0
1.50771337825802,509.0,0
1.5078226091048115,509.0,0
1.5079318399516026,510.0,0
1.5080410707983936,509.0,0
1.5081503016451847,509.0,0
1.5082595324919759,509.0,0
1.508368763338767,510.0,0
1.5084779941855582,509.0,0
1.5085872250323493,509.0,0
1.5086964558791405,510.0,0
1.5088056867259316,510.0,0
1.5089149175727226,509.0,0
1.5090241484195137,510.0,0
1.509133379266305,510.0,0
1.5092426101130962,510.0,0
1.5093518409598872,510.0,0
1.5094610718066783,511.0,0
1.5095703026534695,511.0,0
1.5096795335002606,511.0,0
1.5097887643470518,512.0,0
1.509897995193843,512.0,0
1.510007226040634,512.0,0
1.510116456887425,512.0,0
1.5102256877342162,513.0,0
1.5103349185810075,513.0,0
1.5104441494277987,513.0,0
1.5105533802745896,513.0,0
1.5106626111213808,513.0,0
1.510771841968172,513.0,0
1.510881072814963,514.0,0
1.5109903036617542,514.0,0
1.5110995345085454,514.0,0
1.5112087653553365,514.0,0
1.5113179962021277,514.0,0
1.5114272270489186,514.0,0
1.5115364578957098,513.0,0
1.5116456887425012,514.0,0
1.5117549195892923,514.0,0
1.5118641504360832,514.0,0
1.5119733812828744,514.0,0
1.5120826121296655,514.0,0
1.5121918429764567,514.0,0
1.5123010738232479,514.0,0
1.512410304670039,514.0,0
1.5125195355168302,514.0,0
1.512628766363621,513.0,0
1.5127379972104122,514.0,0
1.5128472280572036,514.0,0
1.5129564589039948,513.0,0
1.5130656897507857,513.0,0
1.5131749205975769,514.0,0
1.513284151444368,513.0,0
1.5133933822911592,513.0,0
1.5135026131379503,513.0,0
1.5136118439847415,513.0,0
1.5137210748315326,513.0,0
1.5138303056783238,513.0,0
1.5139395365251147,513.0,0
1.5140487673719059,513.0,0
1.5141579982186972,512.0,0
1.5142672290654884,513.0,0
1.5143764599122793,513.0,0
1.5144856907590705,512.0,0
1.5145949216058616,512.0,0
1.5147041524526528,513.0,0
1.514813383299444,512.0,0
1.514922614146235,512.0,0
1.5150318449930262,512.0,0
1.5151410758398172,513.0,0
1.5152503066866083,512.0,0
1.5153595375333997,512.0,0
1.5154687683801908,512.0,0
1.5155779992269818,513.0,0
1.515687230073773,512.0,0
1.515796460920564,512.0,0
1.5159056917673552,513.0,0
1.5160149226141464,513.0,0
1.5161241534609375,512.0,0
1.5162333843077287,513.0,0
1.5163426151545198,513.0,0
1.5164518460013108,513.0,0
1.516561076848102,513.0,0
1.5166703076948933,513.0,0
1.5167795385416845,513.0,0
1.5168887693884754,513.0,0
1.5169980002352665,513.0,0
1.5171072310820577,513.0,0
1.5172164619288488,513.0,0
1.51732569277564,513.0,0
1.5174349236224312,514.0,0
1.5175441544692223,513.0,0
1.5176533853160135,513.0,0
1.5177626161628044,514.0,0
1.5178718470095958,514.0,0
1.517981077856387,513.0,0
1.5180903087031778,513.0,0
1.518199539549969,514.0,0
1.5183087703967602,514.0,0
1.5184180012435513,513.0,0
1.5185272320903425,514.0,0
1.5186364629371336,514.0,0
1.5187456937839248,513.0,0
1.518854924630716,513.0,0
1.5189641554775068,514.0,0
1.519073386324298,513.0,0
1.5191826171710894,513.0,0
1.5192918480178805,513.0,0
1.5194010788646715,513.0,0
1.5195103097114626,513.0,0
1.5196195405582538,513.0,0
1.519728771405045,513.0,0
1.519838002251836,513.0,0
1.5199472330986272,513.0,0
1.5200564639454184,513.0,0
1.5201656947922095,513.0,0
1.5202749256390005,513.0,0
1.5203841564857918,513.0,0
1.520493387332583,513.0,0
1.5206026181793741,513.0,0
1.520711849026165,512.0,0
1.5208210798729562,513.0,0
1.5209303107197474,513.0,0
1.5210395415665385,513.0,0
1.5211487724133297,512.0,0
1.5212580032601208,513.0,0
1.521367234106912,513.0,0
1.521476464953703,512.0,0
1.521585695800494,513.0,0
1.5216949266472855,514.0,0
1.5218041574940766,513.0,0
1.5219133883408675,513.0,0
1.5220226191876587,514.0,0
1.5221318500344498,514.0,0
1.522241080881241,513.0,0
1.5223503117280321,514.0,0
1.5224595425748233,514.0,0
1.5225687734216145,513.0,0
1.5226780042684056,513.0,0
1.5227872351151965,514.0,0
1.522896465961988,514.0,0
1.523005696808779,513.0,0
1.5231149276555702,513.0,0
1.5232241585023611,514.0,0
1.5233333893491523,513.0,0
1.5234426201959435,513.0,0
1.5235518510427346,514.0,0
1.5236610818895258,513.0,0
1.523770312736317,513.0,0
1.523879543583108,513.0,0
1.523988774429899,513.0,0
1.5240980052766901,513.0,0
1.5242072361234815,513.0,0
1.5243164669702727,513.0,0
1.5244256978170636,513.0,0
1.5245349286638548,513.0,0
1.524644159510646,513.0,0
1.524753390357437,513.0,0
1.5248626212042282,513.0,0
1.5249718520510194,513.0,0
1.5250810828978105,513.0,0
1.5251903137446017,513.0,0
1.5252995445913926,513.0,0
1.525408775438184,513.0,0
1.5255180062849751,513.0,0
1.5256272371317663,513.0,0
1.5257364679785572,513.0,0
1.5258456988253484,513.0,0
1.5259549296721395,513.0,0
1.5260641605189307,513.0,0
1.5261733913657218,513.0,0
1.526282622212513,514.0,0
1.5263918530593041,513.0,0
1.526501083906095,513.0,0
1.5266103147528862,514.0,0
1.5267195455996776,514.0,0
1.5268287764464687,513.0,0
1.5269380072932597,514.0,0
1.5270472381400508,515.0,0
1.527156468986842,514.0,0
1.5272656998336331,513.0,0
1.5273749306804243,515.0,0
1.5274841615272154,514.0,0
1.5275933923740066,514.0,0
1.5277026232207978,514.0,0
1.5278118540675887,514.0,0
1.52792108491438,513.0,0
1.5280303157611712,513.0,0
1.5281395466079624,514.0,0
1.5282487774547533,514.0,0
1.5283580083015444,513.0,0
1.5284672391483356,513.0,0
1.5285764699951268,513.0,0
1.528685700841918,513.0,0
1.528794931688709,513.0,0
1.5289041625355002,513.0,0
1.5290133933822914,513.0,0
1.5291226242290823,512.0,0
1.5292318550758737,512.0,0
1.5293410859226648,512.0,0
1.5294503167694558,512.0,0
1.529559547616247,512.0,0
1.529668778463038,512.0,0
1.5297780093098292,512.0,0
1.5298872401566204,511.0,0
1.5299964710034115,511.0,0
1.5301057018502027,511.0,0
1.5302149326969938,511.0,0
1.5303241635437848,510.0,0
1.5304333943905761,511.0,0
1.5305426252373673,510.0,0
1.5306518560841584,510.0,0
1.5307610869309494,510.0,0
1.5308703177777405,510.0,0
1.5309795486245317,510.0,0
1.5310887794713228,509.0,0
1.531198010318114,510.0,0
1.5313072411649051,510.0,0
1.5314164720116963,508.0,0
1.5315257028584874,509.0,0
1.5316349337052784,510.0,0
1.5317441645520697,509.0,0
1.531853395398861,508.0,0
1.5319626262456518,510.0,0
1.532071857092443,510.0,0
1.5321810879392341,509.0,0
1.5322903187860253,509.0,0
1.5323995496328164,510.0,0
1.5325087804796076,510.0,0
1.5326180113263987,510.0,0
1.53272724217319,510.0,0
1.5328364730199808,510.0,0
1.5329457038667722,510.0,0
1.5330549347135634,510.0,0
1.5331641655603545,511.0,0
1.5332733964071454,511.0,0
1.5333826272539366,510.0,0
1.5334918581007277,511.0,0
1.533601088947519,511.0,0
1.53371031979431,511.0,0
1.5338195506411012,511.0,0
1.5339287814878924,512.0,0
1.5340380123346835,512.0,0
1.5341472431814744,512.0,0
1.5342564740282658,512.0,0
1.534365704875057,513.0,0
1.5344749357218481,512.0,0
1.534584166568639,512.0,0
1.5346933974154302,513.0,0
1.5348026282622214,513.0,0
1.5349118591090125,513.0,0
1.5350210899558037,513.0,0
1.5351303208025948,514.0,0
1.535239551649386,513.0,0
1.535348782496177,513.0,0
1.5354580133429683,515.0,0
1.5355672441897594,514.0,0
1.5356764750365506,514.0,0
1.5357857058833415,515.0,0
1.5358949367301327,515.0,0
1.5360041675769238,515.0,0
1.536113398423715,515.0,0
1.5362226292705061,515.0,0
1.5363318601172973,515.0,0
1.5364410909640884,515.0,0
1.5365503218108796,516.0,0
1.5366595526576705,516.0,0
1.5367687835044619,515.0,0
1.536878014351253,516.0,0
1.5369872451980442,516.0,0
1.5370964760448351,516.0,0
1.5372057068916263,516.0,0
1.5373149377384174,516.0,0
1.5374241685852086,516.0,0
1.5375333994319997,516.0,0
1.537642630278791,516.0,0
1.537751861125582,517.0,0
1.537861091972373,517.0,0
1.5379703228191643,516.0,0
1.5380795536659555,518.0,0
1.5381887845127467,518.0,0
1.5382980153595376,518.0,0
1.5384072462063287,518.0,0
1.53851647705312,518.0,0
1.538625707899911,518.0,0
1.5387349387467022,518.0,0
1.5388441695934933,518.0,0
1.5389534004402845,518.0,0
1.5390626312870757,518.0,0
1.5391718621338666,518.0,0
1.539281092980658,518.0,0
1.5393903238274491,518.0,0
1.5394995546742403,518.0,0
1.5396087855210312,518.0,0
1.5397180163678224,518.0,0
1.5398272472146135,517.0,0
1.5399364780614047,517.0,0
1.5400457089081958,518.0,0
1.540154939754987,516.0,0
1.5402641706017781,516.0,0
1.5403734014485693,516.0,0
1.5404826322953604,516.0,0
1.5405918631421516,515.0,0
1.5407010939889427,516.0,0
1.5408103248357337,515.0,0
1.5409195556825248,515.0,0
1.541028786529316,515.0,0
1.5411380173761071,515.0,0
1.5412472482228983,515.0,0
1.5413564790696894,515.0,0
1.5414657099164806,515.0,0
1.5415749407632717,515.0,0
1.5416841716100627,515.0,0
1.541793402456854,515.0,0
1.5419026333036452,515.0,0
1.5420118641504363,515.0,0
1.5421210949972273,515.0,0
1.5422303258440184,515.0,0
1.5423395566908096,515.0,0
1.5424487875376007,515.0,0
1.5425580183843919,515.0,0
1.542667249231183,515.0,0
1.5427764800779742,515.0,0
1.5428857109247653,515.0,0
1.5429949417715565,515.0,0
1.5431041726183476,515.0,0
1.5432134034651388,515.0,0
1.5433226343119297,514.0,0
1.5434318651587209,515.0,0
1.543541096005512,515.0,0
1.5436503268523032,513.0,0
1.5437595576990943,514.0,0
1.5438687885458855,514.0,0
1.5439780193926766,513.0,0
1.5440872502394678,513.0,0
1.5441964810862587,513.0,0
1.54430571193305,513.0,0
1.5444149427798413,512.0,0
1.5445241736266324,512.0,0
1.5446334044734233,512.0,0
1.5447426353202145,511.0,0
1.5448518661670056,511.0,0
1.5449610970137968,511.0,0
1.545070327860588,511.0,0
1.545179558707379,510.0,0
1.5452887895541703,510.0,0
1.5453980204009614,510.0,0
1.5455072512477526,510.0,0
1.5456164820945437,509.0,0
1.5457257129413349,510.0,0
1.545834943788126,509.0,0
1.545944174634917,508.0,0
1.546053405481708,508.0,0
1.5461626363284993,508.0,0
1.5462718671752904,508.0,0
1.5463810980220816,508.0,0
1.5464903288688727,508.0,0
1.5465995597156639,508.0,0
1.5467087905624548,508.0,0
1.5468180214092462,508.0,0
1.5469272522560373,508.0,0
1.5470364831028285,508.0,0
1.5471457139496194,508.0,0
1.5472549447964106,508.0,0
1.5473641756432017,508.0,0
1.5474734064899929,508.0,0
1.547582637336784,508.0,0
1.5476918681835752,508.0,0
1.5478010990303663,508.0,0
1.5479103298771575,508.0,0
1.5480195607239486,508.0,0
1.5481287915707398,508.0,0
1.548238022417531,508.0,0
1.548347253264322,508.0,0
1.548456484111113,508.0,0
1.5485657149579042,508.0,0
1.5486749458046953,508.0,0
1.5487841766514867,508.0,0
1.5488934074982776,508.0,0
1.5490026383450688,508.0,0
1.54911186919186,508.0,0
1.5492211000386509,509.0,0
1.5493303308854423,508.0,0
1.5494395617322334,508.0,0
1.5495487925790246,508.0,0
1.5496580234258155,508.0,0
1.5497672542726066,508.0,0
1.5498764851193978,508.0,0
1.549985715966189,508.0,0
1.55009494681298,508.0,0
1.5502041776597713,508.0,0
1.5503134085065624,508.0,0
1.5504226393533536,508.0,0
1.5505318702001447,508.0,0
1.5506411010469359,508.0,0
1.550750331893727,508.0,0
1.5508595627405182,508.0,0
1.550968793587309,507.0,0
1.5510780244341003,508.0,0
1.5511872552808914,508.0,0
1.5512964861276828,507.0,0
1.5514057169744737,507.0,0
1.5515149478212649,508.0,0
1.551624178668056,507.0,0
1.5517334095148472,507.0,0
1.5518426403616383,508.0,0
1.5519518712084295,507.0,0
1.5520611020552206,507.0,0
1.5521703329020116,507.0,0
1.5522795637488027,508.0,0
1.5523887945955939,507.0,0
1.552498025442385,507.0,0
1.5526072562891762,507.0,0
1.5527164871359673,508.0,0
1.5528257179827585,507.0,0
1.5529349488295496,507.0,0
1.5530441796763408,508.0,0
1.553153410523132,508.0,0
1.553262641369923,507.0,0
1.5533718722167142,508.0,0
1.5534811030635052,508.0,0
1.5535903339102963,507.0,0
1.5536995647570875,507.0,0
1.5538087956038789,508.0,0
1.5539180264506698,508.0,0
1.554027257297461,507.0,0
1.554136488144252,508.0,0
1.5542457189910432,508.0,0
1.5543549498378344,507.0,0
1.5544641806846256,507.0,0
1.5545734115314167,508.0,0
1.5546826423782076,508.0,0
1.5547918732249988,507.0,0
1.55490110407179,508.0,0
1.555010334918581,508.0,0
1.5551195657653722,507.0,0
1.5552287966121634,507.0,0
1.5553380274589546,508.0,0
1.5554472583057457,507.0,0
1.5555564891525369,507.0,0
1.555665719999328,507.0,0
1.5557749508461192,507.0,0
1.5558841816929103,506.0,0
1.5559934125397012,506.0,0
1.5561026433864924,507.0,0
1.5562118742332836,507.0,0
1.556321105080075,505.0,0
1.5564303359268659,506.0,0
1.556539566773657,506.0,0
1.5566487976204482,505.0,0
1.5567580284672393,505.0,0
1.5568672593140305,507.0,0
1.5569764901608216,506.0,0
1.5570857210076128,505.0,0
1.557194951854404,506.0,0
1.5573041827011949,507.0,0
1.557413413547986,506.0,0
1.5575226443947772,506.0,0
1.5576318752415683,507.0,0
1.5577411060883595,507.0,0
1.5578503369351506,506.0,0
1.5579595677819418,507.0,0
1.558068798628733,507.0,0
1.558178029475524,507.0,0
1.5582872603223152,507.0,0
1.5583964911691064,507.0,0
1.5585057220158973,507.0,0
1.5586149528626885,507.0,0
1.5587241837094796,508.0,0
1.558833414556271,508.0,0
1.558942645403062,508.0,0
1.559051876249853,508.0,0
1.5591611070966442,508.0,0
1.5592703379434354,508.0,0
1.5593795687902265,508.0,0
1.5594887996370177,508.0,0
1.5595980304838089,509.0,0
1.5597072613306,509.0,0
1.559816492177391,509.0,0
1.559925723024182,510.0,0
1.5600349538709732,510.0,0
1.5601441847177646,510.0,0
1.5602534155645555,510.0,0
1.5603626464113467,511.0,0
1.5604718772581379,510.0,0
1.560581108104929,510.0,0
1.5606903389517202,511.0,0
1.5607995697985113,511.0,0
1.5609088006453025,511.0,0
1.5610180314920934,511.0,0
1.5611272623388845,511.0,0
1.5612364931856757,511.0,0
1.561345724032467,510.0,0
1.561454954879258,511.0,0
1.5615641857260492,511.0,0
1.5616734165728403,511.0,0
1.5617826474196315,510.0,0
1.5618918782664226,511.0,0
1.5620011091132138,511.0,0
1.562110339960005,510.0,0
1.562219570806796,510.0,0
1.562328801653587,511.0,0
1.5624380325003782,510.0,0
1.5625472633471693,510.0,0
1.5626564941939607,510.0,0
1.5627657250407516,510.0,0
1.5628749558875428,510.0,0
1.562984186734334,510.0,0
1.563093417581125,510.0,0
1.5632026484279162,510.0,0
1.5633118792747074,510.0,0
1.5634211101214985,511.0,0
1.5635303409682895,510.0,0
1.5636395718150806,510.0,0
1.5637488026618718,511.0,0
1.5638580335086631,511.0,0
1.563967264355454,511.0,0
1.5640764952022452,511.0,0
1.5641857260490364,512.0,0
1.5642949568958275,512.0,0
1.5644041877426187,512.0,0
1.5645134185894098,512.0,0
1.564622649436201,512.0,0
1.5647318802829921,512.0,0
1.564841111129783,512.0,0
1.5649503419765742,513.0,0
1.5650595728233654,512.0,0
1.5651688036701568,512.0,0
1.5652780345169477,512.0,0
1.5653872653637388,513.0,0
1.56549649621053,513.0,0
1.5656057270573212,513.0,0
1.5657149579041123,513.0,0
1.5658241887509035,513.0,0
1.5659334195976946,512.0,0
1.5660426504444855,513.0,0
1.5661518812912767,513.0,0
1.5662611121380678,512.0,0
1.5663703429848592,512.0,0
1.5664795738316502,512.0,0
1.5665888046784413,512.0,0
1.5666980355252325,512.0,0
1.5668072663720236,512.0,0
1.5669164972188148,512.0,0
1.567025728065606,511.0,0
1.567134958912397,511.0,0
1.5672441897591882,511.0,0
1.5673534206059792,511.0,0
1.5674626514527703,510.0,0
1.5675718822995615,511.0,0
1.5676811131463528,511.0,0
1.5677903439931438,510.0,0
1.567899574839935,510.0,0
1.568008805686726,510.0,0
1.5681180365335172,510.0,0
1.5682272673803084,510.0,0
1.5683364982270995,510.0,0
1.5684457290738907,510.0,0
1.5685549599206818,509.0,0
1.5686641907674728,510.0,0
1.568773421614264,510.0,0
1.5688826524610553,509.0,0
1.5689918833078462,509.0,0
1.5691011141546374,510.0,0
1.5692103450014285,509.0,0
1.5693195758482197,509.0,0
1.5694288066950108,509.0,0
1.569538037541802,510.0,0
1.5696472683885931,509.0,0
1.5697564992353843,509.0,0
1.5698657300821752,509.0,0
1.5699749609289664,510.0,0
1.5700841917757575,509.0,0
1.570193422622549,510.0,0
1.5703026534693398,510.0,0
1.570411884316131,510.0,0
1.5705211151629221,510.0,0
1.5706303460097133,511.0,0
1.5707395768565044,511.0,0
1.5708488077032956,510.0,0
1.5709580385500868,510.0,0
1.571067269396878,512.0,0
1.5711765002436688,511.0,0
1.57128573109046,511.0,0
1.5713949619372514,512.0,0
1.5715041927840425,512.0,0
1.5716134236308335,512.0,0
1.5717226544776246,512.0,0
1.5718318853244158,512.0,0
1.571941116171207,512.0,0
1.572050347017998,512.0,0
1.5721595778647892,513.0,0
1.5722688087115804,513.0,0
1.5723780395583713,512.0,0
1.5724872704051625,512.0,0
1.5725965012519536,513.0,0
1.572705732098745,513.0,0
1.572814962945536,513.0,0
1.572924193792327,513.0,0
1.5730334246391182,513.0,0
1.5731426554859094,513.0,0
1.5732518863327005,513.0,0
1.5733611171794917,513.0,0
1.5734703480262828,513.0,0
1.573579578873074,513.0,0
1.573688809719865,513.0,0
1.573798040566656,513.0,0
1.5739072714134474,513.0,0
1.5740165022602386,513.0,0
1.5741257331070295,514.0,0
1.5742349639538207,514.0,0
1.5743441948006118,514.0,0
1.574453425647403,513.0,0
1.5745626564941941,515.0,0
1.5746718873409853,514.0,0
1.5747811181877764,514.0,0
1.5748903490345674,514.0,0
1.5749995798813585,515.0,0
1.5751088107281497,514.0,0
1.575218041574941,514.0,0
1.575327272421732,515.0,0
1.5754365032685231,514.0,0
1.5755457341153143,514.0,0
1.5756549649621054,515.0,0
1.5757641958088966,515.0,0
1.5758734266556877,515.0,0
1.575982657502479,514.0,0
1.57609188834927,515.0,0
1.576201119196061,515.0,0
1.5763103500428521,514.0,0
1.5764195808896435,514.0,0
1.5765288117364347,515.0,0
1.5766380425832256,514.0,0
1.5767472734300167,514.0,0
1.576856504276808,514.0,0
1.576965735123599,514.0,0
1.5770749659703902,513.0,0
1.5771841968171814,514.0,0
1.5772934276639725,514.0,0
1.5774026585107634,513.0,0
1.5775118893575546,513.0,0
1.5776211202043458,514.0,0
1.5777303510511371,513.0,0
1.577839581897928,513.0,0
1.5779488127447192,513.0,0
1.5780580435915104,514.0,0
1.5781672744383015,513.0,0
1.5782765052850927,513.0,0
1.5783857361318838,513.0,0
1.578494966978675,513.0,0
1.5786041978254661,513.0,0
1.578713428672257,513.0,0
1.5788226595190482,513.0,0
1.5789318903658396,513.0,0
1.5790411212126307,513.0,0
1.5791503520594217,513.0,0
1.5792595829062128,513.0,0
1.579368813753004,513.0,0
1.5794780445997951,513.0,0
1.5795872754465863,513.0,0
1.5796965062933774,513.0,0
1.5798057371401686,513.0,0
1.5799149679869597,513.0,0
1.5800241988337507,513.0,0
1.5801334296805418,513.0,0
1.5802426605273332,513.0,0
1.5803518913741241,514.0,0
1.5804611222209153,513.0,0
1.5805703530677064,513.0,0
1.5806795839144976,514.0,0
1.5807888147612887,514.0,0
1.58089804560808,514.0,0
1.581007276454871,514.0,0
1.5811165073016622,515.0,0
1.5812257381484531,515.0,0
1.5813349689952443,515.0,0
1.5814441998420357,515.0,0
1.5815534306888268,515.0,0
1.5816626615356177,515.0,0
1.581771892382409,515.0,0
1.5818811232292,515.0,0
1.5819903540759912,515.0,0
1.5820995849227824,515.0,0
1.5822088157695735,515.0,0
1.5823180466163647,515.0,0
1.5824272774631558,515.0,0
1.5825365083099467,515.0,0
1.582645739156738,515.0,0
1.5827549700035293,515.0,0
1.5828642008503204,515.0,0
1.5829734316971114,515.0,0
1.5830826625439025,515.0,0
1.5831918933906937,515.0,0
1.5833011242374848,515.0,0
1.583410355084276,515.0,0
1.5835195859310671,515.0,0
1.5836288167778583,515.0,0
1.5837380476246492,515.0,0
1.5838472784714404,515.0,0
1.5839565093182317,515.0,0
1.5840657401650229,514.0,0
1.5841749710118138,515.0,0
1.584284201858605,515.0,0
1.5843934327053961,514.0,0
1.5845026635521873,515.0,0
1.5846118943989784,515.0,0
1.5847211252457696,514.0,0
1.5848303560925607,514.0,0
1.5849395869393519,514.0,0
1.5850488177861428,513.0,0
1.585158048632934,513.0,0
1.5852672794797253,514.0,0
1.5853765103265165,514.0,0
1.5854857411733074,513.0,0
1.5855949720200986,513.0,0
1.5857042028668897,514.0,0
1.5858134337136809,513.0,0
1.585922664560472,513.0,0
1.5860318954072632,513.0,0
1.5861411262540543,513.0,0
1.5862503571008453,513.0,0
1.5863595879476364,513.0,0
1.5864688187944278,513.0,0
1.586578049641219,513.0,0
1.5866872804880099,513.0,0
1.586796511334801,513.0,0
1.5869057421815922,513.0,0
1.5870149730283833,513.0,0
1.5871242038751745,513.0,0
1.5872334347219657,513.0,0
1.5873426655687568,513.0,0
1.587451896415548,513.0,0
1.587561127262339,513.0,0
1.58767035810913,513.0,0
1.5877795889559214,512.0,0
1.5878888198027126,513.0,0
1.5879980506495035,513.0,0
1.5881072814962947,513.0,0
1.5882165123430858,512.0,0
1.588325743189877,513.0,0
1.5884349740366681,513.0,0
1.5885442048834593,512.0,0
1.5886534357302504,513.0,0
1.5887626665770413,513.0,0
1.5888718974238325,513.0,0
1.5889811282706239,513.0,0
1.589090359117415,513.0,0
1.589199589964206,513.0,0
1.5893088208109971,513.0,0
1.5894180516577883,513.0,0
1.5895272825045794,513.0,0
1.5896365133513706,513.0,0
1.5897457441981617,513.0,0
1.5898549750449529,513.0,0
1.589964205891744,513.0,0
1.590073436738535,512.0,0
1.5901826675853261,512.0,0
1.5902918984321175,513.0,0
1.5904011292789086,512.0,0
1.5905103601256996,512.0,0
1.5906195909724907,512.0,0
1.5907288218192819,512.0,0
1.590838052666073,511.0,0
1.5909472835128642,511.0,0
1.5910565143596553,511.0,0
1.5911657452064465,511.0,0
1.5912749760532376,510.0,0
1.5913842069000286,510.0,0
1.59149343774682,510.0,0
1.591602668593611,509.0,0
1.591711899440402,509.0,0
1.5918211302871932,510.0,0
1.5919303611339843,509.0,0
1.5920395919807755,508.0,0
1.5921488228275666,508.0,0
1.5922580536743578,508.0,0
1.592367284521149,508.0,0
1.59247651536794,508.0,0
1.592585746214731,508.0,0
1.5926949770615222,508.0,0
1.5928042079083136,507.0,0
1.5929134387551047,508.0,0
1.5930226696018956,507.0,0
1.5931319004486868,507.0,0
1.593241131295478,507.0,0
1.593350362142269,508.0,0
1.5934595929890603,507.0,0
1.5935688238358514,507.0,0
1.5936780546826426,507.0,0
1.5937872855294337,507.0,0
1.5938965163762246,507.0,0
1.594005747223016,507.0,0
1.5941149780698072,507.0,0
1.5942242089165983,507.0,0
1.5943334397633893,507.0,0
1.5944426706101804,507.0,0
1.5945519014569716,507.0,0
1.5946611323037627,507.0,0
1.5947703631505539,507.0,0
1.594879593997345,507.0,0
1.5949888248441362,507.0,0
1.595098055690927,507.0,0
1.5952072865377183,507.0,0
1.5953165173845096,507.0,0
1.5954257482313008,507.0,0
1.5955349790780917,507.0,0
1.5956442099248829,508.0,0
1.595753440771674,508.0,0
1.5958626716184652,507.0,0
1.5959719024652563,508.0,0
1.5960811333120475,508.0,0
1.5961903641588386,507.0,0
1.5962995950056298,507.0,0
1.5964088258524207,508.0,0
1.596518056699212,507.0,0
1.5966272875460032,507.0,0
1.5967365183927944,507.0,0
1.5968457492395853,508.0,0
1.5969549800863765,507.0,0
1.5970642109331676,507.0,0
1.5971734417799588,508.0,0
1.59728267262675,507.0,0
1.597391903473541,507.0,0
1.5975011343203323,508.0,0
1.5976103651671232,507.0,0
1.5977195960139143,507.0,0
1.5978288268607057,507.0,0
1.5979380577074969,508.0,0
1.5980472885542878,507.0,0
1.598156519401079,507.0,0
1.59826575024787,508.0,0
1.5983749810946613,508.0,0
1.5984842119414524,507.0,0
1.5985934427882436,507.0,0
1.5987026736350347,508.0,0
1.5988119044818259,507.0,0
1.5989211353286168,507.0,0
1.5990303661754082,507.0,0
1.5991395970221993,507.0,0
1.5992488278689905,507.0,0
1.5993580587157814,507.0,0
1.5994672895625726,507.0,0
1.5995765204093637,507.0,0
1.599685751256155,507.0,0
1.599794982102946,507.0,0
1.5999042129497372,507.0,0
1.6000134437965283,507.0,0
1.6001226746433193,507.0,0
1.6002319054901104,507.0,0
1.6003411363369018,507.0,0
1.600450367183693,506.0,0
1.6005595980304839,507.0,0
1.600668828877275,506.0,0
1.6007780597240662,506.0,0
1.6008872905708573,506.0,0
1.6009965214176485,506.0,0
1.6011057522644396,505.0,0
1.6012149831112308,505.0,0
1.601324213958022,505.0,0
1.6014334448048129,505.0,0
1.6015426756516042,505.0,0
1.6016519064983954,505.0,0
1.6017611373451865,505.0,0
1.6018703681919775,505.0,0
1.6019795990387686,505.0,0
1.6020888298855598,505.0,0
1.6021980607323512,505.0,0
1.602307291579142,505.0,0
1.6024165224259332,505.0,0
1.6025257532727244,505.0,0
1.6026349841195155,505.0,0
1.6027442149663065,505.0,0
1.6028534458130979,505.0,0
1.602962676659889,505.0,0
1.60307190750668,505.0,0
1.603181138353471,505.0,0
1.6032903692002622,505.0,0
1.6033996000470534,505.0,0
1.6035088308938446,505.0,0
1.6036180617406357,505.0,0
1.6037272925874269,505.0,0
1.603836523434218,505.0,0
1.603945754281009,505.0,0
1.6040549851278003,505.0,0
1.6041642159745915,505.0,0
1.6042734468213826,506.0,0
1.6043826776681736,505.0,0
1.6044919085149647,506.0,0
1.6046011393617559,506.0,0
1.6047103702085472,506.0,0
1.6048196010553382,506.0,0
1.6049288319021293,507.0,0
1.6050380627489205,507.0,0
1.6051472935957116,507.0,0
1.6052565244425026,507.0,0
1.605365755289294,507.0,0
1.605474986136085,507.0,0
1.605584216982876,507.0,0
1.6056934478296672,507.0,0
1.6058026786764583,508.0,0
1.6059119095232495,507.0,0
1.6060211403700406,507.0,0
1.6061303712168318,507.0,0
1.606239602063623,507.0,0
1.606348832910414,507.0,0
1.606458063757205,508.0,0
1.6065672946039964,507.0,0
1.6066765254507875,507.0,0
1.6067857562975787,507.0,0
1.6068949871443696,507.0,0
1.6070042179911608,507.0,0
1.607113448837952,507.0,0
1.6072226796847433,507.0,0
1.6073319105315342,507.0,0
1.6074411413783254,507.0,0
1.6075503722251165,507.0,0
1.6076596030719077,507.0,0
1.6077688339186986,507.0,0
1.60787806476549,507.0,0
1.6079872956122812,507.0,0
1.6080965264590723,507.0,0
1.6082057573058632,507.0,0
1.6083149881526544,507.0,0
1.6084242189994455,507.0,0
1.6085334498462367,507.0,0
1.6086426806930278,507.0,0
1.608751911539819,507.0,0
1.6088611423866102,507.0,0
1.608970373233401,506.0,0
1.6090796040801925,506.0,0
1.6091888349269836,506.0,0
1.6092980657737748,506.0,0
1.6094072966205657,505.0,0
1.6095165274673569,506.0,0
1.609625758314148,506.0,0
1.6097349891609394,505.0,0
1.6098442200077303,505.0,0
1.6099534508545215,506.0,0
1.6100626817013126,505.0,0
1.6101719125481038,505.0,0
1.6102811433948947,506.0,0
1.610390374241686,506.0,0
1.6104996050884772,505.0,0
1.6106088359352684,506.0,0
1.6107180667820593,506.0,0
1.6108272976288505,506.0,0
1.6109365284756416,505.0,0
1.611045759322433,506.0,0
1.611154990169224,506.0,0
1.611264221016015,505.0,0
1.6113734518628062,505.0,0
1.6114826827095972,506.0,0
1.6115919135563885,505.0,0
1.6117011444031797,505.0,0
1.6118103752499708,505.0,0
1.6119196060967618,505.0,0
1.612028836943553,505.0,0
1.612138067790344,505.0,0
1.6122472986371355,505.0,0
1.6123565294839264,504.0,0
1.6124657603307175,504.0,0
1.6125749911775087,504.0,0
1.6126842220242998,504.0,0
1.6127934528710908,504.0,0
1.6129026837178821,504.0,0
1.6130119145646733,504.0,0
1.6131211454114645,504.0,0
1.6132303762582554,504.0,0
1.6133396071050465,504.0,0
1.6134488379518377,504.0,0
1.613558068798629,504.0,0
1.61366729964542,504.0,0
1.6137765304922111,504.0,0
1.6138857613390023,504.0,0
1.6139949921857935,504.0,0
1.6141042230325846,505.0,0
1.6142134538793758,505.0,0
1.614322684726167,505.0,0
1.6144319155729578,505.0,0
1.614541146419749,505.0,0
1.6146503772665401,505.0,0
1.6147596081133315,505.0,0
1.6148688389601225,505.0,0
1.6149780698069136,505.0,0
1.6150873006537048,505.0,0
1.615196531500496,505.0,0
1.6153057623472868,505.0,0
1.6154149931940782,505.0,0
1.6155242240408694,505.0,0
1.6156334548876605,506.0,0
1.6157426857344515,505.0,0
1.6158519165812426,505.0,0
1.6159611474280338,505.0,0
1.6160703782748251,506.0,0
1.616179609121616,505.0,0
1.6162888399684072,505.0,0
1.6163980708151984,506.0,0
1.6165073016619895,505.0,0
1.6166165325087807,505.0,0
1.6167257633555718,506.0,0
1.616834994202363,506.0,0
1.616944225049154,505.0,0
1.617053455895945,505.0,0
1.6171626867427362,507.0,0
1.6172719175895276,506.0,0
1.6173811484363185,506.0,0
1.6174903792831097,506.0,0
1.6175996101299008,507.0,0
1.617708840976692,506.0,0
1.617818071823483,506.0,0
1.6179273026702743,507.0,0
1.6180365335170654,507.0,0
1.6181457643638566,506.0,0
1.6182549952106475,507.0,0
1.6183642260574387,507.0,0
1.6184734569042298,506.0,0
1.6185826877510212,506.0,0
1.6186919185978121,507.0,0
1.6188011494446033,507.0,0
1.6189103802913944,506.0,0
1.6190196111381856,506.0,0
1.6191288419849768,507.0,0
1.619238072831768,505.0,0
1.619347303678559,505.0,0
1.6194565345253502,506.0,0
1.6195657653721411,505.0,0
1.6196749962189323,505.0,0
1.6197842270657237,505.0,0
1.6198934579125146,505.0,0
1.6200026887593058,505.0,0
1.620111919606097,504.0,0
1.620221150452888,505.0,0
1.620330381299679,504.0,0
1.6204396121464704,504.0,0
1.6205488429932615,504.0,0
1.6206580738400527,505.0,0
1.6207673046868436,504.0,0
1.6208765355336348,504.0,0
1.620985766380426,504.0,0
1.6210949972272173,504.0,0
1.6212042280740082,504.0,0
1.6213134589207994,504.0,0
1.6214226897675905,504.0,0
1.6215319206143817,504.0,0
1.6216411514611728,504.0,0
1.621750382307964,504.0,0
1.6218596131547551,504.0,0
1.6219688440015463,504.0,0
1.6220780748483372,504.0,0
1.6221873056951284,504.0,0
1.6222965365419197,504.0,0
1.622405767388711,504.0,0
1.6225149982355018,504.0,0
1.622624229082293,504.0,0
1.6227334599290841,504.0,0
1.622842690775875,504.0,0
1.6229519216226664,504.0,0
1.6230611524694576,504.0,0
1.6231703833162487,504.0,0
1.6232796141630397,504.0,0
1.6233888450098308,504.0,0
1.623498075856622,504.0,0
1.6236073067034134,504.0,0
1.6237165375502043,505.0,0
1.6238257683969954,504.0,0
1.6239349992437866,504.0,0
1.6240442300905777,505.0,0
1.624153460937369,505.0,0
1.62426269178416,504.0,0
1.6243719226309512,505.0,0
1.6244811534777424,505.0,0
1.6245903843245333,505.0,0
1.6246996151713244,504.0,0
1.6248088460181158,505.0,0
1.624918076864907,505.0,0
1.6250273077116981,505.0,0
1.6251365385584893,505.0,0
1.62524576940528,506.0,0
1.6253550002520711,505.0,0
1.6254642310988625,505.0,0
1.6255734619456537,506.0,0
1.6256826927924448,506.0,0
1.625791923639236,505.0,0
1.6259011544860271,506.0,0
1.626010385332818,507.0,0
1.6261196161796092,507.0,0
1.6262288470264004,506.0,0
1.6263380778731915,507.0,0
1.6264473087199827,507.0,0
1.6265565395667738,507.0,0
1.626665770413565,507.0,0
1.6267750012603561,507.0,0
1.626884232107147,507.0,0
1.6269934629539382,507.0,0
1.6271026938007294,507.0,0
1.6272119246475205,508.0,0
1.6273211554943119,507.0,0
1.627430386341103,507.0,0
1.6275396171878942,507.0,0
1.6276488480346853,507.0,0
1.627758078881476,506.0,0
1.6278673097282672,507.0,0
1.6279765405750586,507.0,0
1.6280857714218497,506.0,0
1.628195002268641,506.0,0
1.628304233115432,507.0,0
1.6284134639622232,506.0,0
1.6285226948090141,505.0,0
1.6286319256558053,506.0,0
1.6287411565025964,506.0,0
1.6288503873493876,505.0,0
1.6289596181961787,505.0,0
1.62906884904297,506.0,0
1.629178079889761,505.0,0
1.6292873107365522,505.0,0
1.6293965415833431,506.0,0
1.6295057724301343,505.0,0
1.6296150032769254,505.0,0
1.6297242341237166,506.0,0
1.629833464970508,505.0,0
1.6299426958172991,505.0,0
1.6300519266640903,506.0,0
1.6301611575108814,506.0,0
1.6302703883576721,505.0,0
1.6303796192044633,505.0,0
1.6304888500512547,506.0,0
1.6305980808980458,506.0,0
1.630707311744837,505.0,0
1.6308165425916281,506.0,0
1.6309257734384193,506.0,0
1.6310350042852104,505.0,0
1.6311442351320014,506.0,0
1.6312534659787925,507.0,0
1.6313626968255837,506.0,0
1.6314719276723748,506.0,0
1.631581158519166,507.0,0
1.6316903893659571,507.0,0
1.6317996202127483,506.0,0
1.6319088510595392,507.0,0
1.6320180819063304,507.0,0
1.6321273127531215,507.0,0
1.6322365435999127,506.0,0
1.632345774446704,507.0,0
1.6324550052934952,507.0,0
1.6325642361402863,506.0,0
1.6326734669870775,506.0,0
1.6327826978338682,507.0,0
1.6328919286806594,506.0,0
1.6330011595274507,506.0,0
1.6331103903742419,506.0,0
1.633219621221033,506.0,0
1.6333288520678242,505.0,0
1.6334380829146153,505.0,0
1.6335473137614065,505.0,0
1.6336565446081974,505.0,0
1.6337657754549886,505.0,0
1.6338750063017797,505.0,0
1.6339842371485709,505.0,0
1.634093467995362,505.0,0
1.6342026988421532,505.0,0
1.6343119296889443,505.0,0
1.6344211605357353,505.0,0
1.6345303913825264,504.0,0
1.6346396222293176,505.0,0
1.6347488530761087,505.0,0
1.6348580839229,504.0,0
1.6349673147696913,504.0,0
1.6350765456164824,505.0,0
1.6351857764632736,504.0,0
1.6352950073100643,504.0,0
1.6354042381568554,505.0,0
1.6355134690036468,505.0,0
1.635622699850438,504.0,0
1.635731930697229,504.0,0
1.6358411615440203,505.0,0
1.6359503923908114,504.0,0
1.6360596232376026,504.0,0
1.6361688540843935,504.0,0
1.6362780849311847,505.0,0
1.6363873157779758,504.0,0
1.636496546624767,504.0,0
1.636605777471558,505.0,0
1.6367150083183493,505.0,0
1.6368242391651404,504.0,0
1.6369334700119313,505.0,0
1.6370427008587225,505.0,0
1.6371519317055137,505.0,0
1.6372611625523048,505.0,0
1.6373703933990962,506.0,0
1.6374796242458873,505.0,0
1.6375888550926785,505.0,0
1.6376980859394696,506.0,0
1.6378073167862603,507.0,0
1.6379165476330515,506.0,0
1.6380257784798429,507.0,0
1.638135009326634,507.0,0
1.6382442401734252,507.0,0
1.6383534710202163,507.0,0
1.6384627018670075,508.0,0
1.6385719327137986,508.0,0
1.6386811635605896,507.0,0
1.6387903944073807,507.0,0
1.6388996252541719,508.0,0
1.639008856100963,508.0,0
1.6391180869477542,508.0,0
1.6392273177945453,508.0,0
1.6393365486413365,508.0,0
1.6394457794881279,508.0,0
1.6395550103349186,508.0,0
1.6396642411817097,508.0,0
1.6397734720285009,508.0,0
1.6398827028752923,508.0,0
1.6399919337220834,508.0,0
1.6401011645688746,508.0,0
1.6402103954156657,508.0,0
1.6403196262624564,508.0,0
1.6404288571092476,508.0,0
1.640538087956039,508.0,0
1.64064731880283,508.0,0
1.6407565496496213,508.0,0
1.6408657804964124,508.0,0
1.6409750113432036,508.0,0
1.6410842421899947,508.0,0
1.6411934730367856,508.0,0
1.6413027038835768,508.0,0
1.641411934730368,508.0,0
1.641521165577159,508.0,0
1.6416303964239503,508.0,0
1.6417396272707414,508.0,0
1.6418488581175326,508.0,0
1.641958088964324,508.0,0
1.6420673198111146,508.0,0
1.6421765506579058,508.0,0
1.642285781504697,508.0,0
1.6423950123514883,508.0,0
1.6425042431982795,508.0,0
1.6426134740450706,508.0,0
1.6427227048918618,508.0,0
1.6428319357386525,508.0,0
1.6429411665854436,508.0,0
1.643050397432235,508.0,0
1.6431596282790262,508.0,0
1.6432688591258173,508.0,0
1.6433780899726085,508.0,0
1.6434873208193996,508.0,0
1.6435965516661908,508.0,0
1.6437057825129817,508.0,0
1.6438150133597729,508.0,0
1.643924244206564,508.0,0
1.6440334750533552,508.0,0
1.6441427059001463,508.0,0
1.6442519367469375,508.0,0
1.6443611675937286,509.0,0
1.64447039844052,508.0,0
1.6445796292873107,508.0,0
1.6446888601341019,509.0,0
1.644798090980893,508.0,0
1.6449073218276844,508.0,0
1.6450165526744756,508.0,0
1.6451257835212667,508.0,0
1.6452350143680579,508.0,0
1.6453442452148486,508.0,0
1.6454534760616397,508.0,0
1.645562706908431,508.0,0
1.6456719377552222,508.0,0
1.6457811686020134,508.0,0
1.6458903994488046,508.0,0
1.6459996302955957,508.0,0
1.6461088611423869,507.0,0
1.6462180919891778,508.0,0
1.646327322835969,508.0,0
1.64643655368276,507.0,0
1.6465457845295512,508.0,0
1.6466550153763424,508.0,0
1.6467642462231336,508.0,0
1.6468734770699247,507.0,0
1.646982707916716,508.0,0
1.6470919387635068,508.0,0
1.647201169610298,508.0,0
1.647310400457089,508.0,0
1.6474196313038805,508.0,0
1.6475288621506716,508.0,0
1.6476380929974628,508.0,0
1.647747323844254,508.0,0
1.647856554691045,508.0,0
1.6479657855378358,508.0,0
1.6480750163846272,508.0,0
1.6481842472314183,509.0,0
1.6482934780782095,508.0,0
1.6484027089250006,508.0,0
1.6485119397717918,509.0,0
1.648621170618583,509.0,0
1.6487304014653739,508.0,0
1.648839632312165,508.0,0
1.6489488631589562,510.0,0
1.6490580940057473,508.0,0
1.6491673248525385,508.0,0
1.6492765556993296,509.0,0
1.6493857865461208,509.0,0
1.6494950173929122,508.0,0
1.6496042482397029,509.0,0
1.649713479086494,509.0,0
1.6498227099332852,509.0,0
1.6499319407800765,508.0,0
1.6500411716268677,509.0,0
1.6501504024736589,508.0,0
1.65025963332045,508.0,0
1.6503688641672412,508.0,0
1.6504780950140319,509.0,0
1.6505873258608232,508.0,0
1.6506965567076144,508.0,0
1.6508057875544055,508.0,0
1.6509150184011967,508.0,0
1.6510242492479879,508.0,0
1.651133480094779,508.0,0
1.65124271094157,508.0,0
1.651351941788361,508.0,0
1.6514611726351522,508.0,0
1.6515704034819434,508.0,0
1.6516796343287345,508.0,0
1.6517888651755257,507.0,0
1.6518980960223169,508.0,0
1.6520073268691082,508.0,0
1.652116557715899,507.0,0
1.65222578856269,507.0,0
1.6523350194094812,508.0,0
1.6524442502562726,508.0,0
1.6525534811030638,507.0,0
1.652662711949855,507.0,0
1.652771942796646,508.0,0
1.6528811736434372,507.0,0
1.652990404490228,506.0,0
1.6530996353370193,507.0,0
1.6532088661838105,507.0,0
1.6533180970306016,506.0,0
1.6534273278773928,506.0,0
1.653536558724184,507.0,0
1.653645789570975,506.0,0
1.653755020417766,506.0,0
1.6538642512645572,507.0,0
1.6539734821113483,507.0,0
1.6540827129581395,506.0,0
1.6541919438049306,506.0,0
1.6543011746517218,507.0,0
1.654410405498513,506.0,0
1.6545196363453043,505.0,0
1.654628867192095,506.0,0
1.6547380980388862,506.0,0
1.6548473288856773,505.0,0
1.6549565597324687,505.0,0
1.6550657905792598,506.0,0
1.655175021426051,505.0,0
1.6552842522728421,505.0,0
1.6553934831196333,505.0,0
1.655502713966424,505.0,0
1.6556119448132154,505.0,0
1.6557211756600065,505.0,0
1.6558304065067977,505.0,0
1.6559396373535888,504.0,0
1.65604886820038,504.0,0
1.6561580990471712,504.0,0
1.6562673298939623,504.0,0
1.6563765607407532,504.0,0
1.6564857915875444,504.0,0
1.6565950224343355,504.0,0
1.6567042532811267,504.0,0
1.6568134841279178,504.0,0
1.656922714974709,504.0,0
1.6570319458215004,504.0,0
1.657141176668291,504.0,0
1.6572504075150822,504.0,0
1.6573596383618734,504.0,0
1.6574688692086648,504.0,0
1.657578100055456,504.0,0
1.657687330902247,504.0,0
1.6577965617490382,504.0,0
1.6579057925958294,504.0,0
1.65801502344262,504.0,0
1.6581242542894115,504.0,0
1.6582334851362026,504.0,0
1.6583427159829938,504.0,0
1.658451946829785,504.0,0
1.658561177676576,504.0,0
1.6586704085233672,504.0,0
1.6587796393701584,504.0,0
1.6588888702169493,504.0,0
1.6589981010637405,504.0,0
1.6591073319105316,504.0,0
1.6592165627573228,504.0,0
1.659325793604114,505.0,0
1.659435024450905,504.0,0
1.6595442552976964,504.0,0
1.6596534861444872,505.0,0
1.6597627169912783,505.0,0
1.6598719478380695,505.0,0
1.6599811786848608,505.0,0
1.660090409531652,505.0,0
1.6601996403784431,505.0,0
1.6603088712252343,505.0,0
1.6604181020720254,505.0,0
1.6605273329188162,505.0,0
1.6606365637656075,505.0,0
1.6607457946123987,505.0,0
1.6608550254591898,505.0,0
1.660964256305981,505.0,0
1.6610734871527721,505.0,0
1.6611827179995633,505.0,0
1.6612919488463544,505.0,0
1.6614011796931454,505.0,0
1.6615104105399365,505.0,0
1.6616196413867277,505.0,0
1.6617288722335188,505.0,0
1.66183810308031,506.0,0
1.6619473339271011,505.0,0
1.6620565647738925,506.0,0
1.6621657956206837,505.0,0
1.6622750264674744,506.0,0
1.6623842573142655,505.0,0
1.662493488161057,506.0,0
1.662602719007848,506.0,0
1.6627119498546392,506.0,0
1.6628211807014304,506.0,0
1.6629304115482215,507.0,0
1.6630396423950122,507.0,0
1.6631488732418036,507.0,0
1.6632581040885948,507.0,0
1.663367334935386,507.0,0
1.663476565782177,507.0,0
1.6635857966289682,508.0,0
1.6636950274757594,508.0,0
1.6638042583225505,508.0,0
1.6639134891693415,508.0,0
1.6640227200161326,508.0,0
1.6641319508629238,508.0,0
1.664241181709715,508.0,0
1.664350412556506,508.0,0
1.6644596434032972,509.0,0
1.6645688742500886,509.0,0
1.6646781050968797,510.0,0
1.6647873359436705,510.0,0
1.6648965667904616,510.0,0
1.665005797637253,510.0,0
1.6651150284840441,511.0,0
1.6652242593308353,511.0,0
1.6653334901776264,511.0,0
1.6654427210244176,512.0,0
1.6655519518712083,512.0,0
1.6656611827179997,512.0,0
1.6657704135647908,512.0,0
1.665879644411582,512.0,0
1.6659888752583731,513.0,0
1.6660981061051643,513.0,0
1.6662073369519554,513.0,0
1.6663165677987466,513.0,0
1.6664257986455375,513.0,0
1.6665350294923287,513.0,0
1.6666442603391198,514.0,0
1.666753491185911,514.0,0
1.6668627220327021,514.0,0
1.6669719528794933,514.0,0
1.6670811837262847,514.0,0
1.6671904145730758,514.0,0
1.6672996454198665,513.0,0
1.6674088762666577,513.0,0
1.667518107113449,514.0,0
1.6676273379602402,513.0,0
1.6677365688070314,513.0,0
1.6678457996538225,513.0,0
1.6679550305006137,513.0,0
1.6680642613474044,513.0,0
1.6681734921941958,513.0,0
1.668282723040987,513.0,0
1.668391953887778,513.0,0
1.6685011847345692,513.0,0
1.6686104155813604,513.0,0
1.6687196464281515,512.0,0
1.6688288772749427,512.0,0
1.6689381081217336,512.0,0
1.6690473389685248,513.0,0
1.669156569815316,512.0,0
1.669265800662107,512.0,0
1.6693750315088982,512.0,0
1.6694842623556894,512.0,0
1.6695934932024807,512.0,0
1.669702724049272,512.0,0
1.6698119548960626,512.0,0
1.6699211857428538,512.0,0
1.6700304165896451,512.0,0
1.6701396474364363,512.0,0
1.6702488782832274,512.0,0
1.6703581091300186,512.0,0
1.6704673399768097,512.0,0
1.670576570823601,512.0,0
1.6706858016703918,511.0,0
1.670795032517183,511.0,0
1.6709042633639741,511.0,0
1.6710134942107653,511.0,0
1.6711227250575564,511.0,0
1.6712319559043476,511.0,0
1.6713411867511387,511.0,0
1.6714504175979297,511.0,0
1.6715596484447208,510.0,0
1.671668879291512,510.0,0
1.6717781101383031,510.0,0
1.6718873409850943,510.0,0
1.6719965718318854,510.0,0
1.6721058026786768,510.0,0
1.672215033525468,510.0,0
1.6723242643722587,510.0,0
1.6724334952190498,510.0,0
1.6725427260658412,510.0,0
1.6726519569126324,509.0,0
1.6727611877594235,510.0,0
1.6728704186062147,510.0,0
1.6729796494530058,510.0,0
1.673088880299797,510.0,0
1.673198111146588,510.0,0
1.673307341993379,510.0,0
1.6734165728401702,510.0,0
1.6735258036869614,510.0,0
1.6736350345337525,510.0,0
1.6737442653805437,510.0,0
1.6738534962273348,510.0,0
1.6739627270741257,510.0,0
1.674071957920917,510.0,0
1.674181188767708,510.0,0
1.6742904196144992,510.0,0
1.6743996504612904,510.0,0
1.6745088813080815,510.0,0
1.6746181121548729,510.0,0
1.674727343001664,510.0,0
1.6748365738484547,510.0,0
1.674945804695246,510.0,0
1.6750550355420373,510.0,0
1.6751642663888284,510.0,0
1.6752734972356196,510.0,0
1.6753827280824107,510.0,0
1.6754919589292019,510.0,0
1.675601189775993,510.0,0
1.675710420622784,510.0,0
1.6758196514695751,510.0,0
1.6759288823163663,509.0,0
1.6760381131631574,509.0,0
1.6761473440099486,509.0,0
1.6762565748567397,509.0,0
1.6763658057035309,509.0,0
1.6764750365503218,509.0,0
1.676584267397113,509.0,0
1.6766934982439041,509.0,0
1.6768027290906953,509.0,0
1.6769119599374864,509.0,0
1.6770211907842776,509.0,0
1.677130421631069,509.0,0
1.67723965247786,508.0,0
1.6773488833246508,509.0,0
1.677458114171442,508.0,0
1.6775673450182333,508.0,0
1.6776765758650245,508.0,0
1.6777858067118157,508.0,0
1.6778950375586068,508.0,0
1.678004268405398,508.0,0
1.6781134992521891,508.0,0
1.67822273009898,508.0,0
1.6783319609457712,508.0,0
1.6784411917925623,508.0,0
1.6785504226393535,508.0,0
1.6786596534861447,508.0,0
1.6787688843329358,507.0,0
1.678878115179727,508.0,0
1.6789873460265183,508.0,0
1.679096576873309,508.0,0
1.6792058077201002,508.0,0
1.6793150385668913,508.0,0
1.6794242694136825,507.0,0
1.6795335002604737,507.0,0
1.679642731107265,508.0,0
1.6797519619540562,508.0,0
1.679861192800847,507.0,0
1.679970423647638,508.0,0
1.6800796544944294,508.0,0
1.6801888853412206,507.0,0
1.6802981161880117,507.0,0
1.6804073470348029,508.0,0
1.680516577881594,507.0,0
1.6806258087283852,507.0,0
1.6807350395751761,507.0,0
1.6808442704219673,508.0,0
1.6809535012687584,507.0,0
1.6810627321155496,508.0,0
1.6811719629623407,508.0,0
1.6812811938091319,508.0,0
1.681390424655923,507.0,0
1.6814996555027144,508.0,0
1.6816088863495051,508.0,0
1.6817181171962963,507.0,0
1.6818273480430874,507.0,0
1.6819365788898786,508.0,0
1.6820458097366697,507.0,0
1.682155040583461,507.0,0
1.6822642714302523,507.0,0
1.682373502277043,507.0,0
1.6824827331238341,507.0,0
1.6825919639706255,507.0,0
1.6827011948174166,507.0,0
1.6828104256642078,507.0,0
1.682919656510999,506.0,0
1.68302888735779,506.0,0
1.6831381182045813,506.0,0
1.6832473490513722,505.0,0
1.6833565798981633,505.0,0
1.6834658107449545,506.0,0
1.6835750415917456,505.0,0
1.6836842724385368,505.0,0
1.683793503285328,505.0,0
1.683902734132119,505.0,0
1.6840119649789105,505.0,0
1.6841211958257012,505.0,0
1.6842304266724923,505.0,0
1.6843396575192835,505.0,0
1.6844488883660746,504.0,0
1.6845581192128658,505.0,0
1.6846673500596572,505.0,0
1.6847765809064483,505.0,0
1.684885811753239,505.0,0
1.6849950426000302,505.0,0
1.6851042734468216,505.0,0
1.6852135042936127,505.0,0
1.6853227351404039,505.0,0
1.685431965987195,506.0,0
1.6855411968339862,505.0,0
1.6856504276807773,505.0,0
1.6857596585275683,505.0,0
1.6858688893743594,506.0,0
1.6859781202211506,505.0,0
1.6860873510679417,505.0,0
1.6861965819147329,506.0,0
1.686305812761524,505.0,0
1.6864150436083152,505.0,0
1.6865242744551066,506.0,0
1.6866335053018973,505.0,0
1.6867427361486884,505.0,0
1.6868519669954796,505.0,0
1.6869611978422707,506.0,0
1.6870704286890619,505.0,0
1.6871796595358532,505.0,0
1.6872888903826444,505.0,0
1.6873981212294356,506.0,0
1.6875073520762263,505.0,0
1.6876165829230176,505.0,0
1.6877258137698088,506.0,0
1.6878350446166,506.0,0
1.687944275463391,505.0,0
1.6880535063101823,506.0,0
1.6881627371569734,506.0,0
1.6882719680037643,506.0,0
1.6883811988505555,506.0,0
1.6884904296973466,507.0,0
1.6885996605441378,507.0,0
1.688708891390929,507.0,0
1.68881812223772,507.0,0
1.6889273530845113,508.0,0
1.6890365839313026,508.0,0
1.6891458147780933,508.0,0
1.6892550456248845,508.0,0
1.6893642764716756,508.0,0
1.6894735073184668,508.0,0
1.689582738165258,508.0,0
1.6896919690120493,509.0,0
1.6898011998588405,509.0,0
1.6899104307056316,509.0,0
1.6900196615524223,510.0,0
1.6901288923992137,510.0,0
1.6902381232460049,510.0,0
1.690347354092796,511.0,0
1.6904565849395872,511.0,0
1.6905658157863783,511.0,0
1.6906750466331695,511.0,0
1.6907842774799604,512.0,0
1.6908935083267516,512.0,0
1.6910027391735427,512.0,0
1.6911119700203339,512.0,0
1.691221200867125,513.0,0
1.6913304317139162,513.0,0
1.6914396625607073,513.0,0
1.6915488934074987,513.0,0
1.6916581242542894,513.0,0
1.6917673551010806,513.0,0
1.6918765859478717,513.0,0
1.6919858167946629,514.0,0
1.692095047641454,513.0,0
1.6922042784882454,513.0,0
1.6923135093350365,513.0,0
1.6924227401818277,514.0,0
1.6925319710286184,513.0,0
1.6926412018754098,513.0,0
1.692750432722201,513.0,0
1.692859663568992,513.0,0
1.6929688944157832,513.0,0
1.6930781252625744,513.0,0
1.6931873561093655,513.0,0
1.6932965869561567,512.0,0
1.6934058178029476,512.0,0
1.6935150486497388,512.0,0
1.69362427949653,512.0,0
1.693733510343321,512.0,0
1.6938427411901122,512.0,0
1.6939519720369034,511.0,0
1.6940612028836948,511.0,0
1.6941704337304855,511.0,0
1.6942796645772766,511.0,0
1.6943888954240678,510.0,0
1.694498126270859,510.0,0
1.69460735711765,510.0,0
1.6947165879644415,510.0,0
1.6948258188112326,510.0,0
1.6949350496580238,510.0,0
1.6950442805048145,510.0,0
1.6951535113516059,509.0,0
1.695262742198397,509.0,0
1.6953719730451882,509.0,0
1.6954812038919793,509.0,0
1.6955904347387705,508.0,0
1.6956996655855616,509.0,0
1.6958088964323528,508.0,0
1.6959181272791437,508.0,0
1.6960273581259349,508.0,0
1.696136588972726,508.0,0
1.6962458198195172,508.0,0
1.6963550506663083,508.0,0
1.6964642815130995,508.0,0
1.6965735123598908,508.0,0
1.6966827432066816,508.0,0
1.6967919740534727,508.0,0
1.6969012049002639,508.0,0
1.697010435747055,508.0,0
1.6971196665938462,508.0,0
1.6972288974406375,508.0,0
1.6973381282874287,508.0,0
1.6974473591342198,508.0,0
1.6975565899810106,508.0,0
1.697665820827802,508.0,0
1.697775051674593,508.0,0
1.6978842825213842,508.0,0
1.6979935133681754,508.0,0
1.6981027442149665,508.0,0
1.6982119750617577,508.0,0
1.6983212059085488,508.0,0
1.6984304367553398,508.0,0
1.698539667602131,508.0,0
1.698648898448922,508.0,0
1.6987581292957132,508.0,0
1.6988673601425044,508.0,0
1.6989765909892955,508.0,0
1.699085821836087,508.0,0
1.6991950526828776,508.0,0
1.6993042835296688,508.0,0
1.69941351437646,508.0,0
1.699522745223251,508.0,0
1.6996319760700422,508.0,0
1.6997412069168336,508.0,0
1.6998504377636248,508.0,0
1.699959668610416,508.0,0
1.7000688994572066,508.0,0
1.700178130303998,508.0,0
1.7002873611507892,508.0,0
1.7003965919975803,508.0,0
1.7005058228443715,508.0,0
1.7006150536911626,508.0,0
1.7007242845379538,508.0,0
1.700833515384745,507.0,0
1.7009427462315359,508.0,0
1.701051977078327,507.0,0
1.7011612079251182,507.0,0
1.7012704387719093,507.0,0
1.7013796696187005,507.0,0
1.7014889004654916,507.0,0
1.701598131312283,506.0,0
1.7017073621590741,506.0,0
1.7018165930058649,506.0,0
1.701925823852656,505.0,0
1.7020350546994472,505.0,0
1.7021442855462383,505.0,0
1.7022535163930297,505.0,0
1.7023627472398208,505.0,0
1.702471978086612,505.0,0
1.7025812089334027,504.0,0
1.702690439780194,504.0,0
1.7027996706269852,504.0,0
1.7029089014737764,505.0,0
1.7030181323205675,504.0,0
1.7031273631673587,504.0,0
1.7032365940141498,504.0,0
1.703345824860941,505.0,0
1.703455055707732,504.0,0
1.703564286554523,504.0,0
1.7036735174013142,505.0,0
1.7037827482481054,505.0,0
1.7038919790948965,505.0,0
1.7040012099416877,505.0,0
1.704110440788479,505.0,0
1.7042196716352702,505.0,0
1.704328902482061,505.0,0
1.704438133328852,506.0,0
1.7045473641756432,505.0,0
1.7046565950224344,505.0,0
1.7047658258692258,506.0,0
1.704875056716017,506.0,0
1.704984287562808,505.0,0
1.7050935184095988,506.0,0
1.7052027492563901,506.0,0
1.7053119801031813,506.0,0
1.7054212109499725,506.0,0
1.7055304417967636,506.0,0
1.7056396726435548,506.0,0
1.705748903490346,506.0,0
1.705858134337137,506.0,0
1.705967365183928,506.0,0
1.7060765960307192,505.0,0
1.7061858268775103,506.0,0
1.7062950577243015,505.0,0
1.7064042885710926,505.0,0
1.7065135194178838,505.0,0
1.7066227502646751,505.0,0
1.7067319811114663,505.0,0
1.706841211958257,505.0,0
1.7069504428050482,505.0,0
1.7070596736518393,505.0,0
1.7071689044986305,505.0,0
1.7072781353454218,505.0,0
1.707387366192213,505.0,0
1.7074965970390041,505.0,0
1.7076058278857948,505.0,0
1.7077150587325862,505.0,0
1.7078242895793774,505.0,0
1.7079335204261685,505.0,0
1.7080427512729597,505.0,0
1.7081519821197508,505.0,0
1.708261212966542,505.0,0
1.7083704438133331,505.0,0
1.708479674660124,505.0,0
1.7085889055069152,505.0,0
1.7086981363537064,504.0,0
1.7088073672004975,504.0,0
1.7089165980472887,505.0,0
1.7090258288940798,505.0,0
1.7091350597408712,504.0,0
1.7092442905876624,504.0,0
1.709353521434453,504.0,0
1.7094627522812442,504.0,0
1.7095719831280354,504.0,0
1.7096812139748265,504.0,0
1.709790444821618,504.0,0
1.709899675668409,504.0,0
1.7100089065152002,504.0,0
1.7101181373619914,504.0,0
1.7102273682087823,504.0,0
1.7103365990555734,504.0,0
1.7104458299023646,504.0,0
1.7105550607491558,504.0,0
1.710664291595947,504.0,0
1.710773522442738,504.0,0
1.7108827532895292,504.0,0
1.7109919841363201,504.0,0
1.7111012149831113,504.0,0
1.7112104458299024,504.0,0
1.7113196766766936,504.0,0
1.7114289075234848,504.0,0
1.711538138370276,504.0,0
1.7116473692170673,504.0,0
1.7117566000638584,505.0,0
1.7118658309106491,505.0,0
1.7119750617574403,505.0,0
1.7120842926042315,505.0,0
1.7121935234510226,505.0,0
1.712302754297814,505.0,0
1.7124119851446051,505.0,0
1.7125212159913963,505.0,0
1.7126304468381874,505.0,0
1.7127396776849784,505.0,0
1.7128489085317695,505.0,0
1.7129581393785607,505.0,0
1.7130673702253518,505.0,0
1.713176601072143,505.0,0
1.7132858319189341,505.0,0
1.7133950627657253,505.0,0
1.7135042936125162,505.0,0
1.7136135244593074,505.0,0
1.7137227553060985,505.0,0
1.7138319861528897,504.0,0
1.7139412169996808,504.0,0
1.714050447846472,505.0,0
1.7141596786932634,504.0,0
1.7142689095400545,504.0,0
1.7143781403868452,504.0,0
1.7144873712336364,504.0,0
1.7145966020804275,504.0,0
1.7147058329272187,504.0,0
1.71481506377401,504.0,0
1.7149242946208012,504.0,0
1.7150335254675924,504.0,0
1.7151427563143835,504.0,0
1.7152519871611744,504.0,0
1.7153612180079656,504.0,0
1.7154704488547567,504.0,0
1.715579679701548,504.0,0
1.715688910548339,504.0,0
1.7157981413951302,504.0,0
1.7159073722419214,504.0,0
1.7160166030887123,504.0,0
1.7161258339355034,504.0,0
1.7162350647822946,504.0,0
1.7163442956290857,504.0,0
1.716453526475877,504.0,0
1.716562757322668,504.0,0
1.7166719881694594,504.0,0
1.7167812190162506,504.0,0
1.7168904498630413,504.0,0
1.7169996807098324,504.0,0
1.7171089115566236,504.0,0
1.7172181424034147,504.0,0
1.7173273732502061,504.0,0
1.7174366040969973,504.0,0
1.7175458349437884,504.0,0
1.7176550657905796,504.0,0
1.7177642966373705,504.0,0
1.7178735274841617,504.0,0
1.7179827583309528,504.0,0
1.718091989177744,504.0,0
1.7182012200245351,504.0,0
1.7183104508713263,504.0,0
1.7184196817181174,504.0,0
1.7185289125649086,504.0,0
1.7186381434116995,504.0,0
1.7187473742584907,503.0,0
1.7188566051052818,503.0,0
1.718965835952073,503.0,0
1.7190750667988641,503.0,0
1.7191842976456555,502.0,0
1.7192935284924467,503.0,0
1.7194027593392374,502.0,0
1.7195119901860285,502.0,0
1.7196212210328197,502.0,0
1.7197304518796108,502.0,0
1.7198396827264022,502.0,0
1.7199489135731933,501.0,0
1.7200581444199845,502.0,0
1.7201673752667757,502.0,0
1.7202766061135666,501.0,0
1.7203858369603577,501.0,0
1.720495067807149,502.0,0
1.72060429865394,502.0,0
1.7207135295007312,500.0,0
1.7208227603475224,501.0,0
1.7209319911943135,502.0,0
1.7210412220411047,500.0,0
1.7211504528878956,500.0,0
1.7212596837346867,502.0,0
1.721368914581478,501.0,0
1.721478145428269,500.0,0
1.7215873762750602,500.0,0
1.7216966071218516,502.0,0
1.7218058379686427,500.0,0
1.7219150688154334,500.0,0
1.7220242996622246,501.0,0
1.7221335305090157,500.0,0
1.722242761355807,500.0,0
1.7223519922025983,500.0,0
1.7224612230493894,500.0,0
1.7225704538961806,500.0,0
1.7226796847429717,500.0,0
1.7227889155897627,500.0,0
1.7228981464365538,500.0,0
1.723007377283345,499.0,0
1.7231166081301361,499.0,0
1.7232258389769273,500.0,0
1.7233350698237184,499.0,0
1.7234443006705096,499.0,0
1.7235535315173007,499.0,0
1.7236627623640917,499.0,0
1.7237719932108828,499.0,0
1.723881224057674,499.0,0
1.7239904549044651,500.0,0
1.7240996857512563,499.0,0
1.7242089165980476,499.0,0
1.7243181474448388,500.0,0
1.72442737829163,500.0,0
1.7245366091384207,500.0,0
1.7246458399852118,500.0,0
1.724755070832003,501.0,0
1.7248643016787943,500.0,0
1.7249735325255855,500.0,0
1.7250827633723766,501.0,0
1.7251919942191678,502.0,0
1.7253012250659587,500.0,0
1.7254104559127499,501.0,0
1.725519686759541,502.0,0
1.7256289176063322,501.0,0
1.7257381484531233,501.0,0
1.7258473792999145,502.0,0
1.7259566101467056,502.0,0
1.7260658409934968,502.0,0
1.7261750718402877,502.0,0
1.7262843026870789,502.0,0
1.72639353353387,502.0,0
1.7265027643806612,502.0,0
1.7266119952274523,502.0,0
1.7267212260742437,502.0,0
1.7268304569210349,501.0,0
1.726939687767826,502.0,0
1.7270489186146167,502.0,0
1.7271581494614079,502.0,0
1.727267380308199,502.0,0
1.7273766111549904,502.0,0
1.7274858420017816,502.0,0
1.7275950728485727,502.0,0
1.7277043036953639,502.0,0
1.7278135345421548,502.0,0
1.727922765388946,502.0,0
1.7280319962357371,502.0,0
1.7281412270825283,503.0,0
1.7282504579293194,503.0,0
1.7283596887761106,503.0,0
1.7284689196229017,504.0,0
1.7285781504696929,504.0,0
1.7286873813164838,504.0,0
1.728796612163275,504.0,0
1.7289058430100661,504.0,0
1.7290150738568573,504.0,0
1.7291243047036484,504.0,0
1.7292335355504398,504.0,0
1.729342766397231,504.0,0
1.729451997244022,504.0,0
1.7295612280908128,504.0,0
1.729670458937604,504.0,0
1.7297796897843951,504.0,0
1.7298889206311865,504.0,0
1.7299981514779776,504.0,0
1.7301073823247688,504.0,0
1.73021661317156,504.0,0
1.7303258440183509,504.0,0
1.730435074865142,505.0,0
1.7305443057119332,505.0,0
1.7306535365587243,505.0,0
1.7307627674055155,505.0,0
1.7308719982523066,505.0,0
1.7309812290990978,505.0,0
1.731090459945889,505.0,0
1.7311996907926799,505.0,0
1.731308921639471,505.0,0
1.7314181524862622,505.0,0
1.7315273833330533,505.0,0
1.7316366141798445,505.0,0
1.7317458450266359,505.0,0
1.731855075873427,505.0,0
1.7319643067202182,505.0,0
1.7320735375670089,505.0,0
1.7321827684138,505.0,0
1.7322919992605912,505.0,0
1.7324012301073826,505.0,0
1.7325104609541737,505.0,0
1.7326196918009649,505.0,0
1.732728922647756,505.0,0
1.7328381534945472,505.0,0
1.732947384341338,505.0,0
1.7330566151881293,505.0,0
1.7331658460349204,505.0,0
1.7332750768817116,505.0,0
1.7333843077285027,504.0,0
1.7334935385752939,505.0,0
1.733602769422085,505.0,0
1.733712000268876,504.0,0
1.733821231115667,504.0,0
1.7339304619624583,505.0,0
1.7340396928092494,504.0,0
1.7341489236560406,504.0,0
1.734258154502832,504.0,0
1.734367385349623,505.0,0
1.7344766161964142,504.0,0
1.734585847043205,504.0,0
1.734695077889996,505.0,0
1.7348043087367873,504.0,0
1.7349135395835786,504.0,0
1.7350227704303698,504.0,0
1.735132001277161,504.0,0
1.735241232123952,504.0,0
1.7353504629707432,504.0,0
1.7354596938175342,505.0,0
1.7355689246643253,504.0,0
1.7356781555111165,504.0,0
1.7357873863579076,504.0,0
1.7358966172046988,505.0,0
1.73600584805149,504.0,0
1.736115078898281,504.0,0
1.736224309745072,505.0,0
1.7363335405918632,505.0,0
1.7364427714386543,505.0,0
1.7365520022854455,505.0,0
1.7366612331322366,505.0,0
1.736770463979028,505.0,0
1.7368796948258192,505.0,0
1.7369889256726103,506.0,0
1.737098156519401,505.0,0
1.7372073873661922,505.0,0
1.7373166182129833,505.0,0
1.7374258490597747,506.0,0
1.7375350799065659,505.0,0
1.737644310753357,505.0,0
1.7377535416001482,506.0,0
1.7378627724469393,505.0,0
1.7379720032937302,505.0,0
1.7380812341405214,505.0,0
1.7381904649873126,506.0,0
1.7382996958341037,505.0,0
1.7384089266808949,505.0,0
1.738518157527686,506.0,0
1.7386273883744772,505.0,0
1.738736619221268,505.0,0
1.7388458500680593,506.0,0
1.7389550809148504,507.0,0
1.7390643117616416,506.0,0
1.7391735426084327,506.0,0
1.739282773455224,507.0,0
1.7393920043020152,507.0,0
1.7395012351488064,507.0,0
1.739610465995597,508.0,0
1.7397196968423883,508.0,0
1.7398289276891794,508.0,0
1.7399381585359708,508.0,0
1.740047389382762,508.0,0
1.740156620229553,508.0,0
1.7402658510763442,508.0,0
1.7403750819231354,508.0,0
1.7404843127699263,509.0,0
1.7405935436167175,509.0,0
1.7407027744635086,509.0,0
1.7408120053102998,510.0,0
1.740921236157091,509.0,0
1.741030467003882,509.0,0
1.7411396978506732,510.0,0
1.7412489286974644,509.0,0
1.7413581595442553,509.0,0
1.7414673903910465,509.0,0
1.7415766212378376,510.0,0
1.7416858520846288,509.0,0
1.7417950829314202,508.0,0
1.7419043137782113,508.0,0
1.7420135446250025,509.0,0
1.7421227754717932,508.0,0
1.7422320063185843,508.0,0
1.7423412371653755,508.0,0
1.7424504680121669,508.0,0
1.742559698858958,508.0,0
1.7426689297057492,508.0,0
1.7427781605525403,508.0,0
1.7428873913993315,508.0,0
1.7429966222461224,507.0,0
1.7431058530929135,508.0,0
1.7432150839397047,507.0,0
1.7433243147864959,507.0,0
1.743433545633287,507.0,0
1.7435427764800782,507.0,0
1.7436520073268693,506.0,0
1.7437612381736605,506.0,0
1.7438704690204514,506.0,0
1.7439796998672425,506.0,0
1.7440889307140337,505.0,0
1.7441981615608249,505.0,0
1.7443073924076162,505.0,0
1.7444166232544074,505.0,0
1.7445258541011985,505.0,0
1.7446350849479892,505.0,0
1.7447443157947804,505.0,0
1.7448535466415716,504.0,0
1.744962777488363,504.0,0
1.745072008335154,504.0,0
1.7451812391819452,504.0,0
1.7452904700287364,504.0,0
1.7453997008755275,504.0,0
1.7455089317223185,504.0,0
1.7456181625691096,504.0,0
1.7457273934159008,504.0,0
1.745836624262692,504.0,0
1.745945855109483,504.0,0
1.7460550859562742,504.0,0
1.7461643168030654,504.0,0
1.7462735476498565,504.0,0
1.7463827784966475,504.0,0
1.7464920093434386,504.0,0
1.7466012401902298,504.0,0
1.746710471037021,504.0,0
1.7468197018838123,504.0,0
1.7469289327306035,504.0,0
1.7470381635773946,504.0,0
1.7471473944241858,504.0,0
1.7472566252709765,504.0,0
1.7473658561177676,504.0,0
1.747475086964559,504.0,0
1.7475843178113502,504.0,0
1.7476935486581413,504.0,0
1.7478027795049325,504.0,0
1.7479120103517236,504.0,0
1.7480212411985145,504.0,0
1.7481304720453057,505.0,0
1.7482397028920968,504.0,0
1.748348933738888,505.0,0
1.7484581645856792,505.0,0
1.7485673954324703,505.0,0
1.7486766262792615,505.0,0
1.7487858571260526,505.0,0
1.7488950879728435,505.0,0
1.7490043188196347,505.0,0
1.7491135496664258,505.0,0
1.749222780513217,506.0,0
1.7493320113600084,505.0,0
1.7494412422067995,505.0,0
1.7495504730535907,505.0,0
1.7496597039003818,506.0,0
1.7497689347471725,505.0,0
1.7498781655939637,505.0,0
1.749987396440755,506.0,0
1.7500966272875462,505.0,0
1.7502058581343374,505.0,0
1.7503150889811285,506.0,0
1.7504243198279197,506.0,0
1.7505335506747106,505.0,0
1.7506427815215018,505.0,0
1.750752012368293,506.0,0
1.750861243215084,505.0,0
1.7509704740618752,505.0,0
1.7510797049086664,506.0,0
1.7511889357554575,506.0,0
1.7512981666022487,505.0,0
1.7514073974490396,505.0,0
1.7515166282958308,506.0,0
1.751625859142622,505.0,0
1.751735089989413,505.0,0
1.7518443208362044,506.0,0
1.7519535516829956,506.0,0
1.7520627825297868,505.0,0
1.752172013376578,506.0,0
1.7522812442233686,507.0,0
1.7523904750701598,506.0,0
1.7524997059169511,506.0,0
1.7526089367637423,507.0,0
1.7527181676105335,507.0,0
1.7528273984573246,507.0,0
1.7529366293041158,507.0,0
1.7530458601509067,508.0,0
1.7531550909976978,508.0,0
1.753264321844489,508.0,0
1.7533735526912801,508.0,0
1.7534827835380713,508.0,0
1.7535920143848625,508.0,0
1.7537012452316536,508.0,0
1.7538104760784448,509.0,0
1.7539197069252357,509.0,0
1.7540289377720268,509.0,0
1.754138168618818,509.0,0
1.7542473994656091,510.0,0
1.7543566303124005,509.0,0
1.7544658611591917,510.0,0
1.7545750920059828,510.0,0
1.754684322852774,510.0,0
1.7547935536995647,510.0,0
1.7549027845463558,510.0,0
1.7550120153931472,510.0,0
1.7551212462399384,510.0,0
1.7552304770867295,510.0,0
1.7553397079335207,511.0,0
1.7554489387803118,511.0,0
1.755558169627103,511.0,0
1.755667400473894,511.0,0
1.755776631320685,511.0,0
1.7558858621674762,511.0,0
1.7559950930142674,511.0,0
1.7561043238610585,511.0,0
1.7562135547078497,511.0,0
1.7563227855546408,511.0,0
1.7564320164014318,512.0,0
1.756541247248223,512.0,0
1.756650478095014,511.0,0
1.7567597089418052,512.0,0
1.7568689397885966,512.0,0
1.7569781706353877,512.0,0
1.757087401482179,512.0,0
1.75719663232897,512.0,0
1.7573058631757608,512.0,0
1.757415094022552,512.0,0
1.7575243248693433,512.0,0
1.7576335557161344,512.0,0
1.7577427865629256,512.0,0
1.7578520174097167,512.0,0
1.757961248256508,512.0,0
1.758070479103299,512.0,0
1.75817970995009,512.0,0
1.7582889407968811,512.0,0
1.7583981716436723,512.0,0
1.7585074024904634,512.0,0
1.7586166333372546,512.0,0
1.7587258641840458,512.0,0
1.758835095030837,512.0,0
1.7589443258776278,512.0,0
1.759053556724419,512.0,0
1.7591627875712101,513.0,0
1.7592720184180013,512.0,0
1.7593812492647927,512.0,0
1.7594904801115838,513.0,0
1.759599710958375,513.0,0
1.7597089418051661,512.0,0
1.7598181726519568,513.0,0
1.759927403498748,513.0,0
1.7600366343455394,513.0,0
1.7601458651923305,513.0,0
1.7602550960391217,513.0,0
1.7603643268859128,513.0,0
1.760473557732704,513.0,0
1.7605827885794951,514.0,0
1.760692019426286,514.0,0
1.7608012502730772,514.0,0
1.7609104811198684,514.0,0
1.7610197119666595,515.0,0
1.7611289428134507,515.0,0
1.7612381736602418,514.0,0
1.761347404507033,515.0,0
1.761456635353824,515.0,0
1.761565866200615,515.0,0
1.7616750970474062,515.0,0
1.7617843278941974,515.0,0
1.7618935587409887,515.0,0
1.76200278958778,515.0,0
1.762112020434571,515.0,0
1.7622212512813622,515.0,0
1.762330482128153,515.0,0
1.762439712974944,515.0,0
1.7625489438217354,515.0,0
1.7626581746685266,515.0,0
1.7627674055153177,514.0,0
1.762876636362109,514.0,0
1.7629858672089,514.0,0
1.7630950980556912,514.0,0
1.7632043289024821,514.0,0
1.7633135597492733,514.0,0
1.7634227905960644,513.0,0
1.7635320214428556,513.0,0
1.7636412522896467,513.0,0
1.763750483136438,513.0,0
1.763859713983229,513.0,0
1.7639689448300204,512.0,0
1.7640781756768111,512.0,0
1.7641874065236023,512.0,0
1.7642966373703934,512.0,0
1.7644058682171848,511.0,0
1.764515099063976,511.0,0
1.7646243299107671,511.0,0
1.7647335607575583,511.0,0
1.764842791604349,510.0,0
1.7649520224511401,510.0,0
1.7650612532979315,510.0,0
1.7651704841447227,510.0,0
1.7652797149915138,510.0,0
1.765388945838305,510.0,0
1.7654981766850961,508.0,0
1.7656074075318873,509.0,0
1.7657166383786782,508.0,0
1.7658258692254694,508.0,0
1.7659351000722605,508.0,0
1.7660443309190517,508.0,0
1.7661535617658428,508.0,0
1.766262792612634,508.0,0
1.7663720234594251,508.0,0
1.7664812543062165,508.0,0
1.7665904851530072,508.0,0
1.7666997159997984,508.0,0
1.7668089468465895,508.0,0
1.7669181776933809,508.0,0
1.767027408540172,508.0,0
1.7671366393869632,508.0,0
1.7672458702337543,508.0,0
1.767355101080545,508.0,0
1.7674643319273362,508.0,0
1.7675735627741276,508.0,0
1.7676827936209187,508.0,0
1.7677920244677099,509.0,0
1.767901255314501,509.0,0
1.7680104861612922,509.0,0
1.7681197170080833,509.0,0
1.7682289478548743,510.0,0
1.7683381787016654,509.0,0
1.7684474095484566,510.0,0
1.7685566403952477,510.0,0
1.768665871242039,510.0,0
1.76877510208883,510.0,0
1.7688843329356212,510.0,0
1.7689935637824126,510.0,0
1.7691027946292033,510.0,0
1.7692120254759944,510.0,0
1.7693212563227856,510.0,0
1.769430487169577,510.0,0
1.7695397180163681,510.0,0
1.7696489488631593,510.0,0
1.7697581797099504,510.0,0
1.7698674105567411,510.0,0
1.7699766414035323,510.0,0
1.7700858722503237,510.0,0
1.7701951030971148,510.0,0
1.770304333943906,510.0,0
1.7704135647906971,510.0,0
1.7705227956374883,510.0,0
1.7706320264842794,510.0,0
1.7707412573310704,510.0,0
1.7708504881778615,510.0,0
1.7709597190246527,510.0,0
1.7710689498714438,510.0,0
1.771178180718235,510.0,0
1.7712874115650261,510.0,0
1.7713966424118173,510.0,0
1.7715058732586086,510.0,0
1.7716151041053994,510.0,0
1.7717243349521905,510.0,0
1.7718335657989817,510.0,0
1.771942796645773,510.0,0
1.7720520274925642,510.0,0
1.7721612583393553,510.0,0
1.7722704891861465,510.0,0
1.7723797200329376,510.0,0
1.7724889508797284,510.0,0
1.7725981817265197,510.0,0
1.7727074125733109,510.0,0
1.772816643420102,510.0,0
1.7729258742668932,510.0,0
1.7730351051136843,510.0,0
1.7731443359604755,510.0,0
1.7732535668072664,510.0,0
1.7733627976540576,510.0,0
1.7734720285008487,510.0,0
1.7735812593476399,510.0,0
1.773690490194431,510.0,0
1.7737997210412222,510.0,0
1.7739089518880133,510.0,0
1.7740181827348047,511.0,0
1.7741274135815954,510.0,0
1.7742366444283866,510.0,0
1.7743458752751777,511.0,0
1.774455106121969,510.0,0
1.7745643369687603,510.0,0
1.7746735678155514,510.0,0
1.7747827986623426,511.0,0
1.7748920295091337,510.0,0
1.7750012603559244,510.0,0
1.7751104912027158,511.0,0
1.775219722049507,511.0,0
1.775328952896298,510.0,0
1.7754381837430893,511.0,0
1.7755474145898804,511.0,0
1.7756566454366716,510.0,0
1.7757658762834625,510.0,0
1.7758751071302536,510.0,0
1.7759843379770448,510.0,0
1.776093568823836,510.0,0
1.776202799670627,510.0,0
1.7763120305174183,510.0,0
1.7764212613642094,510.0,0
1.7765304922110008,510.0,0
1.7766397230577915,510.0,0
1.7767489539045827,510.0,0
1.7768581847513738,508.0,0
1.7769674155981652,510.0,0
1.7770766464449563,509.0,0
1.7771858772917475,508.0,0
1.7772951081385386,508.0,0
1.7774043389853298,509.0,0
1.7775135698321205,508.0,0
1.7776228006789119,508.0,0
1.777732031525703,508.0,0
1.7778412623724942,508.0,0
1.7779504932192853,508.0,0
1.7780597240660765,508.0,0
1.7781689549128676,508.0,0
1.7782781857596588,508.0,0
1.7783874166064497,508.0,0
1.7784966474532409,508.0,0
1.778605878300032,508.0,0
1.7787151091468232,508.0,0
1.7788243399936143,508.0,0
1.7789335708404055,508.0,0
1.7790428016871969,508.0,0
1.7791520325339876,508.0,0
1.7792612633807787,508.0,0
1.7793704942275699,508.0,0
1.7794797250743613,508.0,0
1.7795889559211524,508.0,0
1.7796981867679436,508.0,0
1.7798074176147347,508.0,0
1.7799166484615259,508.0,0
1.7800258793083166,509.0,0
1.780135110155108,509.0,0
1.780244341001899,508.0,0
1.7803535718486903,508.0,0
1.7804628026954814,509.0,0
1.7805720335422726,508.0,0
1.7806812643890637,508.0,0
1.7807904952358549,508.0,0
1.7808997260826458,509.0,0
1.781008956929437,508.0,0
1.781118187776228,508.0,0
1.7812274186230193,508.0,0
1.7813366494698104,508.0,0
1.7814458803166016,508.0,0
1.781555111163393,508.0,0
1.7816643420101836,508.0,0
1.7817735728569748,508.0,0
1.781882803703766,507.0,0
1.7819920345505573,508.0,0
1.7821012653973485,508.0,0
1.7822104962441396,507.0,0
1.7823197270909308,507.0,0
1.782428957937722,508.0,0
1.7825381887845126,507.0,0
1.782647419631304,507.0,0
1.7827566504780952,507.0,0
1.7828658813248863,507.0,0
1.7829751121716775,506.0,0
1.7830843430184686,507.0,0
1.7831935738652598,507.0,0
1.783302804712051,506.0,0
1.7834120355588419,506.0,0
1.783521266405633,507.0,0
1.7836304972524242,507.0,0
1.7837397280992153,506.0,0
1.7838489589460065,506.0,0
1.7839581897927976,507.0,0
1.784067420639589,506.0,0
1.7841766514863797,506.0,0
1.7842858823331709,507.0,0
1.784395113179962,507.0,0
1.7845043440267534,506.0,0
1.7846135748735446,507.0,0
1.7847228057203357,507.0,0
1.7848320365671269,507.0,0
1.784941267413918,507.0,0
1.7850504982607087,508.0,0
1.7851597291075,508.0,0
1.7852689599542912,507.0,0
1.7853781908010824,507.0,0
1.7854874216478736,508.0,0
1.7855966524946647,507.0,0
1.7857058833414559,507.0,0
1.785815114188247,508.0,0
1.785924345035038,508.0,0
1.786033575881829,507.0,0
1.7861428067286202,508.0,0
1.7862520375754114,508.0,0
1.7863612684222026,507.0,0
1.7864704992689937,507.0,0
1.786579730115785,508.0,0
1.7866889609625762,507.0,0
1.786798191809367,507.0,0
1.786907422656158,506.0,0
1.7870166535029495,507.0,0
1.7871258843497406,506.0,0
1.7872351151965318,505.0,0
1.787344346043323,506.0,0
1.787453576890114,506.0,0
1.7875628077369048,505.0,0
1.7876720385836962,505.0,0
1.7877812694304873,505.0,0
1.7878905002772785,505.0,0
1.7879997311240696,504.0,0
1.7881089619708608,505.0,0
1.788218192817652,505.0,0
1.788327423664443,504.0,0
1.788436654511234,504.0,0
1.7885458853580252,505.0,0
1.7886551162048163,504.0,0
1.7887643470516075,504.0,0
1.7888735778983986,504.0,0
1.7889828087451898,505.0,0
1.7890920395919812,504.0,0
1.7892012704387723,504.0,0
1.789310501285563,505.0,0
1.7894197321323542,505.0,0
1.7895289629791455,504.0,0
1.7896381938259367,505.0,0
1.7897474246727278,505.0,0
1.789856655519519,505.0,0
1.7899658863663102,505.0,0
1.7900751172131009,505.0,0
1.7901843480598922,505.0,0
1.7902935789066834,505.0,0
1.7904028097534745,505.0,0
1.7905120406002657,505.0,0
1.7906212714470569,505.0,0
1.790730502293848,505.0,0
1.7908397331406392,505.0,0
1.79094896398743,505.0,0
1.7910581948342212,504.0,0
1.7911674256810124,504.0,0
1.7912766565278035,505.0,0
1.7913858873745947,504.0,0
1.7914951182213859,504.0,0
1.7916043490681772,505.0,0
1.7917135799149684,504.0,0
1.791822810761759,504.0,0
1.7919320416085502,504.0,0
1.7920412724553416,504.0,0
1.7921505033021328,504.0,0
1.792259734148924,504.0,0
1.792368964995715,504.0,0
1.7924781958425062,504.0,0
1.792587426689297,504.0,0
1.7926966575360883,504.0,0
1.7928058883828795,504.0,0
1.7929151192296706,504.0,0
1.7930243500764618,504.0,0
1.793133580923253,504.0,0
1.793242811770044,504.0,0
1.7933520426168352,504.0,0
1.7934612734636262,504.0,0
1.7935705043104173,505.0,0
1.7936797351572085,505.0,0
1.7937889660039996,505.0,0
1.7938981968507908,505.0,0
1.794007427697582,506.0,0
1.7941166585443733,505.0,0
1.7942258893911645,506.0,0
1.7943351202379552,507.0,0
1.7944443510847463,507.0,0
1.7945535819315377,507.0,0
1.7946628127783288,508.0,0
1.79477204362512,507.0,0
1.7948812744719111,507.0,0
1.7949905053187023,508.0,0
1.7950997361654935,508.0,0
1.7952089670122844,507.0,0
1.7953181978590755,508.0,0
1.7954274287058667,508.0,0
1.7955366595526578,508.0,0
1.795645890399449,507.0,0
1.7957551212462401,508.0,0
1.7958643520930313,508.0,0
1.7959735829398222,508.0,0
1.7960828137866134,507.0,0
1.7961920446334045,508.0,0
1.7963012754801957,507.0,0
1.7964105063269868,507.0,0
1.796519737173778,507.0,0
1.7966289680205694,508.0,0
1.7967381988673605,507.0,0
1.7968474297141512,507.0,0
1.7969566605609424,507.0,0
1.7970658914077338,507.0,0
1.797175122254525,507.0,0
1.797284353101316,507.0,0
1.7973935839481072,507.0,0
1.7975028147948984,507.0,0
1.7976120456416895,507.0,0
1.7977212764884805,508.0,0
1.7978305073352716,507.0,0
1.7979397381820628,507.0,0
1.798048969028854,507.0,0
1.798158199875645,508.0,0
1.7982674307224362,507.0,0
1.7983766615692274,507.0,0
1.7984858924160183,507.0,0
1.7985951232628095,507.0,0
1.7987043541096006,506.0,0
1.7988135849563918,507.0,0
1.798922815803183,507.0,0
1.799032046649974,506.0,0
1.7991412774967654,507.0,0
1.7992505083435566,508.0,0
1.7993597391903473,507.0,0
1.7994689700371385,507.0,0
1.7995782008839298,507.0,0
1.799687431730721,508.0,0
1.7997966625775121,507.0,0
1.7999058934243033,507.0,0
1.8000151242710944,508.0,0
1.8001243551178856,508.0,0
1.8002335859646765,507.0,0
1.8003428168114677,508.0,0
1.8004520476582588,508.0,0
1.80056127850505,508.0,0
1.8006705093518411,508.0,0
1.8007797401986323,508.0,0
1.8008889710454234,508.0,0
1.8009982018922144,508.0,0
1.8011074327390055,508.0,0
1.8012166635857967,508.0,0
1.8013258944325878,508.0,0
1.801435125279379,508.0,0
1.8015443561261701,508.0,0
1.8016535869729615,508.0,0
1.8017628178197527,508.0,0
1.8018720486665434,508.0,0
1.8019812795133345,508.0,0
1.802090510360126,508.0,0
1.802199741206917,508.0,0
1.8023089720537082,508.0,0
1.8024182029004994,508.0,0
1.8025274337472905,508.0,0
1.8026366645940817,508.0,0
1.8027458954408726,508.0,0
1.8028551262876638,508.0,0
1.802964357134455,508.0,0
1.803073587981246,508.0,0
1.8031828188280372,508.0,0
1.8032920496748284,508.0,0
1.8034012805216195,508.0,0
1.803510511368411,508.0,0
1.8036197422152016,508.0,0
1.8037289730619928,508.0,0
1.803838203908784,508.0,0
1.803947434755575,508.0,0
1.8040566656023662,507.0,0
1.8041658964491576,507.0,0
1.8042751272959487,508.0,0
1.8043843581427395,507.0,0
1.8044935889895306,507.0,0
1.804602819836322,507.0,0
1.8047120506831131,508.0,0
1.8048212815299043,507.0,0
1.8049305123766954,507.0,0
1.8050397432234866,508.0,0
1.8051489740702777,508.0,0
1.8052582049170687,507.0,0
1.8053674357638598,507.0,0
1.805476666610651,507.0,0
1.8055858974574421,507.0,0
1.8056951283042333,507.0,0
1.8058043591510244,507.0,0
1.8059135899978156,507.0,0
1.806022820844607,506.0,0
1.8061320516913977,506.0,0
1.8062412825381888,507.0,0
1.80635051338498,506.0,0
1.8064597442317711,505.0,0
1.8065689750785623,506.0,0
1.8066782059253537,505.0,0
1.8067874367721448,505.0,0
1.8068966676189355,505.0,0
1.8070058984657267,505.0,0
1.807115129312518,505.0,0
1.8072243601593092,505.0,0
1.8073335910061004,505.0,0
1.8074428218528915,504.0,0
1.8075520526996827,504.0,0
1.8076612835464738,504.0,0
1.8077705143932647,504.0,0
1.807879745240056,504.0,0
1.807988976086847,504.0,0
1.8080982069336382,504.0,0
1.8082074377804294,504.0,0
1.8083166686272205,504.0,0
1.8084258994740117,504.0,0
1.808535130320803,504.0,0
1.8086443611675938,504.0,0
1.808753592014385,504.0,0
1.808862822861176,504.0,0
1.8089720537079672,504.0,0
1.8090812845547584,503.0,0
1.8091905154015497,504.0,0
1.809299746248341,504.0,0
1.809408977095132,503.0,0
1.8095182079419228,504.0,0
1.8096274387887141,504.0,0
1.8097366696355053,504.0,0
1.8098459004822964,504.0,0
1.8099551313290876,504.0,0
1.8100643621758787,504.0,0
1.81017359302267,504.0,0
1.8102828238694608,504.0,0
1.810392054716252,504.0,0
1.8105012855630431,504.0,0
1.8106105164098343,503.0,0
1.8107197472566254,504.0,0
1.8108289781034166,504.0,0
1.8109382089502077,503.0,0
1.8110474397969991,503.0,0
1.8111566706437898,503.0,0
1.811265901490581,503.0,0
1.8113751323373721,502.0,0
1.8114843631841633,503.0,0
1.8115935940309544,503.0,0
1.8117028248777458,502.0,0
1.811812055724537,502.0,0
1.8119212865713281,504.0,0
1.8120305174181188,503.0,0
1.8121397482649102,502.0,0
1.8122489791117014,503.0,0
1.8123582099584925,504.0,0
1.8124674408052837,503.0,0
1.8125766716520748,503.0,0
1.812685902498866,504.0,0
1.812795133345657,504.0,0
1.812904364192448,503.0,0
1.8130135950392392,504.0,0
1.8131228258860304,504.0,0
1.8132320567328215,503.0,0
1.8133412875796127,503.0,0
1.8134505184264038,504.0,0
1.8135597492731952,503.0,0
1.813668980119986,503.0,0
1.813778210966777,504.0,0
1.8138874418135682,504.0,0
1.8139966726603594,503.0,0
1.8141059035071505,504.0,0
1.8142151343539419,504.0,0
1.814324365200733,503.0,0
1.8144335960475242,503.0,0
1.814542826894315,504.0,0
1.8146520577411063,503.0,0
1.8147612885878974,502.0,0
1.8148705194346886,503.0,0
1.8149797502814797,503.0,0
1.8150889811282709,502.0,0
1.815198211975062,502.0,0
1.815307442821853,502.0,0
1.8154166736686441,502.0,0
1.8155259045154353,502.0,0
1.8156351353622264,502.0,0
1.8157443662090176,502.0,0
1.8158535970558087,502.0,0
1.8159628279025999,501.0,0
1.8160720587493913,502.0,0
1.816181289596182,501.0,0
1.8162905204429731,500.0,0
1.8163997512897643,501.0,0
1.8165089821365554,501.0,0
1.8166182129833466,500.0,0
1.816727443830138,500.0,0
1.816836674676929,500.0,0
1.8169459055237203,500.0,0
1.817055136370511,500.0,0
1.8171643672173023,500.0,0
1.8172735980640935,500.0,0
1.8173828289108847,500.0,0
1.8174920597576758,500.0,0
1.817601290604467,500.0,0
1.817710521451258,500.0,0
1.8178197522980493,500.0,0
1.8179289831448402,500.0,0
1.8180382139916313,500.0,0
1.8181474448384225,500.0,0
1.8182566756852137,500.0,0
1.8183659065320048,500.0,0
1.818475137378796,500.0,0
1.8185843682255873,500.0,0
1.818693599072378,500.0,0
1.8188028299191692,500.0,0
1.8189120607659603,500.0,0
1.8190212916127515,500.0,0
1.8191305224595427,500.0,0
1.819239753306334,500.0,0
1.8193489841531252,500.0,0
1.8194582149999163,500.0,0
1.819567445846707,500.0,0
1.8196766766934984,500.0,0
1.8197859075402896,500.0,0
1.8198951383870807,500.0,0
1.8200043692338719,500.0,0
1.820113600080663,500.0,0
1.8202228309274542,500.0,0
1.8203320617742453,500.0,0
1.8204412926210363,500.0,0
1.8205505234678274,499.0,0
1.8206597543146186,500.0,0
1.8207689851614097,500.0,0
1.8208782160082009,500.0,0
1.820987446854992,499.0,0
1.8210966777017834,500.0,0
1.8212059085485741,500.0,0
1.8213151393953653,500.0,0
1.8214243702421564,500.0,0
1.8215336010889476,500.0,0
1.8216428319357387,500.0,0
1.82175206278253,500.0,0
1.8218612936293213,501.0,0
1.8219705244761124,502.0,0
1.8220797553229031,501.0,0
1.8221889861696945,502.0,0
1.8222982170164856,502.0,0
1.8224074478632768,502.0,0
1.822516678710068,502.0,0
1.822625909556859,503.0,0
1.8227351404036503,503.0,0
1.8228443712504414,503.0,0
1.8229536020972323,503.0,0
1.8230628329440235,504.0,0
1.8231720637908146,504.0,0
1.8232812946376058,504.0,0
1.823390525484397,504.0,0
1.823499756331188,504.0,0
1.8236089871779795,504.0,0
1.8237182180247702,504.0,0
1.8238274488715613,504.0,0
1.8239366797183525,504.0,0
1.8240459105651436,504.0,0
1.8241551414119348,504.0,0
1.8242643722587262,504.0,0
1.8243736031055173,504.0,0
1.8244828339523085,504.0,0
1.8245920647990992,504.0,0
1.8247012956458906,504.0,0
1.8248105264926817,504.0,0
1.8249197573394729,504.0,0
1.825028988186264,504.0,0
1.8251382190330552,504.0,0
1.8252474498798463,504.0,0
1.8253566807266375,504.0,0
1.8254659115734284,504.0,0
1.8255751424202196,504.0,0
1.8256843732670107,504.0,0
1.8257936041138019,504.0,0
1.825902834960593,504.0,0
1.8260120658073842,504.0,0
1.8261212966541756,504.0,0
1.8262305275009667,504.0,0
1.8263397583477574,504.0,0
1.8264489891945486,504.0,0
1.8265582200413397,504.0,0
1.8266674508881309,504.0,0
1.8267766817349222,504.0,0
1.8268859125817134,504.0,0
1.8269951434285046,504.0,0
1.8271043742752953,504.0,0
1.8272136051220866,504.0,0
1.8273228359688778,504.0,0
1.827432066815669,504.0,0
1.82754129766246,504.0,0
1.8276505285092512,504.0,0
1.8277597593560424,504.0,0
1.8278689902028336,503.0,0
1.8279782210496245,503.0,0
1.8280874518964156,503.0,0
1.8281966827432068,502.0,0
1.828305913589998,502.0,0
1.828415144436789,502.0,0
1.8285243752835802,502.0,0
1.8286336061303716,500.0,0
1.8287428369771628,501.0,0
1.8288520678239535,501.0,0
1.8289612986707446,500.0,0
1.8290705295175358,500.0,0
1.829179760364327,500.0,0
1.8292889912111183,500.0,0
1.8293982220579095,499.0,0
1.8295074529047006,499.0,0
1.8296166837514913,500.0,0
1.8297259145982827,499.0,0
1.8298351454450739,499.0,0
1.829944376291865,499.0,0
1.8300536071386562,499.0,0
1.8301628379854473,499.0,0
1.8302720688322385,499.0,0
1.8303812996790296,499.0,0
1.8304905305258206,499.0,0
1.8305997613726117,498.0,0
1.8307089922194029,499.0,0
1.830818223066194,499.0,0
1.8309274539129852,498.0,0
1.8310366847597763,498.0,0
1.8311459156065677,499.0,0
1.8312551464533589,498.0,0
1.8313643773001496,498.0,0
1.8314736081469407,498.0,0
1.8315828389937319,499.0,0
1.831692069840523,498.0,0
1.8318013006873144,497.0,0
1.8319105315341055,498.0,0
1.8320197623808967,498.0,0
1.8321289932276874,497.0,0
1.8322382240744788,497.0,0
1.83234745492127,497.0,0
1.832456685768061,497.0,0
1.8325659166148522,497.0,0
1.8326751474616434,497.0,0
1.8327843783084345,497.0,0
1.8328936091552257,497.0,0
1.8330028400020166,497.0,0
1.8331120708488078,497.0,0
1.833221301695599,497.0,0
1.83333053254239,497.0,0
1.8334397633891812,497.0,0
1.8335489942359724,497.0,0
1.8336582250827638,497.0,0
1.833767455929555,497.0,0
1.8338766867763456,498.0,0
1.8339859176231368,497.0,0
1.834095148469928,497.0,0
1.834204379316719,498.0,0
1.8343136101635105,498.0,0
1.8344228410103016,498.0,0
1.8345320718570928,498.0,0
1.834641302703884,499.0,0
1.8347505335506749,498.0,0
1.834859764397466,498.0,0
1.8349689952442572,499.0,0
1.8350782260910483,499.0,0
1.8351874569378395,499.0,0
1.8352966877846306,499.0,0
1.8354059186314218,499.0,0
1.8355151494782127,499.0,0
1.8356243803250039,499.0,0
1.835733611171795,499.0,0
1.8358428420185862,499.0,0
1.8359520728653773,499.0,0
1.8360613037121685,499.0,0
1.8361705345589598,499.0,0
1.836279765405751,499.0,0
1.8363889962525417,499.0,0
1.8364982270993329,499.0,0
1.836607457946124,499.0,0
1.8367166887929152,499.0,0
1.8368259196397065,499.0,0
1.8369351504864977,499.0,0
1.8370443813332888,499.0,0
1.83715361218008,499.0,0
1.837262843026871,500.0,0
1.837372073873662,499.0,0
1.8374813047204532,499.0,0
1.8375905355672444,499.0,0
1.8376997664140355,500.0,0
1.8378089972608267,499.0,0
1.8379182281076178,499.0,0
1.8380274589544088,500.0,0
1.8381366898012,500.0,0
1.838245920647991,500.0,0
1.8383551514947822,500.0,0
1.8384643823415734,500.0,0
1.8385736131883645,500.0,0
1.838682844035156,500.0,0
1.838792074881947,500.0,0
1.8389013057287378,501.0,0
1.839010536575529,500.0,0
1.83911976742232,500.0,0
1.8392289982691112,502.0,0
1.8393382291159026,501.0,0
1.8394474599626938,500.0,0
1.839556690809485,501.0,0
1.839665921656276,502.0,0
1.839775152503067,501.0,0
1.8398843833498582,501.0,0
1.8399936141966493,502.0,0
1.8401028450434405,501.0,0
1.8402120758902316,500.0,0
1.8403213067370228,501.0,0
1.840430537583814,501.0,0
1.840539768430605,500.0,0
1.840648999277396,500.0,0
1.8407582301241872,501.0,0
1.8408674609709783,500.0,0
1.8409766918177695,499.0,0
1.8410859226645606,500.0,0
1.841195153511352,500.0,0
1.8413043843581431,499.0,0
1.8414136152049339,499.0,0
1.841522846051725,500.0,0
1.8416320768985162,499.0,0
1.8417413077453073,499.0,0
1.8418505385920987,499.0,0
1.8419597694388898,499.0,0
1.842069000285681,499.0,0
1.8421782311324721,499.0,0
1.842287461979263,499.0,0
1.8423966928260542,499.0,0
1.8425059236728454,499.0,0
1.8426151545196365,499.0,0
1.8427243853664277,499.0,0
1.8428336162132188,499.0,0
1.84294284706001,499.0,0
1.8430520779068011,499.0,0
1.843161308753592,499.0,0
1.8432705396003832,499.0,0
1.8433797704471744,499.0,0
1.8434890012939655,499.0,0
1.8435982321407567,499.0,0
1.843707462987548,499.0,0
1.8438166938343392,499.0,0
1.84392592468113,499.0,0
1.844035155527921,499.0,0
1.8441443863747122,500.0,0
1.8442536172215034,500.0,0
1.8443628480682948,500.0,0
1.844472078915086,500.0,0
1.844581309761877,500.0,0
1.8446905406086682,500.0,0
1.8447997714554591,500.0,0
1.8449090023022503,501.0,0
1.8450182331490415,502.0,0
1.8451274639958326,501.0,0
1.8452366948426238,501.0,0
1.845345925689415,502.0,0
1.845455156536206,502.0,0
1.8455643873829972,502.0,0
1.8456736182297881,502.0,0
1.8457828490765793,503.0,0
1.8458920799233705,502.0,0
1.8460013107701616,502.0,0
1.8461105416169528,503.0,0
1.8462197724637441,503.0,0
1.8463290033105353,502.0,0
1.846438234157326,503.0,0
1.8465474650041172,504.0,0
1.8466566958509083,503.0,0
1.8467659266976995,502.0,0
1.8468751575444908,504.0,0
1.846984388391282,504.0,0
1.8470936192380731,503.0,0
1.8472028500848643,503.0,0
1.8473120809316552,503.0,0
1.8474213117784464,502.0,0
1.8475305426252375,502.0,0
1.8476397734720287,503.0,0
1.8477490043188198,503.0,0
1.847858235165611,502.0,0
1.8479674660124021,502.0,0
1.8480766968591933,502.0,0
1.8481859277059842,502.0,0
1.8482951585527754,502.0,0
1.8484043893995665,502.0,0
1.8485136202463577,502.0,0
1.8486228510931488,502.0,0
1.8487320819399402,502.0,0
1.8488413127867314,502.0,0
1.8489505436335225,502.0,0
1.8490597744803132,502.0,0
1.8491690053271044,502.0,0
1.8492782361738955,503.0,0
1.849387467020687,502.0,0
1.849496697867478,504.0,0
1.8496059287142692,504.0,0
1.8497151595610604,504.0,0
1.8498243904078513,504.0,0
1.8499336212546424,504.0,0
1.8500428521014336,504.0,0
1.8501520829482248,504.0,0
1.850261313795016,504.0,0
1.850370544641807,504.0,0
1.8504797754885982,504.0,0
1.8505890063353894,505.0,0
1.8506982371821803,505.0,0
1.8508074680289714,505.0,0
1.8509166988757626,505.0,0
1.8510259297225538,505.0,0
1.851135160569345,505.0,0
1.8512443914161363,505.0,0
1.8513536222629274,505.0,0
1.8514628531097186,505.0,0
1.8515720839565093,505.0,0
1.8516813148033004,505.0,0
1.8517905456500916,505.0,0
1.851899776496883,505.0,0
1.8520090073436741,505.0,0
1.8521182381904653,506.0,0
1.8522274690372564,505.0,0
1.8523366998840474,505.0,0
1.8524459307308385,505.0,0
1.8525551615776297,506.0,0
1.8526643924244208,505.0,0
1.852773623271212,505.0,0
1.8528828541180031,505.0,0
1.8529920849647943,505.0,0
1.8531013158115854,505.0,0
1.8532105466583764,505.0,0
1.8533197775051675,505.0,0
1.8534290083519587,505.0,0
1.8535382391987498,505.0,0
1.853647470045541,505.0,0
1.8537567008923324,505.0,0
1.8538659317391235,505.0,0
1.8539751625859147,504.0,0
1.8540843934327054,505.0,0
1.8541936242794965,504.0,0
1.8543028551262877,504.0,0
1.854412085973079,504.0,0
1.8545213168198702,504.0,0
1.8546305476666614,504.0,0
1.8547397785134525,504.0,0
1.8548490093602434,504.0,0
1.8549582402070346,504.0,0
1.8550674710538257,504.0,0
1.855176701900617,504.0,0
1.855285932747408,504.0,0
1.8553951635941992,504.0,0
1.8555043944409904,503.0,0
1.8556136252877815,503.0,0
1.8557228561345724,503.0,0
1.8558320869813636,502.0,0
1.8559413178281547,502.0,0
1.856050548674946,503.0,0
1.856159779521737,503.0,0
1.8562690103685284,502.0,0
1.8563782412153196,502.0,0
1.8564874720621107,503.0,0
1.8565967029089014,502.0,0
1.8567059337556926,502.0,0
1.8568151646024837,503.0,0
1.8569243954492751,503.0,0
1.8570336262960663,502.0,0
1.8571428571428574,503.0,0
1.8572520879896486,503.0,0
1.8573613188364397,503.0,0
1.8574705496832307,503.0,0
1.8575797805300218,504.0,0
1.857689011376813,504.0,0
1.8577982422236041,503.0,0
1.8579074730703953,504.0,0
1.8580167039171864,504.0,0
1.8581259347639776,504.0,0
1.8582351656107685,504.0,0
1.8583443964575597,504.0,0
1.8584536273043508,504.0,0
1.858562858151142,504.0,0
1.8586720889979331,504.0,0
1.8587813198447245,504.0,0
1.8588905506915157,504.0,0
1.8589997815383068,504.0,0
1.8591090123850975,504.0,0
1.8592182432318887,504.0,0
1.8593274740786798,504.0,0
1.8594367049254712,504.0,0
1.8595459357722623,505.0,0
1.8596551666190535,504.0,0
1.8597643974658447,504.0,0
1.8598736283126358,504.0,0
1.8599828591594267,504.0,0
1.860092090006218,504.0,0
1.860201320853009,504.0,0
1.8603105516998002,504.0,0
1.8604197825465913,504.0,0
1.8605290133933825,504.0,0
1.8606382442401737,505.0,0
1.8607474750869646,505.0,0
1.8608567059337557,504.0,0
1.860965936780547,504.0,0
1.861075167627338,505.0,0
1.8611843984741292,505.0,0
1.8612936293209206,504.0,0
1.8614028601677117,505.0,0
1.8615120910145029,505.0,0
1.8616213218612936,505.0,0
1.8617305527080847,505.0,0
1.861839783554876,505.0,0
1.8619490144016673,505.0,0
1.8620582452484584,505.0,0
1.8621674760952496,506.0,0
1.8622767069420407,506.0,0
1.8623859377888319,505.0,0
1.8624951686356228,505.0,0
1.862604399482414,507.0,0
1.8627136303292051,507.0,0
1.8628228611759963,506.0,0
1.8629320920227874,507.0,0
1.8630413228695786,507.0,0
1.8631505537163697,507.0,0
1.8632597845631609,507.0,0
1.8633690154099518,508.0,0
1.863478246256743,508.0,0
1.8635874771035341,507.0,0
1.8636967079503253,508.0,0
1.8638059387971166,508.0,0
1.8639151696439078,508.0,0
1.864024400490699,507.0,0
1.8641336313374897,508.0,0
1.8642428621842808,508.0,0
1.864352093031072,508.0,0
1.8644613238778633,507.0,0
1.8645705547246545,508.0,0
1.8646797855714456,508.0,0
1.8647890164182368,507.0,0
1.864898247265028,508.0,0
1.8650074781118189,508.0,0
1.86511670895861,507.0,0
1.8652259398054012,507.0,0
1.8653351706521923,508.0,0
1.8654444014989835,508.0,0
1.8655536323457746,507.0,0
1.8656628631925658,508.0,0
1.865772094039357,508.0,0
1.8658813248861479,507.0,0
1.865990555732939,507.0,0
1.8660997865797302,508.0,0
1.8662090174265213,507.0,0
1.8663182482733127,507.0,0
1.8664274791201039,507.0,0
1.866536709966895,508.0,0
1.8666459408136857,507.0,0
1.8667551716604769,507.0,0
1.866864402507268,508.0,0
1.8669736333540594,508.0,0
1.8670828642008506,508.0,0
1.8671920950476417,508.0,0
1.8673013258944329,508.0,0
1.867410556741224,508.0,0
1.867519787588015,508.0,0
1.867629018434806,508.0,0
1.8677382492815973,508.0,0
1.8678474801283884,508.0,0
1.8679567109751796,508.0,0
1.8680659418219707,508.0,0
1.8681751726687619,508.0,0
1.868284403515553,508.0,0
1.868393634362344,508.0,0
1.868502865209135,508.0,0
1.8686120960559263,508.0,0
1.8687213269027174,508.0,0
1.8688305577495088,508.0,0
1.8689397885963,508.0,0
1.869049019443091,508.0,0
1.8691582502898818,508.0,0
1.869267481136673,508.0,0
1.8693767119834641,508.0,0
1.8694859428302555,508.0,0
1.8695951736770466,508.0,0
1.8697044045238378,508.0,0
1.869813635370629,508.0,0
1.86992286621742,508.0,0
1.870032097064211,508.0,0
1.8701413279110022,508.0,0
1.8702505587577933,508.0,0
1.8703597896045845,508.0,0
1.8704690204513756,508.0,0
1.8705782512981668,508.0,0
1.870687482144958,508.0,0
1.870796712991749,508.0,0
1.87090594383854,508.0,0
1.8710151746853312,508.0,0
1.8711244055321223,508.0,0
1.8712336363789135,508.0,0
1.8713428672257049,508.0,0
1.871452098072496,508.0,0
1.8715613289192872,508.0,0
1.8716705597660783,507.0,0
1.871779790612869,508.0,0
1.8718890214596602,508.0,0
1.8719982523064516,508.0,0
1.8721074831532427,507.0,0
1.8722167140000339,508.0,0
1.872325944846825,508.0,0
1.8724351756936162,508.0,0
1.872544406540407,508.0,0
1.8726536373871983,508.0,0
1.8727628682339894,508.0,0
1.8728720990807806,508.0,0
1.8729813299275717,508.0,0
1.8730905607743629,508.0,0
1.873199791621154,508.0,0
1.8733090224679452,508.0,0
1.873418253314736,508.0,0
1.8735274841615273,508.0,0
1.8736367150083184,508.0,0
1.8737459458551096,508.0,0
1.873855176701901,508.0,0
1.873964407548692,508.0,0
1.8740736383954832,508.0,0
1.8741828692422744,508.0,0
1.874292100089065,508.0,0
1.8744013309358563,508.0,0
1.8745105617826476,508.0,0
1.8746197926294388,508.0,0
1.87472902347623,507.0,0
1.874838254323021,508.0,0
1.8749474851698122,508.0,0
1.8750567160166032,507.0,0
1.8751659468633943,507.0,0
1.8752751777101855,507.0,0
1.8753844085569766,507.0,0
1.8754936394037678,506.0,0
1.875602870250559,506.0,0
1.87571210109735,507.0,0
1.8758213319441412,506.0,0
1.8759305627909322,506.0,0
1.8760397936377233,506.0,0
1.8761490244845145,507.0,0
1.8762582553313056,505.0,0
1.876367486178097,505.0,0
1.8764767170248882,506.0,0
1.8765859478716793,505.0,0
1.8766951787184705,505.0,0
1.8768044095652612,506.0,0
1.8769136404120523,506.0,0
1.8770228712588437,505.0,0
1.8771321021056349,505.0,0
1.877241332952426,506.0,0
1.8773505637992172,505.0,0
1.8774597946460083,505.0,0
1.8775690254927992,505.0,0
1.8776782563395904,505.0,0
1.8777874871863816,505.0,0
1.8778967180331727,505.0,0
1.8780059488799639,505.0,0
1.878115179726755,505.0,0
1.8782244105735462,505.0,0
1.8783336414203373,505.0,0
1.8784428722671282,505.0,0
1.8785521031139194,505.0,0
1.8786613339607106,505.0,0
1.8787705648075017,505.0,0
1.878879795654293,505.0,0
1.8789890265010842,505.0,0
1.8790982573478754,505.0,0
1.8792074881946665,505.0,0
1.8793167190414573,505.0,0
1.8794259498882484,505.0,0
1.8795351807350398,505.0,0
1.879644411581831,505.0,0
1.879753642428622,505.0,0
1.8798628732754132,506.0,0
1.8799721041222044,505.0,0
1.8800813349689955,505.0,0
1.8801905658157865,505.0,0
1.8802997966625776,506.0,0
1.8804090275093688,505.0,0
1.88051825835616,505.0,0
1.880627489202951,505.0,0
1.8807367200497422,506.0,0
1.8808459508965334,505.0,0
1.8809551817433243,505.0,0
1.8810644125901155,505.0,0
1.8811736434369066,505.0,0
1.8812828742836978,504.0,0
1.8813921051304892,505.0,0
1.8815013359772803,505.0,0
1.8816105668240715,505.0,0
1.8817197976708626,504.0,0
1.8818290285176533,505.0,0
1.8819382593644445,504.0,0
1.8820474902112359,504.0,0
1.882156721058027,504.0,0
1.8822659519048182,505.0,0
1.8823751827516093,504.0,0
1.8824844135984005,504.0,0
1.8825936444451916,504.0,0
1.8827028752919825,504.0,0
1.8828121061387737,504.0,0
1.8829213369855649,504.0,0
1.883030567832356,504.0,0
1.8831397986791472,504.0,0
1.8832490295259383,504.0,0
1.8833582603727295,505.0,0
1.8834674912195204,504.0,0
1.8835767220663115,504.0,0
1.8836859529131027,504.0,0
1.8837951837598939,505.0,0
1.8839044146066852,504.0,0
1.8840136454534764,504.0,0
1.8841228763002675,505.0,0
1.8842321071470587,505.0,0
1.8843413379938494,504.0,0
1.8844505688406405,505.0,0
1.884559799687432,505.0,0
1.884669030534223,505.0,0
1.8847782613810142,505.0,0
1.8848874922278054,505.0,0
1.8849967230745965,505.0,0
1.8851059539213877,505.0,0
1.8852151847681786,506.0,0
1.8853244156149698,507.0,0
1.885433646461761,506.0,0
1.885542877308552,506.0,0
1.8856521081553432,507.0,0
1.8857613390021344,507.0,0
1.8858705698489255,507.0,0
1.8859798006957165,507.0,0
1.8860890315425076,508.0,0
1.8861982623892988,507.0,0
1.88630749323609,507.0,0
1.8864167240828813,508.0,0
1.8865259549296725,508.0,0
1.8866351857764636,508.0,0
1.8867444166232548,508.0,0
1.8868536474700455,508.0,0
1.8869628783168366,508.0,0
1.887072109163628,508.0,0
1.8871813400104192,508.0,0
1.8872905708572103,508.0,0
1.8873998017040015,508.0,0
1.8875090325507926,508.0,0
1.8876182633975838,508.0,0
1.8877274942443747,508.0,0
1.8878367250911658,508.0,0
1.887945955937957,509.0,0
1.8880551867847482,509.0,0
1.8881644176315393,508.0,0
1.8882736484783305,509.0,0
1.8883828793251216,509.0,0
1.888492110171913,509.0,0
1.8886013410187037,509.0,0
1.8887105718654948,510.0,0
1.888819802712286,510.0,0
1.8889290335590774,510.0,0
1.8890382644058685,510.0,0
1.8891474952526597,510.0,0
1.8892567260994508,510.0,0
1.8893659569462415,510.0,0
1.8894751877930327,511.0,0
1.889584418639824,511.0,0
1.8896936494866152,511.0,0
1.8898028803334064,511.0,0
1.8899121111801975,511.0,0
1.8900213420269887,511.0,0
1.8901305728737798,511.0,0
1.8902398037205708,511.0,0
1.890349034567362,512.0,0
1.890458265414153,511.0,0
1.8905674962609442,512.0,0
1.8906767271077354,512.0,0
1.8907859579545265,512.0,0
1.8908951888013177,511.0,0
1.891004419648109,512.0,0
1.8911136504948998,512.0,0
1.891222881341691,512.0,0
1.891332112188482,511.0,0
1.8914413430352734,512.0,0
1.8915505738820646,511.0,0
1.8916598047288558,511.0,0
1.891769035575647,511.0,0
1.8918782664224376,512.0,0
1.8919874972692288,511.0,0
1.8920967281160201,511.0,0
1.8922059589628113,512.0,0
1.8923151898096024,511.0,0
1.8924244206563936,511.0,0
1.8925336515031848,511.0,0
1.892642882349976,511.0,0
1.8927521131967668,511.0,0
1.892861344043558,511.0,0
1.8929705748903491,511.0,0
1.8930798057371403,511.0,0
1.8931890365839315,511.0,0
1.8932982674307226,511.0,0
1.8934074982775138,511.0,0
1.8935167291243051,511.0,0
1.8936259599710958,511.0,0
1.893735190817887,511.0,0
1.8938444216646781,511.0,0
1.8939536525114695,511.0,0
1.8940628833582607,511.0,0
1.8941721142050518,511.0,0
1.894281345051843,510.0,0
1.8943905758986341,511.0,0
1.8944998067454248,511.0,0
1.8946090375922162,510.0,0
1.8947182684390074,510.0,0
1.8948274992857985,510.0,0
1.8949367301325897,510.0,0
1.8950459609793808,510.0,0
1.895155191826172,510.0,0
1.895264422672963,510.0,0
1.895373653519754,510.0,0
1.8954828843665452,510.0,0
1.8955921152133364,510.0,0
1.8957013460601275,510.0,0
1.8958105769069187,510.0,0
1.8959198077537098,509.0,0
1.8960290386005012,510.0,0
1.896138269447292,509.0,0
1.896247500294083,509.0,0
1.8963567311408742,509.0,0
1.8964659619876656,510.0,0
1.8965751928344567,509.0,0
1.896684423681248,509.0,0
1.896793654528039,509.0,0
1.8969028853748302,509.0,0
1.897012116221621,508.0,0
1.8971213470684123,509.0,0
1.8972305779152034,509.0,0
1.8973398087619946,508.0,0
1.8974490396087857,508.0,0
1.897558270455577,509.0,0
1.897667501302368,508.0,0
1.897776732149159,508.0,0
1.8978859629959501,508.0,0
1.8979951938427413,509.0,0
1.8981044246895324,508.0,0
1.8982136555363236,508.0,0
1.8983228863831147,508.0,0
1.898432117229906,508.0,0
1.8985413480766973,508.0,0
1.898650578923488,508.0,0
1.8987598097702791,508.0,0
1.8988690406170703,508.0,0
1.8989782714638617,508.0,0
1.8990875023106528,509.0,0
1.899196733157444,508.0,0
1.8993059640042351,508.0,0
1.8994151948510263,508.0,0
1.899524425697817,509.0,0
1.8996336565446084,508.0,0
1.8997428873913995,508.0,0
1.8998521182381907,508.0,0
1.8999613490849818,508.0,0
1.900070579931773,508.0,0
1.9001798107785641,508.0,0
1.900289041625355,509.0,0
1.9003982724721462,508.0,0
1.9005075033189374,508.0,0
1.9006167341657285,509.0,0
1.9007259650125197,508.0,0
1.9008351958593108,508.0,0
1.900944426706102,508.0,0
1.9010536575528934,509.0,0
1.901162888399684,508.0,0
1.9012721192464752,508.0,0
1.9013813500932664,508.0,0
1.9014905809400577,508.0,0
1.901599811786849,508.0,0
1.90170904263364,508.0,0
1.9018182734804312,508.0,0
1.9019275043272224,508.0,0
1.902036735174013,508.0,0
1.9021459660208044,508.0,0
1.9022551968675956,508.0,0
1.9023644277143867,508.0,0
1.902473658561178,508.0,0
1.902582889407969,508.0,0
1.9026921202547602,508.0,0
1.9028013511015514,508.0,0
1.9029105819483423,508.0,0
1.9030198127951334,508.0,0
1.9031290436419246,508.0,0
1.9032382744887157,508.0,0
1.903347505335507,508.0,0
1.903456736182298,508.0,0
1.9035659670290894,508.0,0
1.9036751978758801,509.0,0
1.9037844287226713,508.0,0
1.9038936595694624,508.0,0
1.9040028904162538,508.0,0
1.904112121263045,509.0,0
1.9042213521098361,508.0,0
1.9043305829566273,508.0,0
1.9044398138034184,508.0,0
1.9045490446502091,508.0,0
1.9046582754970005,508.0,0
1.9047675063437917,508.0,0
1.9048767371905828,508.0,0
1.904985968037374,508.0,0
1.9050951988841651,508.0,0
1.9052044297309563,508.0,0
1.9053136605777474,508.0,0
1.9054228914245384,508.0,0
1.9055321222713295,508.0,0
1.9056413531181207,508.0,0
1.9057505839649118,508.0,0
1.905859814811703,508.0,0
1.9059690456584941,508.0,0
1.9060782765052855,508.0,0
1.9061875073520762,508.0,0
1.9062967381988674,508.0,0
1.9064059690456585,508.0,0
1.9065151998924499,508.0,0
1.906624430739241,508.0,0
1.9067336615860322,508.0,0
1.9068428924328233,508.0,0
1.9069521232796145,508.0,0
1.9070613541264052,508.0,0
1.9071705849731966,509.0,0
1.9072798158199877,508.0,0
1.9073890466667789,508.0,0
1.90749827751357,509.0,0
1.9076075083603612,509.0,0
1.9077167392071523,508.0,0
1.9078259700539435,510.0,0
1.9079352009007344,510.0,0
1.9080444317475256,510.0,0
1.9081536625943167,510.0,0
1.9082628934411079,511.0,0
1.908372124287899,511.0,0
1.9084813551346902,510.0,0
1.9085905859814816,510.0,0
1.9086998168282723,511.0,0
1.9088090476750634,511.0,0
1.9089182785218546,511.0,0
1.909027509368646,511.0,0
1.9091367402154371,511.0,0
1.9092459710622283,511.0,0
1.9093552019090194,512.0,0
1.9094644327558106,512.0,0
1.9095736636026013,511.0,0
1.9096828944493927,511.0,0
1.9097921252961838,512.0,0
1.909901356142975,512.0,0
1.9100105869897661,511.0,0
1.9101198178365573,511.0,0
1.9102290486833484,512.0,0
1.9103382795301396,511.0,0
1.9104475103769305,511.0,0
1.9105567412237217,511.0,0
1.9106659720705128,511.0,0
1.910775202917304,510.0,0
1.9108844337640951,511.0,0
1.9109936646108863,511.0,0
1.9111028954576776,510.0,0
1.9112121263044688,510.0,0
1.9113213571512595,511.0,0
1.9114305879980507,510.0,0
1.911539818844842,510.0,0
1.9116490496916332,510.0,0
1.9117582805384243,510.0,0
1.9118675113852155,510.0,0
1.9119767422320066,510.0,0
1.9120859730787974,510.0,0
1.9121952039255887,510.0,0
1.9123044347723799,509.0,0
1.912413665619171,510.0,0
1.9125228964659622,510.0,0
1.9126321273127533,509.0,0
1.9127413581595445,509.0,0
1.9128505890063356,510.0,0
1.9129598198531266,509.0,0
1.9130690506999177,509.0,0
1.9131782815467089,509.0,0
1.9132875123935,510.0,0
1.9133967432402912,509.0,0
1.9135059740870823,509.0,0
1.9136152049338737,510.0,0
1.9137244357806649,510.0,0
1.9138336666274556,509.0,0
1.9139428974742467,510.0,0
1.914052128321038,510.0,0
1.9141613591678293,510.0,0
1.9142705900146204,509.0,0
1.9143798208614116,510.0,0
1.9144890517082027,509.0,0
1.9145982825549934,509.0,0
1.9147075134017848,509.0,0
1.914816744248576,510.0,0
1.914925975095367,509.0,0
1.9150352059421583,509.0,0
1.9151444367889494,510.0,0
1.9152536676357406,510.0,0
1.9153628984825317,509.0,0
1.9154721293293226,510.0,0
1.9155813601761138,510.0,0
1.915690591022905,510.0,0
1.915799821869696,509.0,0
1.9159090527164873,510.0,0
1.9160182835632784,509.0,0
1.9161275144100698,509.0,0
1.916236745256861,509.0,0
1.9163459761036516,510.0,0
1.9164552069504428,509.0,0
1.9165644377972342,509.0,0
1.9166736686440253,509.0,0
1.9167828994908165,510.0,0
1.9168921303376076,509.0,0
1.9170013611843988,509.0,0
1.9171105920311895,510.0,0
1.9172198228779809,509.0,0
1.917329053724772,509.0,0
1.9174382845715632,510.0,0
1.9175475154183543,510.0,0
1.9176567462651455,509.0,0
1.9177659771119366,509.0,0
1.9178752079587278,510.0,0
1.9179844388055187,510.0,0
1.9180936696523099,509.0,0
1.918202900499101,510.0,0
1.9183121313458922,510.0,0
1.9184213621926833,509.0,0
1.9185305930394745,509.0,0
1.9186398238862659,510.0,0
1.918749054733057,509.0,0
1.9188582855798477,509.0,0
1.9189675164266389,510.0,0
1.9190767472734303,509.0,0
1.9191859781202214,509.0,0
1.9192952089670126,509.0,0
1.9194044398138037,509.0,0
1.9195136706605949,509.0,0
1.919622901507386,508.0,0
1.919732132354177,508.0,0
1.919841363200968,508.0,0
1.9199505940477593,508.0,0
1.9200598248945504,508.0,0
1.9201690557413416,508.0,0
1.9202782865881327,508.0,0
1.9203875174349239,508.0,0
1.9204967482817148,508.0,0
1.920605979128506,508.0,0
1.920715209975297,507.0,0
1.9208244408220883,507.0,0
1.9209336716688794,507.0,0
1.9210429025156706,507.0,0
1.921152133362462,507.0,0
1.921261364209253,507.0,0
1.9213705950560438,506.0,0
1.921479825902835,505.0,0
1.9215890567496263,506.0,0
1.9216982875964175,505.0,0
1.9218075184432086,505.0,0
1.9219167492899998,505.0,0
1.922025980136791,505.0,0
1.922135210983582,505.0,0
1.922244441830373,505.0,0
1.9223536726771642,505.0,0
1.9224629035239553,505.0,0
1.9225721343707465,504.0,0
1.9226813652175376,504.0,0
1.9227905960643288,504.0,0
1.92289982691112,504.0,0
1.9230090577579109,504.0,0
1.923118288604702,504.0,0
1.9232275194514932,504.0,0
1.9233367502982843,504.0,0
1.9234459811450755,504.0,0
1.9235552119918666,504.0,0
1.923664442838658,504.0,0
1.9237736736854492,504.0,0
1.9238829045322399,504.0,0
1.923992135379031,504.0,0
1.9241013662258224,503.0,0
1.9242105970726135,503.0,0
1.9243198279194047,503.0,0
1.9244290587661959,502.0,0
1.924538289612987,502.0,0
1.9246475204597782,502.0,0
1.924756751306569,502.0,0
1.9248659821533602,502.0,0
1.9249752130001514,501.0,0
1.9250844438469426,501.0,0
1.9251936746937337,500.0,0
1.9253029055405249,500.0,0
1.925412136387316,500.0,0
1.9255213672341074,500.0,0
1.925630598080898,499.0,0
1.9257398289276892,499.0,0
1.9258490597744804,500.0,0
1.9259582906212716,499.0,0
1.9260675214680627,499.0,0
1.926176752314854,499.0,0
1.9262859831616452,499.0,0
1.926395214008436,499.0,0
1.926504444855227,499.0,0
1.9266136757020185,499.0,0
1.9267229065488096,499.0,0
1.9268321373956008,498.0,0
1.926941368242392,498.0,0
1.927050599089183,499.0,0
1.9271598299359742,497.0,0
1.9272690607827652,497.0,0
1.9273782916295563,498.0,0
1.9274875224763475,497.0,0
1.9275967533231386,497.0,3
1.9277059841699298,497.0,0
1.927815215016721,497.0,0
1.927924445863512,496.0,0
1.9280336767103035,496.0,0
1.9281429075570942,496.0,0
1.9282521384038853,496.0,0
1.9283613692506765,495.0,0
1.9284706000974676,495.0,0
1.9285798309442588,495.0,0
1.9286890617910502,494.0,0
1.9287982926378413,494.0,0
1.928907523484632,494.0,0
1.9290167543314232,494.0,0
1.9291259851782145,492.0,0
1.9292352160250057,492.0,0
1.9293444468717968,492.0,0
1.929453677718588,492.0,0
1.9295629085653792,492.0,0
1.9296721394121703,492.0,0
1.9297813702589612,492.0,0
1.9298906011057524,491.0,0
1.9299998319525435,490.0,0
1.9301090627993347,491.0,0
1.9302182936461258,489.0,0
1.930327524492917,489.0,0
1.9304367553397082,489.0,0
1.9305459861864995,489.0,0
1.9306552170332902,488.0,0
1.9307644478800814,488.0,0
1.9308736787268725,488.0,0
1.9309829095736637,487.0,0
1.9310921404204549,487.0,0
1.9312013712672462,487.0,0
1.9313106021140374,487.0,0
1.931419832960828,486.0,0
1.9315290638076192,486.0,0
1.9316382946544106,486.0,0
1.9317475255012018,485.0,0
1.931856756347993,484.0,0
1.931965987194784,484.0,0
1.9320752180415752,484.0,0
1.9321844488883664,483.0,0
1.9322936797351573,483.0,0
1.9324029105819485,483.0,0
1.9325121414287396,482.0,0
1.9326213722755308,480.0,0
1.932730603122322,480.0,0
1.932839833969113,480.0,0
1.9329490648159042,480.0,0
1.9330582956626956,479.0,0
1.9331675265094863,479.0,0
1.9332767573562775,478.0,0
1.9333859882030686,477.0,0
1.9334952190498598,477.0,0
1.933604449896651,477.0,0
1.9337136807434423,476.0,0
1.9338229115902335,475.0,0
1.9339321424370246,475.0,0
1.9340413732838153,475.0,0
1.9341506041306067,473.0,0
1.9342598349773978,473.0,0
1.934369065824189,473.0,0
1.9344782966709801,472.0,0
1.9345875275177713,472.0,0
1.9346967583645625,472.0,0
1.9348059892113534,472.0,0
1.9349152200581445,470.0,0
1.9350244509049357,469.0,0
1.9351336817517268,470.0,0
1.935242912598518,468.0,0
1.9353521434453091,467.0,0
1.9354613742921003,467.0,0
1.9355706051388917,467.0,0
1.9356798359856824,467.0,0
1.9357890668324735,466.0,0
1.9358982976792647,466.0,0
1.9360075285260558,466.0,0
1.936116759372847,465.0,0
1.9362259902196384,465.0,0
1.9363352210664295,464.0,0
1.9364444519132207,463.0,0
1.9365536827600114,463.0,0
1.9366629136068028,463.0,0
1.936772144453594,463.0,0
1.936881375300385,462.0,0
1.9369906061471762,462.0,0
1.9370998369939674,462.0,0
1.9372090678407585,460.0,0
1.9373182986875495,460.0,0
1.9374275295343406,460.0,0
1.9375367603811318,460.0,0
1.937645991227923,458.0,0
1.937755222074714,458.0,0
1.9378644529215052,457.0,0
1.9379736837682964,456.0,0
1.9380829146150877,455.0,0
1.9381921454618785,455.0,0
1.9383013763086696,455.0,0
1.9384106071554608,454.0,0
1.938519838002252,454.0,0
1.938629068849043,453.0,0
1.9387382996958344,451.0,0
1.9388475305426256,451.0,0
1.9389567613894167,451.0,0
1.9390659922362075,450.0,0
1.9391752230829988,449.0,0
1.93928445392979,449.0,0
1.9393936847765811,448.0,0
1.9395029156233723,448.0,0
1.9396121464701634,446.0,0
1.9397213773169546,446.0,0
1.9398306081637455,445.0,0
1.9399398390105367,444.0,0
1.9400490698573278,444.0,0
1.940158300704119,443.0,0
1.9402675315509101,441.0,0
1.9403767623977013,441.0,0
1.9404859932444924,440.0,0
1.9405952240912838,440.0,0
1.9407044549380745,440.0,0
1.9408136857848657,438.0,0
1.9409229166316568,438.0,0
1.941032147478448,436.0,0
1.9411413783252391,435.0,0
1.9412506091720305,435.0,0
1.9413598400188217,435.0,0
1.9414690708656128,433.0,0
1.9415783017124035,433.0,0
1.941687532559195,432.0,0
1.941796763405986,432.0,0
1.9419059942527772,431.0,0
1.9420152250995684,430.0,0
1.9421244559463595,430.0,0
1.9422336867931507,428.0,0
1.9423429176399418,428.0,0
1.9424521484867328,428.0,0
1.942561379333524,427.0,0
1.942670610180315,425.0,0
1.9427798410271062,425.0,0
1.9428890718738974,424.0,0
1.9429983027206885,423.0,0
1.94310753356748,423.0,0
1.9432167644142706,423.0,0
1.9433259952610618,422.0,0
1.943435226107853,420.0,0
1.943544456954644,420.0,0
1.9436536878014352,419.0,0
1.9437629186482266,419.0,0
1.9438721494950177,418.0,0
1.943981380341809,417.0,0
1.9440906111885996,417.0,0
1.944199842035391,416.0,0
1.9443090728821821,416.0,0
1.9444183037289733,415.0,0
1.9445275345757644,415.0,0
1.9446367654225556,414.0,0
1.9447459962693467,414.0,0
1.944855227116138,412.0,0
1.9449644579629288,412.0,0
1.94507368880972,411.0,0
1.9451829196565111,411.0,0
1.9452921505033023,409.0,0
1.9454013813500934,409.0,0
1.9455106121968846,408.0,0
1.945619843043676,408.0,0
1.9457290738904667,407.0,0
1.9458383047372578,406.0,0
1.945947535584049,406.0,0
1.9460567664308401,404.0,0
1.9461659972776313,403.0,0
1.9462752281244227,403.0,0
1.9463844589712138,403.0,0
1.946493689818005,401.0,0
1.9466029206647957,401.0,0
1.946712151511587,401.0,0
1.9468213823583782,399.0,0
1.9469306132051694,399.0,0
1.9470398440519605,398.0,0
1.9471490748987517,398.0,0
1.9472583057455428,396.0,0
1.947367536592334,396.0,0
1.947476767439125,396.0,0
1.947585998285916,395.0,0
1.9476952291327072,393.0,0
1.9478044599794984,393.0,0
1.9479136908262895,392.0,0
1.9480229216730807,391.0,0
1.948132152519872,391.0,0
1.9482413833666627,391.0,0
1.948350614213454,389.0,0
1.948459845060245,388.0,0
1.9485690759070362,387.0,0
1.9486783067538274,387.0,0
1.9487875376006187,386.0,0
1.9488967684474099,385.0,0
1.949005999294201,385.0,0
1.9491152301409918,384.0,0
1.9492244609877831,383.0,0
1.9493336918345743,383.0,0
1.9494429226813654,382.0,0
1.9495521535281566,381.0,0
1.9496613843749477,380.0,0
1.949770615221739,380.0,0
1.94987984606853,379.0,0
1.949989076915321,378.0,0
1.9500983077621121,377.0,0
1.9502075386089033,377.0,0
1.9503167694556944,376.0,0
1.9504260003024856,376.0,0
1.9505352311492767,376.0,0
1.9506444619960681,376.0,0
1.9507536928428593,374.0,0
1.95086292368965,374.0,0
1.9509721545364411,373.0,0
1.9510813853832323,372.0,0
1.9511906162300234,371.0,0
1.9512998470768148,371.0,0
1.951409077923606,371.0,0
1.9515183087703971,369.0,0
1.9516275396171878,369.0,0
1.9517367704639792,369.0,0
1.9518460013107704,368.0,0
1.9519552321575615,368.0,0
1.9520644630043527,367.0,0
1.9521736938511438,367.0,0
1.952282924697935,365.0,0
1.9523921555447261,364.0,0
1.952501386391517,364.0,0
1.9526106172383082,364.0,0
1.9527198480850994,362.0,0
1.9528290789318905,361.0,0
1.9529383097786817,361.0,0
1.9530475406254728,359.0,0
1.9531567714722642,359.0,0
1.9532660023190553,359.0,0
1.953375233165846,358.0,0
1.9534844640126372,356.0,0
1.9535936948594284,355.0,0
1.9537029257062195,355.0,0
1.9538121565530109,354.0,0
1.953921387399802,353.0,0
1.9540306182465932,353.0,0
1.954139849093384,352.0,0
1.9542490799401753,351.0,0
1.9543583107869664,351.0,0
1.9544675416337576,350.0,0
1.9545767724805487,350.0,0
1.9546860033273399,348.0,0
1.954795234174131,348.0,0
1.9549044650209222,347.0,0
1.9550136958677131,346.0,0
1.9551229267145043,345.0,0
1.9552321575612954,345.0,0
1.9553413884080866,344.0,0
1.9554506192548777,344.0,0
1.9555598501016689,342.0,0
1.9556690809484603,342.0,0
1.9557783117952514,341.0,0
1.9558875426420421,340.0,0
1.9559967734888333,339.0,0
1.9561060043356244,339.0,0
1.9562152351824156,338.0,0
1.956324466029207,336.0,0
1.956433696875998,336.0,0
1.9565429277227893,336.0,0
1.9566521585695804,335.0,0
1.9567613894163713,333.0,0
1.9568706202631625,333.0,0
1.9569798511099536,332.0,0
1.9570890819567448,331.0,0
1.957198312803536,330.0,0
1.957307543650327,329.0,0
1.9574167744971183,328.0,0
1.9575260053439092,327.0,0
1.9576352361907003,327.0,0
1.9577444670374915,327.0,0
1.9578536978842827,326.0,0
1.9579629287310738,324.0,0
1.958072159577865,324.0,0
1.9581813904246563,323.0,0
1.9582906212714475,323.0,0
1.9583998521182382,322.0,0
1.9585090829650293,322.0,0
1.9586183138118205,321.0,0
1.9587275446586117,320.0,0
1.958836775505403,319.0,0
1.9589460063521942,319.0,0
1.9590552371989853,318.0,0
1.9591644680457765,318.0,0
1.9592736988925674,318.0,0
1.9593829297393586,316.0,0
1.9594921605861497,316.0,0
1.9596013914329409,316.0,0
1.959710622279732,316.0,0
1.9598198531265232,314.0,0
1.9599290839733143,313.0,0
1.9600383148201053,313.0,0
1.9601475456668964,313.0,0
1.9602567765136876,312.0,0
1.9603660073604787,312.0,0
1.9604752382072699,312.0,0
1.960584469054061,311.0,0
1.9606936999008524,309.0,0
1.9608029307476436,308.0,0
1.9609121615944343,308.0,0
1.9610213924412254,307.0,0
1.9611306232880166,307.0,0
1.9612398541348077,307.0,0
1.961349084981599,306.0,0
1.9614583158283903,305.0,0
1.9615675466751814,304.0,0
1.9616767775219726,304.0,0
1.9617860083687635,304.0,0
1.9618952392155546,303.0,0
1.9620044700623458,303.0,0
1.962113700909137,303.0,0
1.962222931755928,302.0,0
1.9623321626027193,301.0,0
1.9624413934495104,301.0,0
1.9625506242963013,301.0,0
1.9626598551430925,300.0,0
1.9627690859898836,300.0,0
1.9628783168366748,300.0,0
1.962987547683466,300.0,0
1.963096778530257,299.0,0
1.9632060093770485,299.0,0
1.9633152402238396,299.0,0
1.9634244710706303,297.0,0
1.9635337019174215,297.0,0
1.9636429327642126,297.0,0
1.9637521636110038,296.0,0
1.9638613944577952,295.0,0
1.9639706253045863,295.0,0
1.9640798561513775,295.0,0
1.9641890869981686,295.0,0
1.9642983178449596,294.0,0
1.9644075486917507,294.0,0
1.9645167795385419,292.0,0
1.964626010385333,291.0,0
1.9647352412321242,291.0,0
1.9648444720789153,291.0,0
1.9649537029257065,290.0,0
1.9650629337724976,289.0,0
1.9651721646192886,288.0,0
1.9652813954660797,288.0,0
1.9653906263128709,287.0,0
1.965499857159662,286.0,0
1.9656090880064532,286.0,0
1.9657183188532446,286.0,0
1.9658275497000357,284.0,0
1.9659367805468264,284.0,0
1.9660460113936176,283.0,0
1.9661552422404087,282.0,0
1.9662644730871999,280.0,0
1.9663737039339912,280.0,0
1.9664829347807824,280.0,0
1.9665921656275736,279.0,0
1.9667013964743647,278.0,0
1.9668106273211556,276.0,0
1.9669198581679468,276.0,0
1.967029089014738,275.0,0
1.967138319861529,274.0,0
1.9672475507083202,274.0,0
1.9673567815551114,273.0,0
1.9674660124019026,272.0,0
1.9675752432486937,271.0,0
1.9676844740954846,271.0,0
1.9677937049422758,270.0,0
1.967902935789067,268.0,0
1.968012166635858,268.0,0
1.9681213974826492,268.0,0
1.9682306283294406,266.0,0
1.9683398591762318,265.0,0
1.9684490900230225,265.0,0
1.9685583208698136,264.0,0
1.9686675517166048,263.0,0
1.968776782563396,263.0,0
1.9688860134101873,262.0,0
1.9689952442569785,262.0,0
1.9691044751037696,260.0,0
1.9692137059505608,260.0,0
1.9693229367973517,259.0,0
1.9694321676441429,259.0,0
1.969541398490934,258.0,0
1.9696506293377252,257.0,0
1.9697598601845163,257.0,0
1.9698690910313075,256.0,0
1.9699783218780986,255.0,0
1.9700875527248898,255.0,0
1.9701967835716807,254.0,0
1.9703060144184719,254.0,0
1.970415245265263,253.0,0
1.9705244761120542,253.0,0
1.9706337069588453,252.0,0
1.9707429378056367,252.0,0
1.9708521686524278,252.0,0
1.9709613994992186,251.0,0
1.9710706303460097,249.0,0
1.9711798611928009,249.0,0
1.971289092039592,249.0,0
1.9713983228863834,248.0,0
1.9715075537331745,248.0,0
1.9716167845799657,248.0,0
1.9717260154267569,248.0,0
1.9718352462735478,247.0,0
1.971944477120339,246.0,0
1.97205370796713,246.0,0
1.9721629388139212,245.0,0
1.9722721696607124,244.0,0
1.9723814005075035,243.0,0
1.9724906313542947,243.0,0
1.9725998622010859,243.0,0
1.9727090930478768,242.0,0
1.972818323894668,242.0,0
1.972927554741459,241.0,0
1.9730367855882502,241.0,0
1.9731460164350414,240.0,0
1.9732552472818328,240.0,0
1.973364478128624,240.0,0
1.973473708975415,239.0,0
1.9735829398222058,238.0,0
1.973692170668997,238.0,0
1.973801401515788,238.0,0
1.9739106323625795,236.0,0
1.9740198632093706,236.0,0
1.9741290940561618,236.0,0
1.974238324902953,236.0,0
1.9743475557497439,235.0,0
1.974456786596535,235.0,0
1.9745660174433262,234.0,0
1.9746752482901173,233.0,0
1.9747844791369085,232.0,0
1.9748937099836996,232.0,0
1.9750029408304908,231.0,0
1.975112171677282,231.0,0
1.9752214025240729,231.0,0
1.975330633370864,230.0,0
1.9754398642176552,230.0,0
1.9755490950644463,228.0,0
1.9756583259112375,228.0,0
1.9757675567580288,227.0,0
1.97587678760482,227.0,0
1.9759860184516111,226.0,0
1.9760952492984019,225.0,0
1.976204480145193,225.0,0
1.9763137109919842,224.0,0
1.9764229418387755,224.0,0
1.9765321726855667,223.0,0
1.9766414035323578,222.0,0
1.976750634379149,221.0,0
1.97685986522594,220.0,0
1.976969096072731,220.0,0
1.9770783269195222,219.0,0
1.9771875577663134,218.0,0
1.9772967886131045,218.0,0
1.9774060194598957,217.0,0
1.9775152503066868,216.0,0
1.977624481153478,216.0,0
1.977733712000269,216.0,0
1.97784294284706,215.0,0
1.9779521736938512,214.0,0
1.9780614045406424,214.0,0
1.9781706353874335,212.0,0
1.978279866234225,212.0,0
1.978389097081016,211.0,0
1.9784983279278072,211.0,0
1.978607558774598,211.0,0
1.978716789621389,209.0,0
1.9788260204681802,209.0,0
1.9789352513149716,208.0,0
1.9790444821617628,208.0,0
1.979153713008554,207.0,0
1.979262943855345,207.0,0
1.979372174702136,206.0,0
1.9794814055489272,206.0,0
1.9795906363957183,204.0,0
1.9796998672425095,204.0,0
1.9798090980893006,204.0,0
1.9799183289360918,204.0,0
1.980027559782883,203.0,0
1.980136790629674,203.0,0
1.980246021476465,201.0,0
1.9803552523232562,201.0,0
1.9804644831700473,200.0,0
1.9805737140168385,200.0,0
1.9806829448636296,199.0,0
1.980792175710421,199.0,0
1.9809014065572121,199.0,0
1.9810106374040033,199.0,0
1.981119868250794,198.0,0
1.9812290990975852,198.0,0
1.9813383299443763,196.0,0
1.9814475607911677,196.0,0
1.9815567916379588,195.0,0
1.98166602248475,195.0,0
1.9817752533315411,195.0,0
1.9818844841783323,194.0,0
1.9819937150251232,193.0,0
1.9821029458719144,194.0,0
1.9822121767187055,193.0,0
1.9823214075654967,192.0,0
1.9824306384122878,192.0,0
1.982539869259079,192.0,0
1.9826491001058701,191.0,0
1.982758330952661,191.0,0
1.9828675617994522,190.0,0
1.9829767926462434,190.0,0
1.9830860234930345,189.0,0
1.9831952543398257,188.0,0
1.983304485186617,188.0,0
1.9834137160334082,188.0,0
1.9835229468801994,188.0,0
1.98363217772699,188.0,0
1.9837414085737812,187.0,0
1.9838506394205724,187.0,0
1.9839598702673638,185.0,0
1.984069101114155,185.0,0
1.984178331960946,185.0,0
1.9842875628077372,184.0,0
1.9843967936545284,184.0,0
1.9845060245013193,184.0,0
1.9846152553481105,184.0,0
1.9847244861949016,184.0,0
1.9848337170416928,182.0,0
1.984942947888484,182.0,0
1.985052178735275,182.0,0
1.9851614095820662,181.0,0
1.9852706404288571,180.0,0
1.9853798712756483,180.0,0
1.9854891021224395,179.0,0
1.9855983329692306,179.0,0
1.9857075638160218,179.0,0
1.9858167946628131,179.0,0
1.9859260255096043,177.0,0
1.9860352563563954,177.0,0
1.9861444872031861,177.0,0
1.9862537180499773,176.0,0
1.9863629488967685,176.0,0
1.9864721797435598,175.0,0
1.986581410590351,175.0,0
1.9866906414371421,174.0,0
1.9867998722839333,174.0,0
1.9869091031307244,173.0,0
1.9870183339775154,172.0,0
1.9871275648243065,172.0,0
1.9872367956710977,172.0,0
1.9873460265178888,171.0,0
1.98745525736468,170.0,0
1.9875644882114711,169.0,0
1.9876737190582623,169.0,0
1.9877829499050534,169.0,0
1.9878921807518444,167.0,0
1.9880014115986355,167.0,0
1.9881106424454267,167.0,0
1.9882198732922178,167.0,0
1.9883291041390092,166.0,0
1.9884383349858004,164.0,0
1.9885475658325915,164.0,0
1.9886567966793822,164.0,0
1.9887660275261734,163.0,0
1.9888752583729645,163.0,0
1.988984489219756,163.0,0
1.989093720066547,163.0,0
1.9892029509133382,162.0,0
1.9893121817601294,161.0,0
1.9894214126069205,161.0,0
1.9895306434537114,161.0,0
1.9896398743005026,160.0,0
1.9897491051472938,160.0,0
1.989858335994085,160.0,0
1.989967566840876,159.0,0
1.9900767976876672,159.0,0
1.9901860285344584,159.0,0
1.9902952593812495,159.0,0
1.9904044902280404,159.0,0
1.9905137210748316,159.0,0
1.9906229519216228,159.0,0
1.990732182768414,158.0,0
1.9908414136152053,158.0,0
1.9909506444619964,158.0,0
1.9910598753087876,158.0,0
1.9911691061555783,156.0,0
1.9912783370023694,156.0,0
1.9913875678491606,156.0,0
1.991496798695952,156.0,0
1.9916060295427431,156.0,0
1.9917152603895343,156.0,0
1.9918244912363254,155.0,0
1.9919337220831166,155.0,0
1.9920429529299075,154.0,0
1.9921521837766987,154.0,0
1.9922614146234898,153.0,0
1.992370645470281,153.0,0
1.9924798763170721,152.0,0
1.9925891071638633,152.0,0
1.9926983380106544,152.0,0
1.9928075688574456,152.0,0
1.9929167997042365,150.0,0
1.9930260305510277,150.0,0
1.9931352613978188,150.0,0
1.99324449224461,148.0,0
1.9933537230914014,147.0,0
1.9934629539381925,148.0,0
1.9935721847849837,147.0,0
1.9936814156317744,147.0,0
1.9937906464785655,146.0,0
1.9938998773253567,146.0,0
1.994009108172148,145.0,0
1.9941183390189392,145.0,0
1.9942275698657304,145.0,0
1.9943368007125215,144.0,0
1.9944460315593127,144.0,0
1.9945552624061036,143.0,0
1.9946644932528947,143.0,0
1.994773724099686,143.0,0
1.994882954946477,143.0,0
1.9949921857932682,142.0,0
1.9951014166400594,142.0,0
1.9952106474868505,142.0,0
1.9953198783336417,140.0,0
1.9954291091804326,140.0,0
1.9955383400272237,140.0,0
1.995647570874015,140.0,0
1.995756801720806,139.0,0
1.9958660325675974,140.0,0
1.9959752634143886,139.0,0
1.9960844942611797,139.0,0
1.9961937251079709,137.0,0
1.9963029559547616,138.0,0
1.9964121868015527,137.0,0
1.9965214176483441,137.0,0
1.9966306484951353,136.0,0
1.9967398793419264,136.0,0
1.9968491101887176,135.0,0
1.9969583410355087,135.0,0
1.9970675718822997,135.0,0
1.9971768027290908,135.0,0
1.997286033575882,134.0,0
1.9973952644226731,134.0,0
1.9975044952694643,133.0,0
1.9976137261162554,134.0,0
1.9977229569630466,132.0,0
1.9978321878098377,132.0,0
1.9979414186566287,131.0,0
1.9980506495034198,132.0,0
1.998159880350211,131.0,0
1.9982691111970021,131.0,0
1.9983783420437935,131.0,0
1.9984875728905847,131.0,0
1.9985968037373758,131.0,0
1.998706034584167,130.0,0
1.9988152654309577,130.0,0
1.9989244962777488,130.0,0
1.9990337271245402,129.0,0
1.9991429579713313,129.0,0
1.9992521888181225,129.0,0
1.9993614196649137,129.0,0
1.9994706505117048,129.0,0
1.9995798813584957,129.0,0
1.999689112205287,129.0,0
1.999798343052078,129.0,0
1.9999075738988692,128.0,0
2.0000168047456603,128.0,0
2.0001260355924515,128.0,0
2.0002352664392427,127.0,0
2.000344497286034,127.0,0
2.0004537281328245,127.0,0
2.000562958979616,127.0,0
2.0006721898264073,126.0,0
2.0007814206731984,126.0,0
2.0008906515199896,126.0,0
2.0009998823667807,126.0,0
2.001109113213572,126.0,0
2.001218344060363,125.0,0
2.0013275749071537,125.0,0
2.001436805753945,124.0,0
2.001546036600736,124.0,0
2.001655267447527,124.0,0
2.0017644982943184,124.0,0
2.00187372914111,124.0,0
2.001982959987901,124.0,0
2.002092190834692,124.0,0
2.002201421681483,124.0,0
2.002310652528274,123.0,0
2.0024198833750653,123.0,0
2.0025291142218564,123.0,0
2.0026383450686476,123.0,0
2.0027475759154387,122.0,0
2.00285680676223,121.0,0
2.0029660376090206,121.0,0
2.003075268455812,121.0,0
2.0031844993026033,120.0,0
2.0032937301493945,120.0,0
2.0034029609961856,120.0,0
2.003512191842977,120.0,0
2.003621422689768,119.0,0
2.003730653536559,119.0,0
2.00383988438335,118.0,0
2.003949115230141,118.0,0
2.004058346076932,117.0,0
2.0041675769237233,116.0,0
2.0042768077705144,116.0,0
2.004386038617306,116.0,0
2.004495269464097,115.0,0
2.0046045003108883,115.0,0
2.004713731157679,114.0,0
2.00482296200447,113.0,0
2.0049321928512613,113.0,0
2.0050414236980525,112.0,0
2.0051506545448436,112.0,0
2.005259885391635,112.0,0
2.005369116238426,111.0,0
2.0054783470852167,111.0,0
2.0055875779320083,110.0,0
2.0056968087787994,110.0,0
2.0058060396255906,109.0,0
2.0059152704723817,109.0,0
2.006024501319173,108.0,0
2.006133732165964,108.0,0
2.006242963012755,108.0,0
2.006352193859546,108.0,0
2.006461424706337,108.0,0
2.006570655553128,108.0,0
2.0066798863999193,108.0,0
2.0067891172467105,108.0,0
2.006898348093502,107.0,0
2.0070075789402932,107.0,0
2.0071168097870844,107.0,0
2.007226040633875,107.0,0
2.0073352714806663,107.0,0
2.0074445023274574,107.0,0
2.0075537331742486,107.0,0
2.0076629640210397,107.0,0
2.007772194867831,106.0,0
2.007881425714622,106.0,0
2.0079906565614127,105.0,0
2.0080998874082043,105.0,0
2.0082091182549955,105.0,0
2.0083183491017866,105.0,0
2.008427579948578,105.0,0
2.008536810795369,105.0,0
2.00864604164216,104.0,0
2.0087552724889512,104.0,0
2.008864503335742,104.0,0
2.008973734182533,103.0,0
2.0090829650293243,103.0,0
2.0091921958761154,104.0,0
2.0093014267229066,103.0,0
2.009410657569698,103.0,0
2.0095198884164893,103.0,0
2.0096291192632805,103.0,0
2.009738350110071,103.0,0
2.0098475809568623,103.0,0
2.0099568118036535,103.0,0
2.0100660426504446,103.0,0
2.010175273497236,102.0,0
2.010284504344027,102.0,0
2.010393735190818,102.0,0
2.0105029660376093,102.0,0
2.0106121968844004,102.0,0
2.0107214277311916,101.0,0
2.0108306585779827,101.0,0
2.010939889424774,101.0,0
2.011049120271565,100.0,0
2.011158351118356,100.0,0
2.0112675819651473,100.0,0
2.011376812811938,99.0,0
2.011486043658729,99.0,0
2.0115952745055203,99.0,0
2.0117045053523115,99.0,0
2.0118137361991026,98.0,0
2.0119229670458942,97.0,0
2.0120321978926854,97.0,0
2.0121414287394765,97.0,0
2.0122506595862673,96.0,0
2.0123598904330584,96.0,0
2.0124691212798496,96.0,0
2.0125783521266407,96.0,0
2.012687582973432,95.0,0
2.012796813820223,94.0,0
2.012906044667014,94.0,0
2.0130152755138053,94.0,0
2.0131245063605965,93.0,0
2.0132337372073876,92.0,0
2.013342968054179,92.0,0
2.01345219890097,92.0,0
2.013561429747761,91.0,0
2.0136706605945522,89.0,0
2.0137798914413434,90.0,0
2.013889122288134,89.0,0
2.0139983531349253,88.0,0
2.0141075839817164,88.0,0
2.0142168148285076,88.0,0
2.0143260456752987,88.0,0
2.0144352765220903,88.0,0
2.0145445073688815,86.0,0
2.0146537382156726,86.0,0
2.0147629690624633,86.0,0
2.0148721999092545,85.0,0
2.0149814307560456,84.0,0
2.015090661602837,85.0,0
2.015199892449628,84.0,0
2.015309123296419,84.0,0
2.0154183541432102,83.0,0
2.0155275849900014,83.0,0
2.0156368158367926,83.0,0
2.0157460466835837,83.0,0
2.015855277530375,82.0,0
2.015964508377166,83.0,0
2.016073739223957,82.0,0
2.0161829700707483,82.0,0
2.0162922009175395,81.0,0
2.01640143176433,82.0,0
2.0165106626111213,82.0,0
2.0166198934579125,81.0,0
2.0167291243047036,81.0,0
2.016838355151495,81.0,0
2.0169475859982864,81.0,0
2.0170568168450775,81.0,0
2.0171660476918687,81.0,0
2.0172752785386594,82.0,0
2.0173845093854506,82.0,0
2.0174937402322417,82.0,0
2.017602971079033,81.0,0
2.017712201925824,82.0,0
2.017821432772615,83.0,0
2.0179306636194063,82.0,0
2.0180398944661975,82.0,0
2.0181491253129886,83.0,0
2.0182583561597798,83.0,0
2.018367587006571,83.0,0
2.018476817853362,83.0,0
2.0185860487001532,83.0,0
2.0186952795469444,83.0,0
2.0188045103937355,83.0,0
2.0189137412405267,83.0,0
2.0190229720873174,83.0,0
2.0191322029341086,83.0,0
2.0192414337808997,83.0,0
2.019350664627691,83.0,0
2.0194598954744825,83.0,0
2.0195691263212736,84.0,0
2.0196783571680648,83.0,0
2.0197875880148555,83.0,0
2.0198968188616466,83.0,0
2.020006049708438,84.0,0
2.020115280555229,83.0,0
2.02022451140202,83.0,0
2.0203337422488112,83.0,0
2.0204429730956024,83.0,0
2.0205522039423935,83.0,0
2.0206614347891847,83.0,0
2.020770665635976,83.0,0
2.020879896482767,83.0,0
2.020989127329558,83.0,0
2.0210983581763493,82.0,0
2.0212075890231405,82.0,0
2.0213168198699316,82.0,0
2.0214260507167228,82.0,0
2.0215352815635135,81.0,0
2.0216445124103046,82.0,0
2.021753743257096,81.0,0
2.021862974103887,81.0,0
2.0219722049506785,81.0,0
2.0220814357974697,81.0,0
2.022190666644261,81.0,0
2.0222998974910515,80.0,0
2.0224091283378427,80.0,0
2.022518359184634,80.0,0
2.022627590031425,80.0,0
2.022736820878216,79.0,0
2.0228460517250073,80.0,0
2.0229552825717985,79.0,0
2.0230645134185896,79.0,0
2.0231737442653808,79.0,0
2.023282975112172,78.0,0
2.023392205958963,78.0,0
2.0235014368057542,78.0,0
2.0236106676525454,78.0,0
2.0237198984993365,77.0,0
2.0238291293461277,78.0,0
2.023938360192919,77.0,0
2.0240475910397095,76.0,0
2.0241568218865007,76.0,0
2.024266052733292,76.0,0
2.024375283580083,76.0,0
2.0244845144268746,76.0,0
2.0245937452736658,76.0,0
2.024702976120457,76.0,0
2.0248122069672476,75.0,0
2.0249214378140388,75.0,0
2.02503066866083,75.0,0
2.025139899507621,75.0,0
2.0252491303544122,74.0,0
2.0253583612012034,74.0,0
2.0254675920479945,75.0,0
2.0255768228947857,74.0,0
2.025686053741577,73.0,0
2.025795284588368,74.0,0
2.025904515435159,73.0,0
2.0260137462819503,73.0,0
2.0261229771287415,73.0,0
2.0262322079755326,73.0,0
2.0263414388223238,73.0,0
2.026450669669115,73.0,0
2.0265599005159056,72.0,0
2.0266691313626968,72.0,0
2.026778362209488,72.0,0
2.026887593056279,71.0,0
2.0269968239030707,71.0,0
2.027106054749862,71.0,0
2.027215285596653,71.0,0
2.027324516443444,71.0,0
2.027433747290235,70.0,0
2.027542978137026,70.0,0
2.027652208983817,70.0,0
2.0277614398306083,70.0,0
2.0278706706773995,70.0,0
2.0279799015241906,70.0,0
2.0280891323709818,70.0,0
2.028198363217773,70.0,0
2.028307594064564,69.0,0
2.028416824911355,70.0,0
2.0285260557581464,70.0,0
2.0286352866049375,70.0,0
2.0287445174517287,69.0,0
2.02885374829852,70.0,0
2.028962979145311,70.0,0
2.0290722099921017,69.0,0
2.029181440838893,69.0,0
2.029290671685684,70.0,0
2.029399902532475,69.0,0
2.0295091333792667,69.0,0
2.029618364226058,68.0,0
2.029727595072849,69.0,0
2.02983682591964,68.0,0
2.029946056766431,68.0,0
2.030055287613222,68.0,0
2.0301645184600132,68.0,0
2.0302737493068044,67.0,0
2.0303829801535955,67.0,0
2.0304922110003867,67.0,0
2.030601441847178,67.0,0
2.030710672693969,67.0,0
2.03081990354076,66.0,0
2.0309291343875513,65.0,0
2.0310383652343424,65.0,0
2.0311475960811336,65.0,0
2.0312568269279248,64.0,0
2.031366057774716,64.0,0
2.031475288621507,64.0,0
2.0315845194682978,63.0,0
2.031693750315089,63.0,0
2.03180298116188,63.0,0
2.0319122120086712,62.0,0
2.032021442855463,62.0,0
2.032130673702254,62.0,0
2.032239904549045,61.0,0
2.0323491353958363,61.0,0
2.032458366242627,60.0,0
2.032567597089418,60.0,0
2.0326768279362093,60.0,0
2.0327860587830004,60.0,0
2.0328952896297916,60.0,0
2.0330045204765828,60.0,0
2.033113751323374,60.0,0
2.033222982170165,60.0,0
2.033332213016956,59.0,0
2.0334414438637474,59.0,0
2.0335506747105385,59.0,0
2.0336599055573297,59.0,0
2.033769136404121,59.0,0
2.033878367250912,59.0,0
2.033987598097703,59.0,0
2.034096828944494,58.0,0
2.034206059791285,57.0,0
2.034315290638076,58.0,0
2.0344245214848673,57.0,0
2.034533752331659,57.0,0
2.03464298317845,57.0,0
2.034752214025241,57.0,0
2.0348614448720324,56.0,0
2.034970675718823,56.0,0
2.035079906565614,56.0,0
2.0351891374124054,56.0,0
2.0352983682591965,56.0,0
2.0354075991059877,56.0,0
2.035516829952779,56.0,0
2.03562606079957,56.0,0
2.035735291646361,56.0,0
2.0358445224931523,55.0,0
2.0359537533399434,55.0,0
2.0360629841867346,54.0,0
2.0361722150335257,54.0,0
2.036281445880317,54.0,0
2.036390676727108,54.0,0
2.036499907573899,54.0,0
2.03660913842069,54.0,0
2.036718369267481,54.0,0
2.036827600114272,54.0,0
2.0369368309610634,54.0,0
2.037046061807855,54.0,0
2.037155292654646,54.0,0
2.0372645235014373,54.0,0
2.0373737543482284,54.0,0
2.037482985195019,54.0,0
2.0375922160418103,54.0,0
2.0377014468886014,54.0,0
2.0378106777353926,54.0,0
2.0379199085821837,54.0,0
2.038029139428975,54.0,0
2.038138370275766,54.0,0
2.038247601122557,55.0,0
2.0383568319693484,54.0,0
2.0384660628161395,55.0,0
2.0385752936629307,55.0,0
2.038684524509722,54.0,0
2.038793755356513,55.0,0
2.038902986203304,55.0,0
2.0390122170500953,55.0,0
2.039121447896886,55.0,0
2.039230678743677,55.0,0
2.0393399095904683,56.0,0
2.0394491404372594,56.0,0
2.039558371284051,56.0,0
2.039667602130842,56.0,0
2.0397768329776333,56.0,0
2.0398860638244245,56.0,0
2.039995294671215,56.0,0
2.0401045255180064,56.0,0
2.0402137563647975,56.0,0
2.0403229872115887,57.0,0
2.04043221805838,57.0,0
2.040541448905171,56.0,0
2.040650679751962,57.0,0
2.0407599105987533,57.0,0
2.0408691414455444,57.0,0
2.0409783722923356,57.0,0
2.0410876031391267,58.0,0
2.041196833985918,58.0,0
2.041306064832709,58.0,0
2.0414152956795,58.0,0
2.0415245265262913,59.0,0
2.0416337573730825,59.0,0
2.041742988219873,59.0,0
2.0418522190666644,59.0,0
2.0419614499134555,59.0,0
2.042070680760247,60.0,0
2.0421799116070383,60.0,0
2.0422891424538294,59.0,0
2.0423983733006206,60.0,0
2.0425076041474113,60.0,0
2.0426168349942024,60.0,0
2.0427260658409936,60.0,0
2.0428352966877847,60.0,0
2.042944527534576,60.0,0
2.043053758381367,60.0,0
2.043162989228158,60.0,0
2.0432722200749494,60.0,0
2.0433814509217405,60.0,0
2.0434906817685317,60.0,0
2.043599912615323,59.0,0
2.043709143462114,60.0,0
2.043818374308905,60.0,0
2.0439276051556963,59.0,0
2.0440368360024874,59.0,0
2.0441460668492786,59.0,0
2.0442552976960693,59.0,0
2.0443645285428604,58.0,0
2.0444737593896516,57.0,0
2.044582990236443,57.0,0
2.0446922210832343,57.0,0
2.0448014519300255,57.0,0
2.0449106827768166,56.0,0
2.0450199136236074,56.0,0
2.0451291444703985,56.0,0
2.0452383753171897,56.0,0
2.045347606163981,55.0,0
2.045456837010772,55.0,0
2.045566067857563,55.0,0
2.0456752987043543,54.0,0
2.0457845295511454,52.0,0
2.0458937603979366,53.0,0
2.0460029912447277,53.0,0
2.046112222091519,52.0,0
2.04622145293831,51.0,0
2.046330683785101,51.0,0
2.0464399146318923,51.0,0
2.0465491454786835,51.0,0
2.0466583763254746,50.0,0
2.0467676071722654,50.0,0
2.0468768380190565,50.0,0
2.0469860688658477,49.0,0
2.0470952997126393,49.0,0
2.0472045305594304,49.0,0
2.0473137614062216,49.0,0
2.0474229922530127,49.0,0
2.0475322230998034,48.0,0
2.0476414539465946,48.0,0
2.0477506847933857,48.0,0
2.047859915640177,48.0,0
2.047969146486968,48.0,0
2.048078377333759,48.0,0
2.0481876081805503,48.0,0
2.0482968390273415,48.0,0
2.0484060698741327,48.0,0
2.048515300720924,48.0,0
2.048624531567715,48.0,0
2.048733762414506,48.0,0
2.0488429932612973,48.0,0
2.0489522241080884,48.0,0
2.0490614549548796,48.0,0
2.0491706858016707,48.0,0
2.0492799166484614,48.0,0
2.0493891474952526,48.0,0
2.0494983783420437,48.0,0
2.0496076091888353,48.0,0
2.0497168400356265,48.0,0
2.0498260708824176,48.0,0
2.049935301729209,48.0,0
2.050044532576,48.0,0
2.0501537634227907,48.0,0
2.050262994269582,48.0,0
2.050372225116373,48.0,0
2.050481455963164,48.0,0
2.0505906868099553,48.0,0
2.0506999176567464,48.0,0
2.0508091485035376,48.0,0
2.0509183793503287,48.0,0
2.05102761019712,48.0,0
2.051136841043911,48.0,0
2.051246071890702,48.0,0
2.0513553027374933,48.0,0
2.0514645335842845,48.0,0
2.0515737644310756,48.0,0
2.051682995277867,48.0,0
2.0517922261246575,48.0,0
2.0519014569714487,48.0,0
2.05201068781824,48.0,0
2.0521199186650314,48.0,0
2.0522291495118226,48.0,0
2.0523383803586137,48.0,0
2.052447611205405,48.0,0
2.052556842052196,48.0,0
2.0526660728989867,48.0,0
2.052775303745778,48.0,0
2.052884534592569,48.0,0
2.05299376543936,48.0,0
2.0531029962861513,48.0,0
2.0532122271329425,48.0,0
2.0533214579797336,48.0,0
2.053430688826525,48.0,0
2.053539919673316,48.0,0
2.053649150520107,48.0,0
2.0537583813668983,48.0,0
2.0538676122136894,48.0,0
2.0539768430604806,48.0,0
2.0540860739072717,48.0,0
2.054195304754063,49.0,0
2.0543045356008536,48.0,0
2.0544137664476447,49.0,0
2.054522997294436,49.0,0
2.0546322281412275,49.0,0
2.0547414589880186,49.0,0
2.05485068983481,49.0,0
2.054959920681601,49.0,0
2.055069151528392,50.0,0
2.055178382375183,49.0,0
2.055287613221974,49.0,0
2.055396844068765,50.0,0
2.0555060749155563,50.0,0
2.0556153057623474,50.0,0
2.0557245366091386,50.0,0
2.0558337674559297,51.0,0
2.055942998302721,51.0,0
2.056052229149512,51.0,0
2.056161459996303,51.0,0
2.0562706908430943,51.0,0
2.0563799216898855,51.0,0
2.0564891525366766,51.0,0
2.056598383383468,51.0,0
2.056707614230259,51.0,0
2.0568168450770496,52.0,0
2.056926075923841,52.0,0
2.057035306770632,52.0,0
2.0571445376174236,52.0,0
2.0572537684642147,53.0,0
2.057362999311006,53.0,0
2.057472230157797,54.0,0
2.057581461004588,55.0,0
2.057690691851379,55.0,0
2.05779992269817,55.0,0
2.057909153544961,56.0,0
2.0580183843917523,56.0,0
2.0581276152385435,56.0,0
2.0582368460853346,57.0,0
2.058346076932126,57.0,0
2.058455307778917,58.0,0
2.058564538625708,59.0,0
2.0586737694724992,59.0,0
2.0587830003192904,59.0,0
2.0588922311660816,59.0,0
2.0590014620128727,60.0,0
2.059110692859664,60.0,0
2.059219923706455,60.0,0
2.0593291545532457,60.0,0
2.059438385400037,61.0,0
2.059547616246828,61.0,0
2.0596568470936196,61.0,0
2.0597660779404108,62.0,0
2.059875308787202,62.0,0
2.059984539633993,62.0,0
2.0600937704807842,62.0,0
2.060203001327575,62.0,0
2.060312232174366,62.0,0
2.0604214630211573,62.0,0
2.0605306938679484,62.0,0
2.0606399247147396,62.0,0
2.0607491555615307,62.0,0
2.060858386408322,62.0,0
2.060967617255113,62.0,0
2.061076848101904,62.0,0
2.0611860789486953,62.0,0
2.0612953097954865,62.0,0
2.0614045406422776,62.0,0
2.061513771489069,62.0,0
2.06162300233586,62.0,0
2.061732233182651,61.0,0
2.061841464029442,62.0,0
2.061950694876233,61.0,0
2.062059925723024,61.0,0
2.0621691565698157,60.0,0
2.062278387416607,60.0,0
2.062387618263398,60.0,0
2.062496849110189,60.0,0
2.0626060799569803,60.0,0
2.062715310803771,60.0,0
2.062824541650562,60.0,0
2.0629337724973533,60.0,0
2.0630430033441445,60.0,0
2.0631522341909356,60.0,0
2.063261465037727,60.0,0
2.063370695884518,59.0,0
2.063479926731309,59.0,0
2.0635891575781002,60.0,0
2.0636983884248914,59.0,0
2.0638076192716825,59.0,0
2.0639168501184737,59.0,0
2.064026080965265,59.0,0
2.064135311812056,59.0,0
2.064244542658847,59.0,0
2.064353773505638,58.0,0
2.064463004352429,59.0,0
2.06457223519922,59.0,0
2.0646814660460118,59.0,0
2.064790696892803,58.0,0
2.064899927739594,58.0,0
2.0650091585863852,58.0,0
2.0651183894331764,57.0,0
2.065227620279967,57.0,0
2.0653368511267582,58.0,0
2.0654460819735494,58.0,0
2.0655553128203405,57.0,0
2.0656645436671317,57.0,0
2.065773774513923,59.0,0
2.065883005360714,59.0,0
2.065992236207505,58.0,0
2.0661014670542963,57.0,0
2.0662106979010875,59.0,0
2.0663199287478786,60.0,0
2.0664291595946698,59.0,0
2.066538390441461,59.0,0
2.066647621288252,59.0,0
2.0667568521350432,60.0,0
2.0668660829818344,60.0,0
2.066975313828625,60.0,0
2.0670845446754162,60.0,0
2.067193775522208,61.0,0
2.067303006368999,62.0,0
2.06741223721579,62.0,0
2.0675214680625813,62.0,0
2.0676306989093725,63.0,0
2.067739929756163,63.0,0
2.0678491606029543,63.0,0
2.0679583914497455,64.0,0
2.0680676222965366,65.0,0
2.0681768531433278,65.0,0
2.068286083990119,65.0,0
2.06839531483691,67.0,0
2.0685045456837012,67.0,0
2.0686137765304924,67.0,0
2.0687230073772835,67.0,0
2.0688322382240747,67.0,0
2.068941469070866,67.0,0
2.069050699917657,67.0,0
2.069159930764448,67.0,0
2.0692691616112393,67.0,0
2.0693783924580305,67.0,0
2.069487623304821,67.0,0
2.0695968541516123,67.0,0
2.069706084998404,67.0,0
2.069815315845195,67.0,0
2.0699245466919862,67.0,0
2.0700337775387774,67.0,0
2.0701430083855685,67.0,0
2.0702522392323592,66.0,0
2.0703614700791504,67.0,0
2.0704707009259415,66.0,0
2.0705799317727327,66.0,0
2.070689162619524,66.0,0
2.070798393466315,66.0,0
2.070907624313106,66.0,0
2.0710168551598973,65.0,0
2.0711260860066885,66.0,0
2.0712353168534796,66.0,0
2.0713445477002708,65.0,0
2.071453778547062,66.0,0
2.071563009393853,65.0,0
2.0716722402406442,66.0,0
2.0717814710874354,65.0,0
2.0718907019342265,66.0,0
2.0719999327810172,66.0,0
2.0721091636278084,66.0,0
2.0722183944746,66.0,0
2.072327625321391,66.0,0
2.0724368561681823,66.0,0
2.0725460870149734,67.0,0
2.0726553178617646,66.0,0
2.0727645487085558,67.0,0
2.0728737795553465,67.0,0
2.0729830104021376,67.0,0
2.0730922412489288,67.0,0
2.07320147209572,67.0,0
2.073310702942511,67.0,0
2.0734199337893022,67.0,0
2.0735291646360934,67.0,0
2.0736383954828845,67.0,0
2.0737476263296757,67.0,0
2.073856857176467,67.0,0
2.073966088023258,67.0,0
2.074075318870049,68.0,0
2.0741845497168403,67.0,0
2.0742937805636315,67.0,0
2.0744030114104226,68.0,0
2.0745122422572133,68.0,0
2.0746214731040045,68.0,0
2.074730703950796,68.0,0
2.074839934797587,68.0,0
2.0749491656443784,68.0,0
2.0750583964911695,68.0,0
2.0751676273379607,68.0,0
2.075276858184752,68.0,0
2.0753860890315425,70.0,0
2.0754953198783337,68.0,0
2.075604550725125,68.0,0
2.075713781571916,68.0,0
2.075823012418707,69.0,0
2.0759322432654983,68.0,0
2.0760414741122895,68.0,0
2.0761507049590806,68.0,0
2.0762599358058718,68.0,0
2.076369166652663,67.0,0
2.076478397499454,67.0,0
2.076587628346245,67.0,0
2.0766968591930364,67.0,0
2.0768060900398275,67.0,0
2.0769153208866187,67.0,0
2.0770245517334094,67.0,0
2.0771337825802005,67.0,0
2.077243013426992,67.0,0
2.0773522442737833,67.0,0
2.0774614751205744,67.0,0
2.0775707059673656,67.0,0
2.0776799368141567,67.0,0
2.077789167660948,67.0,0
2.0778983985077386,67.0,0
2.0780076293545298,67.0,0
2.078116860201321,67.0,0
2.078226091048112,68.0,0
2.078335321894903,68.0,0
2.0784445527416944,68.0,0
2.0785537835884855,68.0,0
2.0786630144352767,70.0,0
2.078772245282068,69.0,0
2.078881476128859,70.0,0
2.07899070697565,69.0,0
2.0790999378224413,70.0,0
2.0792091686692324,70.0,0
2.0793183995160236,70.0,0
2.0794276303628147,70.0,0
2.0795368612096055,71.0,0
2.0796460920563966,71.0,0
2.079755322903188,71.0,0
2.0798645537499794,71.0,0
2.0799737845967705,72.0,0
2.0800830154435617,72.0,0
2.080192246290353,72.0,0
2.080301477137144,73.0,0
2.0804107079839347,74.0,0
2.080519938830726,75.0,0
2.080629169677517,75.0,0
2.080738400524308,76.0,0
2.0808476313710993,76.0,0
2.0809568622178904,76.0,0
2.0810660930646816,76.0,0
2.0811753239114728,77.0,0
2.081284554758264,78.0,0
2.081393785605055,78.0,0
2.081503016451846,78.0,0
2.0816122472986374,79.0,0
2.0817214781454285,79.0,0
2.0818307089922197,79.0,0
2.081939939839011,79.0,0
2.0820491706858015,80.0,0
2.0821584015325927,81.0,0
2.0822676323793843,81.0,0
2.0823768632261754,81.0,0
2.0824860940729666,82.0,0
2.0825953249197577,83.0,0
2.082704555766549,83.0,0
2.08281378661334,83.0,0
2.0829230174601308,83.0,0
2.083032248306922,84.0,0
2.083141479153713,84.0,0
2.083250710000504,84.0,0
2.0833599408472954,85.0,0
2.0834691716940865,86.0,0
2.0835784025408777,86.0,0
2.083687633387669,87.0,0
2.08379686423446,88.0,0
2.083906095081251,88.0,0
2.0840153259280423,88.0,0
2.0841245567748334,88.0,0
2.0842337876216246,88.0,0
2.0843430184684157,89.0,0
2.084452249315207,89.0,0
2.0845614801619976,89.0,0
2.0846707110087888,89.0,0
2.0847799418555804,90.0,0
2.0848891727023715,90.0,0
2.0849984035491627,91.0,0
2.085107634395954,91.0,0
2.085216865242745,91.0,0
2.085326096089536,91.0,0
2.085435326936327,91.0,0
2.085544557783118,92.0,0
2.085653788629909,92.0,0
2.0857630194767003,91.0,0
2.0858722503234914,92.0,0
2.0859814811702826,92.0,0
2.0860907120170737,92.0,0
2.086199942863865,92.0,0
2.086309173710656,92.0,0
2.086418404557447,92.0,0
2.0865276354042384,92.0,0
2.0866368662510295,91.0,0
2.0867460970978207,92.0,0
2.086855327944612,92.0,0
2.086964558791403,92.0,0
2.0870737896381937,92.0,0
2.087183020484985,92.0,0
2.0872922513317764,92.0,0
2.0874014821785676,92.0,0
2.0875107130253587,92.0,0
2.08761994387215,92.0,0
2.087729174718941,91.0,0
2.087838405565732,91.0,0
2.087947636412523,92.0,0
2.088056867259314,92.0,0
2.088166098106105,91.0,0
2.0882753289528964,91.0,0
2.0883845597996875,91.0,0
2.0884937906464787,92.0,0
2.08860302149327,91.0,0
2.088712252340061,91.0,0
2.088821483186852,91.0,0
2.0889307140336433,91.0,0
2.0890399448804344,91.0,0
2.0891491757272256,91.0,0
2.0892584065740167,91.0,0
2.089367637420808,91.0,0
2.089476868267599,91.0,0
2.08958609911439,91.0,0
2.089695329961181,91.0,0
2.0898045608079725,91.0,0
2.0899137916547637,91.0,0
2.090023022501555,91.0,0
2.090132253348346,91.0,0
2.090241484195137,91.0,0
2.0903507150419283,91.0,0
2.090459945888719,91.0,0
2.09056917673551,91.0,0
2.0906784075823013,92.0,0
2.0907876384290924,91.0,0
2.0908968692758836,92.0,0
2.0910061001226747,92.0,0
2.091115330969466,92.0,0
2.091224561816257,92.0,0
2.091333792663048,92.0,0
2.0914430235098393,92.0,0
2.0915522543566305,92.0,0
2.0916614852034217,92.0,0
2.091770716050213,92.0,0
2.091879946897004,93.0,0
2.091989177743795,93.0,0
2.0920984085905863,93.0,0
2.092207639437377,94.0,0
2.0923168702841686,94.0,0
2.0924261011309597,94.0,0
2.092535331977751,94.0,0
2.092644562824542,95.0,0
2.092753793671333,95.0,0
2.0928630245181243,95.0,0
2.092972255364915,96.0,0
2.093081486211706,96.0,0
2.0931907170584974,96.0,0
2.0932999479052885,96.0,0
2.0934091787520797,96.0,0
2.093518409598871,97.0,0
2.093627640445662,97.0,0
2.093736871292453,97.0,0
2.0938461021392443,97.0,0
2.0939553329860354,98.0,0
2.0940645638328266,98.0,0
2.0941737946796177,99.0,0
2.094283025526409,99.0,0
2.0943922563732,99.0,0
2.094501487219991,99.0,0
2.0946107180667823,99.0,0
2.094719948913573,99.0,0
2.0948291797603646,99.0,0
2.094938410607156,99.0,0
2.095047641453947,100.0,0
2.095156872300738,100.0,0
2.0952661031475293,100.0,0
2.0953753339943204,100.0,0
2.095484564841111,101.0,0
2.0955937956879023,100.0,0
2.0957030265346934,100.0,0
2.0958122573814846,101.0,0
2.0959214882282757,102.0,0
2.096030719075067,102.0,0
2.096139949921858,102.0,0
2.096249180768649,102.0,0
2.0963584116154403,103.0,0
2.0964676424622315,102.0,0
2.0965768733090226,102.0,0
2.096686104155814,103.0,0
2.096795335002605,103.0,0
2.096904565849396,103.0,0
2.0970137966961873,103.0,0
2.0971230275429784,103.0,0
2.097232258389769,104.0,0
2.0973414892365607,103.0,0
2.097450720083352,104.0,0
2.097559950930143,104.0,0
2.097669181776934,105.0,0
2.0977784126237253,105.0,0
2.0978876434705165,105.0,0
2.0979968743173076,106.0,0
2.0981061051640983,107.0,0
2.0982153360108895,106.0,0
2.0983245668576807,107.0,0
2.098433797704472,107.0,0
2.098543028551263,108.0,0
2.098652259398054,107.0,0
2.0987614902448453,108.0,0
2.0988707210916364,108.0,0
2.0989799519384276,108.0,0
2.0990891827852187,108.0,0
2.09919841363201,108.0,0
2.099307644478801,108.0,0
2.099416875325592,109.0,0
2.0995261061723833,108.0,0
2.0996353370191745,109.0,0
2.099744567865965,109.0,0
2.099853798712757,110.0,0
2.099963029559548,109.0,0
2.100072260406339,110.0,0
2.1001814912531303,110.0,0
2.1002907220999214,110.0,0
2.1003999529467126,110.0,0
2.1005091837935037,110.0,0
2.1006184146402944,110.0,0
2.1007276454870856,110.0,0
2.1008368763338767,110.0,0
2.100946107180668,111.0,0
2.101055338027459,111.0,0
2.10116456887425,111.0,0
2.1012737997210413,112.0,0
2.1013830305678325,112.0,0
2.1014922614146236,112.0,0
2.101601492261415,112.0,0
2.101710723108206,112.0,0
2.101819953954997,113.0,0
2.1019291848017883,113.0,0
2.1020384156485794,113.0,0
2.1021476464953706,114.0,0
2.1022568773421613,114.0,0
2.102366108188953,114.0,0
2.102475339035744,115.0,0
2.102584569882535,115.0,0
2.1026938007293263,115.0,0
2.1028030315761175,115.0,0
2.1029122624229086,116.0,0
2.1030214932697,116.0,0
2.1031307241164905,116.0,0
2.1032399549632816,116.0,0
2.103349185810073,117.0,0
2.103458416656864,118.0,0
2.103567647503655,118.0,0
2.1036768783504463,118.0,0
2.1037861091972374,118.0,0
2.103895340044029,118.0,0
2.1040045708908197,118.0,0
2.104113801737611,118.0,0
2.104223032584402,118.0,0
2.104332263431193,118.0,0
2.1044414942779843,118.0,0
2.1045507251247755,118.0,0
2.1046599559715666,118.0,0
2.1047691868183573,118.0,0
2.104878417665149,119.0,0
2.10498764851194,118.0,0
2.1050968793587312,118.0,0
2.1052061102055224,118.0,0
2.1053153410523135,118.0,0
2.1054245718991047,119.0,0
2.105533802745896,119.0,0
2.1056430335926866,119.0,0
2.1057522644394777,119.0,0
2.105861495286269,120.0,0
2.10597072613306,120.0,0
2.106079956979851,120.0,0
2.1061891878266423,120.0,0
2.1062984186734335,120.0,0
2.106407649520225,120.0,0
2.106516880367016,120.0,0
2.106626111213807,121.0,0
2.106735342060598,121.0,0
2.1068445729073892,121.0,0
2.1069538037541804,122.0,0
2.1070630346009716,123.0,0
2.1071722654477627,123.0,0
2.1072814962945534,124.0,0
2.107390727141345,124.0,0
2.107499957988136,124.0,0
2.1076091888349273,124.0,0
2.1077184196817185,125.0,0
2.1078276505285096,125.0,0
2.1079368813753008,126.0,0
2.108046112222092,126.0,0
2.1081553430688826,126.0,0
2.108264573915674,127.0,0
2.108373804762465,127.0,0
2.108483035609256,127.0,0
2.1085922664560472,127.0,0
2.1087014973028384,127.0,0
2.1088107281496296,127.0,0
2.108919958996421,127.0,0
2.109029189843212,128.0,0
2.109138420690003,128.0,0
2.109247651536794,128.0,0
2.1093568823835853,128.0,0
2.1094661132303765,129.0,0
2.1095753440771676,129.0,0
2.1096845749239588,129.0,0
2.1097938057707495,129.0,0
2.109903036617541,129.0,0
2.1100122674643322,129.0,0
2.1101214983111234,129.0,0
2.1102307291579145,129.0,0
2.1103399600047057,130.0,0
2.110449190851497,130.0,0
2.110558421698288,129.0,0
2.1106676525450787,130.0,0
2.11077688339187,130.0,0
2.110886114238661,130.0,0
2.110995345085452,130.0,0
2.1111045759322433,130.0,0
2.1112138067790345,131.0,0
2.1113230376258256,131.0,0
2.1114322684726172,131.0,0
2.111541499319408,131.0,0
2.111650730166199,131.0,0
2.1117599610129902,131.0,0
2.1118691918597814,131.0,0
2.1119784227065725,131.0,0
2.1120876535533637,131.0,0
2.112196884400155,131.0,0
2.112306115246946,131.0,0
2.112415346093737,131.0,0
2.1125245769405283,131.0,0
2.1126338077873195,131.0,0
2.1127430386341106,131.0,0
2.1128522694809018,131.0,0
2.112961500327693,131.0,0
2.113070731174484,130.0,0
2.113179962021275,131.0,0
2.113289192868066,131.0,0
2.113398423714857,131.0,0
2.1135076545616482,130.0,0
2.1136168854084394,131.0,0
2.1137261162552305,131.0,0
2.1138353471020217,131.0,0
2.1139445779488133,131.0,0
2.114053808795604,131.0,0
2.114163039642395,131.0,0
2.1142722704891863,131.0,0
2.1143815013359775,131.0,0
2.1144907321827686,132.0,0
2.1145999630295598,132.0,0
2.114709193876351,132.0,0
2.114818424723142,133.0,0
2.1149276555699332,135.0,0
2.1150368864167244,134.0,0
2.1151461172635155,134.0,0
2.1152553481103067,135.0,0
2.115364578957098,136.0,0
2.115473809803889,136.0,0
2.11558304065068,136.0,0
2.115692271497471,137.0,0
2.115801502344262,139.0,0
2.115910733191053,139.0,0
2.1160199640378443,139.0,0
2.1161291948846355,139.0,0
2.1162384257314266,140.0,0
2.1163476565782178,140.0,0
2.1164568874250094,140.0,0
2.1165661182718,140.0,0
2.1166753491185912,142.0,0
2.1167845799653824,142.0,0
2.1168938108121735,142.0,0
2.1170030416589647,142.0,0
2.117112272505756,143.0,0
2.117221503352547,143.0,0
2.117330734199338,143.0,0
2.1174399650461293,143.0,0
2.1175491958929205,144.0,0
2.1176584267397116,144.0,0
2.1177676575865028,144.0,0
2.117876888433294,144.0,0
2.117986119280085,145.0,0
2.118095350126876,146.0,0
2.118204580973667,145.0,0
2.118313811820458,145.0,0
2.1184230426672492,145.0,0
2.1185322735140404,146.0,0
2.1186415043608315,146.0,0
2.1187507352076227,145.0,0
2.118859966054414,146.0,0
2.1189691969012054,147.0,0
2.119078427747996,147.0,0
2.1191876585947873,147.0,0
2.1192968894415785,147.0,0
2.1194061202883696,147.0,0
2.1195153511351608,147.0,0
2.119624581981952,147.0,0
2.119733812828743,148.0,0
2.1198430436755342,148.0,0
2.1199522745223254,149.0,0
2.1200615053691165,148.0,0
2.1201707362159077,149.0,0
2.120279967062699,150.0,0
2.12038919790949,150.0,0
2.120498428756281,150.0,0
2.1206076596030723,150.0,0
2.1207168904498634,150.0,0
2.120826121296654,151.0,0
2.1209353521434453,150.0,0
2.1210445829902365,151.0,0
2.1211538138370276,152.0,0
2.1212630446838188,152.0,0
2.12137227553061,151.0,0
2.1214815063774015,151.0,0
2.1215907372241922,152.0,0
2.1216999680709834,152.0,0
2.1218091989177745,152.0,0
2.1219184297645657,152.0,0
2.122027660611357,152.0,0
2.122136891458148,152.0,0
2.122246122304939,152.0,0
2.1223553531517303,152.0,0
2.1224645839985214,152.0,0
2.1225738148453126,152.0,0
2.1226830456921038,152.0,0
2.122792276538895,152.0,0
2.122901507385686,152.0,0
2.123010738232477,152.0,0
2.1231199690792684,152.0,0
2.1232291999260595,152.0,0
2.1233384307728502,152.0,0
2.1234476616196414,152.0,0
2.1235568924664325,152.0,0
2.1236661233132237,152.0,0
2.123775354160015,152.0,0
2.123884585006806,152.0,0
2.1239938158535976,152.0,0
2.1241030467003883,152.0,0
2.1242122775471795,152.0,0
2.1243215083939706,152.0,0
2.1244307392407618,152.0,0
2.124539970087553,152.0,0
2.124649200934344,152.0,0
2.124758431781135,152.0,0
2.1248676626279264,152.0,0
2.1249768934747175,153.0,0
2.1250861243215087,153.0,0
2.1251953551683,153.0,0
2.125304586015091,153.0,0
2.125413816861882,154.0,0
2.1255230477086733,154.0,0
2.1256322785554644,154.0,0
2.1257415094022556,154.0,0
2.1258507402490463,155.0,0
2.1259599710958375,155.0,0
2.1260692019426286,155.0,0
2.1261784327894198,155.0,0
2.126287663636211,156.0,0
2.126396894483002,156.0,0
2.1265061253297937,156.0,0
2.1266153561765844,156.0,0
2.1267245870233755,156.0,0
2.1268338178701667,156.0,0
2.126943048716958,156.0,0
2.127052279563749,156.0,0
2.12716151041054,157.0,0
2.1272707412573313,158.0,0
2.1273799721041224,158.0,0
2.1274892029509136,158.0,0
2.1275984337977047,159.0,0
2.127707664644496,159.0,0
2.127816895491287,159.0,0
2.127926126338078,160.0,0
2.1280353571848694,161.0,0
2.1281445880316605,161.0,0
2.1282538188784517,162.0,0
2.1283630497252424,163.0,0
2.1284722805720335,164.0,0
2.1285815114188247,164.0,0
2.128690742265616,166.0,0
2.128799973112407,166.0,0
2.128909203959198,167.0,0
2.1290184348059897,168.0,0
2.129127665652781,169.0,0
2.1292368964995716,170.0,0
2.1293461273463627,171.0,0
2.129455358193154,172.0,0
2.129564589039945,172.0,0
2.129673819886736,173.0,0
2.1297830507335274,174.0,0
2.1298922815803185,174.0,0
2.1300015124271097,175.0,0
2.130110743273901,176.0,0
2.130219974120692,176.0,0
2.130329204967483,176.0,0
2.1304384358142743,177.0,0
2.1305476666610654,178.0,0
2.1306568975078566,178.0,0
2.1307661283546477,178.0,0
2.1308753592014384,179.0,0
2.1309845900482296,179.0,0
2.1310938208950208,179.0,0
2.131203051741812,179.0,0
2.131312282588603,180.0,0
2.131421513435394,180.0,0
2.131530744282186,180.0,0
2.131639975128977,180.0,0
2.1317492059757677,180.0,0
2.131858436822559,180.0,0
2.13196766766935,180.0,0
2.132076898516141,180.0,0
2.1321861293629323,180.0,0
2.1322953602097234,180.0,0
2.1324045910565146,180.0,0
2.1325138219033057,180.0,0
2.132623052750097,180.0,0
2.132732283596888,180.0,0
2.132841514443679,180.0,0
2.1329507452904704,180.0,0
2.1330599761372615,180.0,0
2.1331692069840527,180.0,0
2.133278437830844,180.0,0
2.1333876686776345,180.0,0
2.1334968995244257,180.0,0
2.133606130371217,180.0,0
2.133715361218008,180.0,0
2.133824592064799,180.0,0
2.1339338229115903,180.0,0
2.134043053758382,180.0,0
2.134152284605173,180.0,0
2.1342615154519637,180.0,0
2.134370746298755,180.0,0
2.134479977145546,180.0,0
2.134589207992337,181.0,0
2.1346984388391284,182.0,0
2.1348076696859195,181.0,0
2.1349169005327107,181.0,0
2.135026131379502,182.0,0
2.135135362226293,182.0,0
2.135244593073084,181.0,0
2.1353538239198753,182.0,0
2.1354630547666664,182.0,0
2.1355722856134576,181.0,0
2.1356815164602487,182.0,0
2.13579074730704,182.0,0
2.1358999781538306,182.0,0
2.1360092090006217,182.0,0
2.136118439847413,182.0,0
2.136227670694204,182.0,0
2.136336901540995,182.0,0
2.1364461323877864,182.0,0
2.136555363234578,182.0,0
2.136664594081369,182.0,0
2.13677382492816,182.0,0
2.136883055774951,182.0,0
2.136992286621742,182.0,0
2.1371015174685333,182.0,0
2.1372107483153244,183.0,0
2.1373199791621156,182.0,0
2.1374292100089067,183.0,0
2.137538440855698,183.0,0
2.137647671702489,183.0,0
2.13775690254928,183.0,0
2.1378661333960713,184.0,0
2.1379753642428625,184.0,0
2.1380845950896537,184.0,0
2.138193825936445,184.0,0
2.138303056783236,184.0,0
2.1384122876300267,184.0,0
2.138521518476818,184.0,0
2.138630749323609,184.0,0
2.1387399801704,185.0,0
2.1388492110171913,185.0,0
2.1389584418639824,185.0,0
2.139067672710774,185.0,0
2.139176903557565,187.0,0
2.139286134404356,186.0,0
2.139395365251147,186.0,0
2.139504596097938,186.0,0
2.1396138269447293,187.0,0
2.1397230577915205,186.0,0
2.1398322886383117,187.0,0
2.139941519485103,187.0,0
2.140050750331894,187.0,0
2.140159981178685,187.0,0
2.1402692120254763,187.0,0
2.1403784428722674,187.0,0
2.1404876737190586,187.0,0
2.1405969045658497,187.0,0
2.140706135412641,188.0,0
2.140815366259432,188.0,0
2.1409245971062227,188.0,0
2.141033827953014,188.0,0
2.141143058799805,188.0,0
2.141252289646596,189.0,0
2.1413615204933873,189.0,0
2.1414707513401785,189.0,0
2.14157998218697,190.0,0
2.1416892130337613,190.0,0
2.141798443880552,191.0,0
2.141907674727343,191.0,0
2.1420169055741343,192.0,0
2.1421261364209254,192.0,0
2.1422353672677166,193.0,0
2.1423445981145077,193.0,0
2.142453828961299,195.0,0
2.14256305980809,195.0,0
2.142672290654881,195.0,0
2.1427815215016723,196.0,0
2.1428907523484635,198.0,0
2.1429999831952546,198.0,0
2.143109214042046,199.0,0
2.143218444888837,198.0,0
2.143327675735628,199.0,0
2.1434369065824193,199.0,0
2.14354613742921,199.0,0
2.143655368276001,200.0,0
2.1437645991227923,201.0,0
2.1438738299695834,201.0,0
2.1439830608163746,201.0,0
2.144092291663166,201.0,0
2.1442015225099573,203.0,0
2.144310753356748,203.0,0
2.144419984203539,203.0,0
2.1445292150503303,203.0,0
2.1446384458971215,204.0,0
2.1447476767439126,204.0,0
2.144856907590704,204.0,0
2.144966138437495,204.0,0
2.145075369284286,204.0,0
2.1451846001310773,204.0,0
2.1452938309778684,204.0,0
2.1454030618246596,204.0,0
2.1455122926714507,205.0,0
2.145621523518242,204.0,0
2.145730754365033,204.0,0
2.145839985211824,204.0,0
2.1459492160586153,204.0,0
2.146058446905406,204.0,0
2.146167677752197,204.0,0
2.1462769085989883,204.0,0
2.1463861394457795,204.0,0
2.1464953702925706,204.0,0
2.1466046011393622,204.0,0
2.1467138319861534,204.0,0
2.146823062832944,204.0,0
2.1469322936797353,204.0,0
2.1470415245265264,204.0,0
2.1471507553733176,204.0,0
2.1472599862201087,204.0,0
2.1473692170669,204.0,0
2.147478447913691,204.0,0
2.147587678760482,205.0,0
2.1476969096072733,205.0,0
2.1478061404540645,205.0,0
2.1479153713008556,206.0,0
2.148024602147647,206.0,0
2.148133832994438,206.0,0
2.148243063841229,206.0,0
2.1483522946880202,207.0,0
2.1484615255348114,207.0,0
2.148570756381602,207.0,0
2.1486799872283933,207.0,0
2.1487892180751844,208.0,0
2.1488984489219756,208.0,0
2.1490076797687667,208.0,0
2.1491169106155583,208.0,0
2.1492261414623495,209.0,0
2.14933537230914,209.0,0
2.1494446031559313,209.0,0
2.1495538340027225,210.0,0
2.1496630648495136,210.0,0
2.149772295696305,210.0,0
2.149881526543096,210.0,0
2.149990757389887,211.0,0
2.1500999882366783,211.0,0
2.1502092190834694,211.0,0
2.1503184499302606,211.0,0
2.1504276807770517,211.0,0
2.150536911623843,211.0,0
2.150646142470634,211.0,0
2.150755373317425,211.0,0
2.1508646041642163,212.0,0
2.1509738350110075,212.0,0
2.151083065857798,212.0,0
2.1511922967045893,212.0,0
2.1513015275513805,212.0,0
2.1514107583981716,212.0,0
2.151519989244963,212.0,0
2.1516292200917544,212.0,0
2.1517384509385455,214.0,0
2.1518476817853367,214.0,0
2.1519569126321274,213.0,0
2.1520661434789186,214.0,0
2.1521753743257097,214.0,0
2.152284605172501,214.0,0
2.152393836019292,214.0,0
2.152503066866083,215.0,0
2.1526122977128743,216.0,0
2.1527215285596655,216.0,0
2.1528307594064566,216.0,0
2.152939990253248,216.0,0
2.153049221100039,216.0,0
2.15315845194683,216.0,0
2.1532676827936212,216.0,0
2.1533769136404124,216.0,0
2.1534861444872035,216.0,0
2.1535953753339943,216.0,0
2.1537046061807854,216.0,0
2.1538138370275766,217.0,0
2.1539230678743677,217.0,0
2.154032298721159,217.0,0
2.1541415295679505,217.0,0
2.1542507604147416,218.0,0
2.1543599912615328,218.0,0
2.1544692221083235,218.0,0
2.1545784529551146,218.0,0
2.154687683801906,219.0,0
2.154796914648697,219.0,0
2.154906145495488,219.0,0
2.1550153763422792,219.0,0
2.1551246071890704,220.0,0
2.1552338380358615,220.0,0
2.1553430688826527,220.0,0
2.155452299729444,220.0,0
2.155561530576235,220.0,0
2.155670761423026,220.0,0
2.1557799922698173,220.0,0
2.1558892231166085,220.0,0
2.1559984539633996,220.0,0
2.1561076848101903,220.0,0
2.1562169156569815,220.0,0
2.1563261465037726,220.0,0
2.156435377350564,221.0,0
2.156544608197355,221.0,0
2.1566538390441465,221.0,0
2.1567630698909377,222.0,0
2.156872300737729,222.0,0
2.1569815315845196,221.0,0
2.1570907624313107,222.0,0
2.157199993278102,222.0,0
2.157309224124893,222.0,0
2.157418454971684,222.0,0
2.1575276858184753,223.0,0
2.1576369166652665,223.0,0
2.1577461475120576,223.0,0
2.1578553783588488,223.0,0
2.15796460920564,224.0,0
2.158073840052431,224.0,0
2.1581830708992222,224.0,0
2.1582923017460134,224.0,0
2.1584015325928045,224.0,0
2.1585107634395957,224.0,0
2.1586199942863864,224.0,0
2.1587292251331776,224.0,0
2.1588384559799687,225.0,0
2.15894768682676,224.0,0
2.159056917673551,224.0,0
2.1591661485203426,224.0,0
2.1592753793671338,225.0,0
2.159384610213925,225.0,0
2.1594938410607156,225.0,0
2.1596030719075068,225.0,0
2.159712302754298,227.0,0
2.159821533601089,226.0,0
2.1599307644478802,226.0,0
2.1600399952946714,227.0,0
2.1601492261414625,227.0,0
2.1602584569882537,227.0,0
2.160367687835045,227.0,0
2.160476918681836,228.0,0
2.160586149528627,228.0,0
2.1606953803754183,228.0,0
2.1608046112222095,228.0,0
2.1609138420690006,229.0,0
2.1610230729157918,230.0,0
2.1611323037625825,230.0,0
2.1612415346093736,230.0,0
2.161350765456165,230.0,0
2.161459996302956,231.0,0
2.161569227149747,231.0,0
2.1616784579965387,231.0,0
2.16178768884333,231.0,0
2.161896919690121,231.0,0
2.1620061505369117,231.0,0
2.162115381383703,231.0,0
2.162224612230494,232.0,0
2.162333843077285,232.0,0
2.1624430739240763,231.0,0
2.1625523047708675,231.0,0
2.1626615356176586,232.0,0
2.1627707664644498,232.0,0
2.162879997311241,231.0,0
2.162989228158032,232.0,0
2.1630984590048232,232.0,0
2.1632076898516144,232.0,0
2.1633169206984055,232.0,0
2.1634261515451967,232.0,0
2.163535382391988,232.0,0
2.1636446132387785,232.0,0
2.1637538440855697,232.0,0
2.163863074932361,233.0,0
2.163972305779152,232.0,0
2.164081536625943,232.0,0
2.1641907674727348,233.0,0
2.164299998319526,233.0,0
2.164409229166317,233.0,0
2.1645184600131078,233.0,0
2.164627690859899,233.0,0
2.16473692170669,233.0,0
2.1648461525534812,233.0,0
2.1649553834002724,233.0,0
2.1650646142470635,233.0,0
2.1651738450938547,233.0,0
2.165283075940646,233.0,0
2.165392306787437,233.0,0
2.165501537634228,233.0,0
2.1656107684810193,234.0,0
2.1657199993278105,234.0,0
2.1658292301746016,235.0,0
2.1659384610213928,235.0,0
2.166047691868184,236.0,0
2.166156922714975,235.0,0
2.1662661535617658,236.0,0
2.166375384408557,236.0,0
2.166484615255348,236.0,0
2.1665938461021392,236.0,0
2.166703076948931,237.0,0
2.166812307795722,238.0,0
2.166921538642513,238.0,0
2.167030769489304,239.0,0
2.167140000336095,239.0,0
2.167249231182886,239.0,0
2.1673584620296773,240.0,0
2.1674676928764685,240.0,0
2.1675769237232596,240.0,0
2.1676861545700508,241.0,0
2.167795385416842,241.0,0
2.167904616263633,242.0,0
2.168013847110424,243.0,0
2.1681230779572154,243.0,0
2.1682323088040065,244.0,0
2.1683415396507977,244.0,0
2.168450770497589,246.0,0
2.16856000134438,246.0,0
2.168669232191171,247.0,0
2.168778463037962,248.0,0
2.168887693884753,248.0,0
2.168996924731544,249.0,0
2.1691061555783353,249.0,0
2.169215386425127,250.0,0
2.169324617271918,251.0,0
2.169433848118709,252.0,0
2.1695430789655,252.0,0
2.169652309812291,252.0,0
2.169761540659082,253.0,0
2.1698707715058734,254.0,0
2.1699800023526645,254.0,0
2.1700892331994557,254.0,0
2.170198464046247,255.0,0
2.170307694893038,255.0,0
2.170416925739829,255.0,0
2.1705261565866203,255.0,0
2.1706353874334114,255.0,0
2.1707446182802026,255.0,0
2.1708538491269938,255.0,0
2.170963079973785,255.0,0
2.171072310820576,255.0,0
2.171181541667367,255.0,0
2.171290772514158,255.0,0
2.171400003360949,255.0,0
2.1715092342077402,255.0,0
2.1716184650545314,255.0,0
2.171727695901323,255.0,0
2.171836926748114,256.0,0
2.1719461575949053,255.0,0
2.172055388441696,255.0,0
2.172164619288487,255.0,0
2.1722738501352783,256.0,0
2.1723830809820694,256.0,0
2.1724923118288606,255.0,0
2.1726015426756518,255.0,0
2.172710773522443,256.0,0
2.172820004369234,256.0,0
2.172929235216025,255.0,0
2.1730384660628164,256.0,0
2.1731476969096075,257.0,0
2.1732569277563987,256.0,0
2.17336615860319,256.0,0
2.173475389449981,256.0,0
2.173584620296772,257.0,0
2.1736938511435633,256.0,0
2.173803081990354,257.0,0
2.173912312837145,257.0,0
2.1740215436839363,257.0,0
2.1741307745307275,257.0,0
2.174240005377519,257.0,0
2.17434923622431,258.0,0
2.1744584670711014,258.0,0
2.1745676979178925,258.0,0
2.174676928764683,259.0,0
2.1747861596114744,259.0,0
2.1748953904582655,259.0,0
2.1750046213050567,259.0,0
2.175113852151848,259.0,0
2.175223082998639,260.0,0
2.17533231384543,260.0,0
2.1754415446922213,260.0,0
2.1755507755390124,260.0,0
2.1756600063858036,262.0,0
2.1757692372325947,262.0,0
2.175878468079386,262.0,0
2.175987698926177,262.0,0
2.176096929772968,263.0,0
2.1762061606197594,263.0,0
2.17631539146655,263.0,0
2.176424622313341,263.0,0
2.1765338531601324,263.0,0
2.1766430840069235,263.0,0
2.176752314853715,263.0,0
2.1768615457005063,264.0,0
2.1769707765472974,264.0,0
2.1770800073940886,264.0,0
2.1771892382408793,264.0,0
2.1772984690876704,265.0,0
2.1774076999344616,265.0,0
2.1775169307812527,265.0,0
2.177626161628044,265.0,0
2.177735392474835,266.0,0
2.177844623321626,266.0,0
2.1779538541684174,266.0,0
2.1780630850152085,265.0,0
2.1781723158619997,267.0,0
2.178281546708791,267.0,0
2.178390777555582,267.0,0
2.178500008402373,267.0,0
2.1786092392491643,268.0,0
2.1787184700959554,268.0,0
2.178827700942746,268.0,0
2.1789369317895373,268.0,0
2.1790461626363284,268.0,0
2.1791553934831196,268.0,0
2.179264624329911,268.0,0
2.1793738551767023,268.0,0
2.1794830860234935,270.0,0
2.1795923168702847,269.0,0
2.1797015477170754,269.0,0
2.1798107785638665,270.0,0
2.1799200094106577,270.0,0
2.180029240257449,270.0,0
2.18013847110424,270.0,0
2.180247701951031,270.0,0
2.1803569327978223,271.0,0
2.1804661636446134,271.0,0
2.1805753944914046,271.0,0
2.1806846253381957,271.0,0
2.180793856184987,272.0,0
2.180903087031778,272.0,0
2.181012317878569,272.0,0
2.1811215487253603,273.0,0
2.1812307795721515,273.0,0
2.181340010418942,273.0,0
2.1814492412657334,273.0,0
2.1815584721125245,274.0,0
2.1816677029593157,274.0,0
2.1817769338061073,273.0,0
2.1818861646528984,275.0,0
2.1819953954996896,275.0,0
2.1821046263464807,275.0,0
2.1822138571932714,275.0,0
2.1823230880400626,275.0,0
2.1824323188868537,275.0,0
2.182541549733645,275.0,0
2.182650780580436,275.0,0
2.182760011427227,276.0,0
2.1828692422740184,276.0,0
2.1829784731208095,276.0,0
2.1830877039676007,276.0,0
2.183196934814392,278.0,0
2.183306165661183,278.0,0
2.183415396507974,278.0,0
2.1835246273547653,278.0,0
2.1836338582015564,279.0,0
2.1837430890483476,279.0,0
2.1838523198951383,279.0,0
2.1839615507419294,280.0,0
2.1840707815887206,280.0,0
2.1841800124355117,280.0,0
2.1842892432823033,280.0,0
2.1843984741290945,280.0,0
2.1845077049758856,280.0,0
2.184616935822677,280.0,0
2.1847261666694675,281.0,0
2.1848353975162587,282.0,0
2.18494462836305,282.0,0
2.185053859209841,282.0,0
2.185163090056632,283.0,0
2.1852723209034233,284.0,0
2.1853815517502144,284.0,0
2.1854907825970056,284.0,0
2.1856000134437967,285.0,0
2.185709244290588,285.0,0
2.185818475137379,286.0,0
2.18592770598417,286.0,0
2.1860369368309613,287.0,0
2.1861461676777525,287.0,0
2.1862553985245436,287.0,0
2.1863646293713344,288.0,0
2.1864738602181255,288.0,0
2.1865830910649167,289.0,0
2.186692321911708,289.0,0
2.1868015527584994,290.0,0
2.1869107836052906,290.0,0
2.1870200144520817,291.0,0
2.187129245298873,291.0,0
2.1872384761456636,291.0,0
2.1873477069924547,291.0,0
2.187456937839246,292.0,0
2.187566168686037,292.0,0
2.187675399532828,292.0,0
2.1877846303796193,293.0,0
2.1878938612264105,293.0,0
2.1880030920732016,294.0,0
2.188112322919993,294.0,0
2.188221553766784,294.0,0
2.188330784613575,294.0,0
2.1884400154603663,294.0,0
2.1885492463071574,294.0,0
2.1886584771539486,294.0,0
2.1887677080007397,294.0,0
2.188876938847531,295.0,0
2.1889861696943216,295.0,0
2.1890954005411127,295.0,0
2.189204631387904,294.0,0
2.1893138622346955,295.0,0
2.1894230930814866,295.0,0
2.189532323928278,295.0,0
2.189641554775069,295.0,0
2.1897507856218597,294.0,0
2.189860016468651,294.0,0
2.189969247315442,295.0,0
2.190078478162233,294.0,0
2.1901877090090243,294.0,0
2.1902969398558154,294.0,0
2.1904061707026066,295.0,0
2.1905154015493977,294.0,0
2.190624632396189,294.0,0
2.19073386324298,294.0,0
2.190843094089771,294.0,0
2.1909523249365623,294.0,0
2.1910615557833535,295.0,0
2.1911707866301446,295.0,0
2.191280017476936,295.0,0
2.191389248323727,295.0,0
2.1914984791705177,295.0,0
2.191607710017309,295.0,0
2.1917169408641,295.0,0
2.1918261717108916,295.0,0
2.1919354025576827,296.0,0
2.192044633404474,296.0,0
2.192153864251265,297.0,0
2.1922630950980557,297.0,0
2.192372325944847,297.0,0
2.192481556791638,298.0,0
2.192590787638429,298.0,0
2.1927000184852203,299.0,0
2.1928092493320115,300.0,0
2.1929184801788026,300.0,0
2.193027711025594,300.0,0
2.193136941872385,300.0,0
2.193246172719176,300.0,0
2.1933554035659673,300.0,0
2.1934646344127584,300.0,0
2.1935738652595496,301.0,0
2.1936830961063407,301.0,0
2.193792326953132,301.0,0
2.193901557799923,302.0,0
2.1940107886467137,301.0,0
2.194120019493505,302.0,0
2.194229250340296,302.0,0
2.1943384811870876,302.0,0
2.194447712033879,302.0,0
2.19455694288067,302.0,0
2.194666173727461,303.0,0
2.194775404574252,304.0,0
2.194884635421043,304.0,0
2.194993866267834,304.0,0
2.1951030971146253,304.0,0
2.1952123279614164,305.0,0
2.1953215588082076,305.0,0
2.1954307896549987,305.0,0
2.19554002050179,305.0,0
2.195649251348581,306.0,0
2.195758482195372,306.0,0
2.1958677130421633,307.0,0
2.1959769438889545,307.0,0
2.1960861747357456,307.0,0
2.196195405582537,307.0,0
2.196304636429328,308.0,0
2.196413867276119,308.0,0
2.19652309812291,308.0,0
2.196632328969701,309.0,0
2.196741559816492,310.0,0
2.1968507906632837,310.0,0
2.196960021510075,311.0,0
2.197069252356866,311.0,0
2.197178483203657,312.0,0
2.1972877140504483,312.0,0
2.197396944897239,312.0,0
2.19750617574403,312.0,0
2.1976154065908213,312.0,0
2.1977246374376125,312.0,0
2.1978338682844036,312.0,0
2.197943099131195,312.0,0
2.198052329977986,312.0,0
2.198161560824777,312.0,0
2.1982707916715682,312.0,0
2.1983800225183594,312.0,0
2.1984892533651506,312.0,0
2.1985984842119417,312.0,0
2.198707715058733,312.0,0
2.198816945905524,312.0,0
2.198926176752315,312.0,0
2.199035407599106,312.0,0
2.199144638445897,312.0,0
2.199253869292688,312.0,0
2.1993631001394798,312.0,0
2.199472330986271,312.0,0
2.199581561833062,312.0,0
2.1996907926798532,312.0,0
2.1998000235266444,312.0,0
2.199909254373435,312.0,0
2.2000184852202262,312.0,0
2.2001277160670174,313.0,0
2.2002369469138086,313.0,0
2.2003461777605997,313.0,0
2.200455408607391,314.0,0
2.200564639454182,314.0,0
2.200673870300973,315.0,0
2.2007831011477643,315.0,0
2.2008923319945555,316.0,0
2.2010015628413466,316.0,0
2.201110793688138,316.0,0
2.201220024534929,316.0,0
2.20132925538172,316.0,0
2.2014384862285112,316.0,0
2.201547717075302,317.0,0
2.201656947922093,317.0,0
2.2017661787688843,318.0,0
2.201875409615676,318.0,0
2.201984640462467,318.0,0
2.202093871309258,318.0,0
2.2022031021560493,319.0,0
2.2023123330028405,319.0,0
2.202421563849631,319.0,0
2.2025307946964223,319.0,0
2.2026400255432135,319.0,0
2.2027492563900046,319.0,0
2.202858487236796,320.0,0
2.202967718083587,320.0,0
2.203076948930378,320.0,0
2.2031861797771692,321.0,0
2.2032954106239604,321.0,0
2.2034046414707515,321.0,0
2.2035138723175427,321.0,0
2.203623103164334,321.0,0
2.203732334011125,322.0,0
2.203841564857916,321.0,0
2.2039507957047073,322.0,0
2.204060026551498,322.0,0
2.204169257398289,322.0,0
2.2042784882450803,322.0,0
2.204387719091872,323.0,0
2.204496949938663,323.0,0
2.2046061807854542,323.0,0
2.2047154116322454,323.0,0
2.2048246424790365,323.0,0
2.2049338733258272,323.0,0
2.2050431041726184,323.0,0
2.2051523350194095,323.0,0
2.2052615658662007,323.0,0
2.205370796712992,323.0,0
2.205480027559783,323.0,0
2.205589258406574,323.0,0
2.2056984892533658,323.0,0
2.2058077201001565,323.0,0
2.2059169509469476,323.0,0
2.2060261817937388,323.0,0
2.20613541264053,324.0,0
2.206244643487321,323.0,0
2.2063538743341122,324.0,0
2.2064631051809034,324.0,0
2.206572336027694,324.0,0
2.2066815668744852,324.0,0
2.2067907977212764,325.0,0
2.206900028568068,325.0,0
2.207009259414859,324.0,0
2.2071184902616503,325.0,0
2.2072277211084415,326.0,0
2.2073369519552326,325.0,0
2.2074461828020233,326.0,0
2.2075554136488145,326.0,0
2.2076646444956056,326.0,0
2.2077738753423968,325.0,0
2.207883106189188,326.0,0
2.207992337035979,326.0,0
2.2081015678827702,326.0,0
2.208210798729562,326.0,0
2.2083200295763525,326.0,0
2.2084292604231437,327.0,0
2.208538491269935,327.0,0
2.208647722116726,327.0,0
2.208756952963517,327.0,0
2.2088661838103083,327.0,0
2.2089754146570995,327.0,0
2.20908464550389,327.0,0
2.2091938763506813,328.0,0
2.2093031071974725,328.0,0
2.209412338044264,329.0,0
2.209521568891055,329.0,0
2.2096307997378464,330.0,0
2.2097400305846375,329.0,0
2.2098492614314287,331.0,0
2.2099584922782194,331.0,0
2.2100677231250105,332.0,0
2.2101769539718017,331.0,0
2.210286184818593,332.0,0
2.210395415665384,332.0,0
2.210504646512175,332.0,0
2.2106138773589663,332.0,0
2.210723108205758,333.0,0
2.2108323390525486,332.0,0
2.2109415698993398,333.0,0
2.211050800746131,334.0,0
2.211160031592922,334.0,0
2.2112692624397132,333.0,0
2.2113784932865044,334.0,0
2.2114877241332955,334.0,0
2.2115969549800862,334.0,0
2.2117061858268774,334.0,0
2.2118154166736685,335.0,0
2.21192464752046,335.0,0
2.2120338783672513,335.0,0
2.2121431092140424,335.0,0
2.2122523400608336,336.0,0
2.2123615709076248,336.0,0
2.2124708017544155,336.0,0
2.2125800326012066,336.0,0
2.2126892634479978,337.0,0
2.212798494294789,337.0,0
2.21290772514158,337.0,0
2.2130169559883712,338.0,0
2.2131261868351624,339.0,0
2.213235417681954,339.0,0
2.2133446485287447,339.0,0
2.213453879375536,340.0,0
2.213563110222327,340.0,0
2.213672341069118,340.0,0
2.2137815719159093,342.0,0
2.2138908027627004,342.0,0
2.2140000336094916,342.0,0
2.2141092644562828,342.0,0
2.2142184953030735,343.0,0
2.2143277261498646,343.0,0
2.214436956996656,343.0,0
2.2145461878434474,344.0,0
2.2146554186902385,344.0,0
2.2147646495370297,344.0,0
2.214873880383821,344.0,0
2.2149831112306115,344.0,0
2.2150923420774027,344.0,0
2.215201572924194,344.0,0
2.215310803770985,344.0,0
2.215420034617776,344.0,0
2.2155292654645673,345.0,0
2.2156384963113585,345.0,0
2.21574772715815,345.0,0
2.2158569580049408,345.0,0
2.215966188851732,345.0,0
2.216075419698523,344.0,0
2.216184650545314,345.0,0
2.2162938813921054,345.0,0
2.2164031122388965,345.0,0
2.2165123430856877,345.0,0
2.216621573932479,346.0,0
2.2167308047792695,345.0,0
2.2168400356260607,345.0,0
2.2169492664728523,345.0,0
2.2170584973196434,347.0,0
2.2171677281664346,346.0,0
2.2172769590132257,346.0,0
2.217386189860017,346.0,0
2.2174954207068076,347.0,0
2.2176046515535988,346.0,0
2.21771388240039,346.0,0
2.217823113247181,347.0,0
2.217932344093972,347.0,0
2.2180415749407634,346.0,0
2.2181508057875545,347.0,0
2.218260036634346,347.0,0
2.218369267481137,347.0,0
2.218478498327928,346.0,0
2.218587729174719,347.0,0
2.2186969600215103,347.0,0
2.2188061908683014,347.0,0
2.2189154217150926,347.0,0
2.2190246525618837,348.0,0
2.219133883408675,348.0,0
2.2192431142554656,347.0,0
2.2193523451022568,347.0,0
2.2194615759490484,348.0,0
2.2195708067958395,348.0,0
2.2196800376426307,348.0,0
2.219789268489422,348.0,0
2.219898499336213,348.0,0
2.220007730183004,348.0,0
2.220116961029795,348.0,0
2.220226191876586,348.0,0
2.220335422723377,348.0,0
2.2204446535701683,348.0,0
2.2205538844169594,348.0,0
2.2206631152637506,348.0,0
2.220772346110542,348.0,0
2.220881576957333,348.0,0
2.220990807804124,348.0,0
2.221100038650915,348.0,0
2.2212092694977064,348.0,0
2.2213185003444975,348.0,0
2.2214277311912887,349.0,0
2.22153696203808,349.0,0
2.221646192884871,350.0,0
2.2217554237316617,349.0,0
2.221864654578453,350.0,0
2.2219738854252444,350.0,0
2.2220831162720356,350.0,0
2.2221923471188267,350.0,0
2.222301577965618,351.0,0
2.222410808812409,351.0,0
2.2225200396592,351.0,0
2.222629270505991,351.0,0
2.222738501352782,352.0,0
2.222847732199573,352.0,0
2.2229569630463644,352.0,0
2.2230661938931555,352.0,0
2.2231754247399467,352.0,0
2.2232846555867383,352.0,0
2.223393886433529,352.0,0
2.22350311728032,353.0,0
2.2236123481271113,353.0,0
2.2237215789739024,353.0,0
2.2238308098206936,353.0,0
2.2239400406674847,354.0,0
2.224049271514276,354.0,0
2.224158502361067,354.0,0
2.2242677332078578,355.0,0
2.224376964054649,355.0,0
2.2244861949014405,355.0,0
2.2245954257482317,355.0,0
2.224704656595023,355.0,0
2.224813887441814,355.0,0
2.224923118288605,355.0,0
2.2250323491353963,355.0,0
2.225141579982187,356.0,0
2.225250810828978,355.0,0
2.2253600416757693,355.0,0
2.2254692725225604,355.0,0
2.2255785033693516,356.0,0
2.2256877342161427,356.0,0
2.2257969650629343,355.0,0
2.225906195909725,356.0,0
2.226015426756516,356.0,0
2.2261246576033074,356.0,0
2.2262338884500985,356.0,0
2.2263431192968897,356.0,0
2.226452350143681,357.0,0
2.226561580990472,356.0,0
2.226670811837263,357.0,0
2.226780042684054,358.0,0
2.226889273530845,357.0,0
2.2269985043776366,356.0,0
2.2271077352244277,358.0,0
2.227216966071219,358.0,0
2.22732619691801,358.0,0
2.227435427764801,358.0,0
2.2275446586115923,359.0,0
2.227653889458383,359.0,0
2.227763120305174,359.0,0
2.2278723511519654,359.0,0
2.2279815819987565,360.0,0
2.2280908128455477,360.0,0
2.228200043692339,360.0,0
2.2283092745391304,361.0,0
2.2284185053859216,362.0,0
2.2285277362327123,361.0,0
2.2286369670795034,363.0,0
2.2287461979262946,363.0,0
2.2288554287730857,363.0,0
2.228964659619877,363.0,0
2.229073890466668,364.0,0
2.229183121313459,364.0,0
2.22929235216025,364.0,0
2.229401583007041,364.0,0
2.2295108138538327,364.0,0
2.229620044700624,364.0,0
2.229729275547415,364.0,0
2.229838506394206,364.0,0
2.2299477372409973,364.0,0
2.2300569680877884,364.0,0
2.230166198934579,364.0,0
2.2302754297813703,364.0,0
2.2303846606281614,364.0,0
2.2304938914749526,364.0,0
2.2306031223217437,364.0,0
2.230712353168535,364.0,0
2.2308215840153265,364.0,0
2.2309308148621176,364.0,0
2.2310400457089083,365.0,0
2.2311492765556995,365.0,0
2.2312585074024907,366.0,0
2.231367738249282,366.0,0
2.231476969096073,366.0,0
2.231586199942864,366.0,0
2.2316954307896553,367.0,0
2.231804661636446,368.0,0
2.231913892483237,368.0,0
2.2320231233300287,368.0,0
2.23213235417682,368.0,0
2.232241585023611,369.0,0
2.232350815870402,370.0,0
2.2324600467171933,370.0,0
2.2325692775639845,371.0,0
2.232678508410775,371.0,0
2.2327877392575664,371.0,0
2.2328969701043575,371.0,0
2.2330062009511487,372.0,0
2.23311543179794,374.0,0
2.233224662644731,373.0,0
2.2333338934915226,374.0,0
2.2334431243383137,374.0,0
2.2335523551851044,375.0,0
2.2336615860318956,374.0,0
2.2337708168786867,375.0,0
2.233880047725478,376.0,0
2.233989278572269,376.0,0
2.23409850941906,376.0,0
2.2342077402658513,376.0,0
2.234316971112642,377.0,0
2.234426201959433,377.0,0
2.234535432806225,377.0,0
2.234644663653016,377.0,0
2.234753894499807,377.0,0
2.2348631253465983,377.0,0
2.2349723561933894,377.0,0
2.2350815870401806,378.0,0
2.2351908178869713,378.0,0
2.2353000487337624,377.0,0
2.2354092795805536,379.0,0
2.2355185104273447,379.0,0
2.235627741274136,379.0,0
2.235736972120927,378.0,0
2.2358462029677186,379.0,0
2.23595543381451,380.0,0
2.2360646646613005,379.0,0
2.2361738955080916,379.0,0
2.236283126354883,380.0,0
2.236392357201674,380.0,0
2.236501588048465,379.0,0
2.2366108188952563,380.0,0
2.2367200497420474,380.0,0
2.2368292805888386,380.0,0
2.2369385114356293,380.0,0
2.237047742282421,380.0,0
2.237156973129212,380.0,0
2.237266203976003,380.0,0
2.2373754348227943,380.0,0
2.2374846656695855,380.0,0
2.2375938965163766,380.0,0
2.2377031273631673,379.0,0
2.2378123582099585,380.0,0
2.2379215890567496,380.0,0
2.238030819903541,380.0,0
2.238140050750332,379.0,0
2.238249281597123,380.0,0
2.2383585124439147,380.0,0
2.238467743290706,379.0,0
2.2385769741374966,379.0,0
2.2386862049842877,380.0,0
2.238795435831079,379.0,0
2.23890466667787,379.0,0
2.239013897524661,379.0,0
2.2391231283714523,380.0,0
2.2392323592182435,379.0,0
2.2393415900650346,379.0,0
2.2394508209118253,380.0,0
2.239560051758617,380.0,0
2.239669282605408,380.0,0
2.2397785134521992,380.0,0
2.2398877442989904,380.0,0
2.2399969751457816,380.0,0
2.2401062059925727,380.0,0
2.2402154368393634,381.0,0
2.2403246676861546,381.0,0
2.2404338985329457,381.0,0
2.240543129379737,381.0,0
2.240652360226528,382.0,0
2.240761591073319,382.0,0
2.240870821920111,382.0,0
2.240980052766902,382.0,0
2.2410892836136926,382.0,0
2.241198514460484,382.0,0
2.241307745307275,382.0,0
2.241416976154066,382.0,0
2.2415262070008573,383.0,0
2.2416354378476484,383.0,0
2.2417446686944396,383.0,0
2.2418538995412307,384.0,0
2.2419631303880214,384.0,0
2.242072361234813,383.0,0
2.242181592081604,384.0,0
2.2422908229283953,384.0,0
2.2424000537751865,384.0,0
2.2425092846219776,384.0,0
2.242618515468769,384.0,0
2.2427277463155595,384.0,0
2.2428369771623506,384.0,0
2.242946208009142,384.0,0
2.243055438855933,385.0,0
2.243164669702724,384.0,0
2.2432739005495153,384.0,0
2.243383131396307,385.0,0
2.243492362243098,386.0,0
2.2436015930898887,385.0,0
2.24371082393668,385.0,0
2.243820054783471,386.0,0
2.243929285630262,387.0,0
2.2440385164770533,387.0,0
2.2441477473238445,387.0,0
2.2442569781706356,387.0,0
2.244366209017427,388.0,0
2.2444754398642175,387.0,0
2.244584670711009,388.0,0
2.2446939015578002,390.0,0
2.2448031324045914,390.0,0
2.2449123632513825,390.0,0
2.2450215940981737,391.0,0
2.245130824944965,391.0,0
2.245240055791756,391.0,0
2.2453492866385467,391.0,0
2.245458517485338,393.0,0
2.245567748332129,393.0,0
2.24567697917892,393.0,0
2.2457862100257113,394.0,0
2.245895440872503,396.0,0
2.246004671719294,396.0,0
2.246113902566085,396.0,0
2.246223133412876,396.0,0
2.246332364259667,396.0,0
2.2464415951064582,396.0,0
2.2465508259532494,397.0,0
2.2466600568000406,398.0,0
2.2467692876468317,398.0,0
2.246878518493623,398.0,0
2.2469877493404136,398.0,0
2.247096980187205,399.0,0
2.2472062110339963,399.0,0
2.2473154418807875,398.0,0
2.2474246727275786,399.0,0
2.2475339035743698,399.0,0
2.247643134421161,399.0,0
2.247752365267952,399.0,0
2.247861596114743,400.0,0
2.247970826961534,400.0,0
2.248080057808325,400.0,0
2.2481892886551162,400.0,0
2.2482985195019074,401.0,0
2.248407750348699,401.0,0
2.24851698119549,401.0,0
2.248626212042281,401.0,0
2.248735442889072,401.0,0
2.248844673735863,401.0,0
2.2489539045826543,401.0,0
2.2490631354294455,401.0,0
2.2491723662762366,401.0,0
2.2492815971230278,401.0,0
2.249390827969819,402.0,0
2.2495000588166096,402.0,0
2.2496092896634012,401.0,0
2.2497185205101924,401.0,0
2.2498277513569835,402.0,0
2.2499369822037747,402.0,0
2.250046213050566,401.0,0
2.250155443897357,402.0,0
2.250264674744148,402.0,0
2.250373905590939,402.0,0
2.25048313643773,402.0,0
2.250592367284521,403.0,0
2.2507015981313123,402.0,0
2.2508108289781035,402.0,0
2.250920059824895,402.0,0
2.2510292906716862,403.0,0
2.2511385215184774,403.0,0
2.251247752365268,403.0,0
2.2513569832120592,403.0,0
2.2514662140588504,403.0,0
2.2515754449056415,403.0,0
2.2516846757524327,403.0,0
2.251793906599224,404.0,0
2.251903137446015,404.0,0
2.2520123682928057,404.0,0
2.2521215991395973,404.0,0
2.2522308299863885,405.0,0
2.2523400608331796,405.0,0
2.2524492916799708,405.0,0
2.252558522526762,406.0,0
2.252667753373553,406.0,0
2.2527769842203442,406.0,0
2.252886215067135,406.0,0
2.252995445913926,407.0,0
2.2531046767607172,407.0,0
2.2532139076075084,407.0,0
2.2533231384542995,407.0,0
2.253432369301091,408.0,0
2.2535416001478823,408.0,0
2.2536508309946734,408.0,0
2.253760061841464,408.0,0
2.2538692926882553,408.0,0
2.2539785235350465,408.0,0
2.2540877543818376,408.0,0
2.2541969852286288,408.0,0
2.25430621607542,408.0,0
2.254415446922211,408.0,0
2.254524677769002,409.0,0
2.2546339086157934,409.0,0
2.2547431394625845,409.0,0
2.2548523703093757,409.0,0
2.254961601156167,409.0,0
2.255070832002958,410.0,0
2.255180062849749,409.0,0
2.2552892936965403,410.0,0
2.255398524543331,411.0,0
2.255507755390122,411.0,0
2.2556169862369133,411.0,0
2.2557262170837045,411.0,0
2.2558354479304956,411.0,0
2.255944678777287,411.0,0
2.2560539096240784,412.0,0
2.2561631404708695,412.0,0
2.2562723713176602,412.0,0
2.2563816021644514,412.0,0
2.2564908330112425,412.0,0
2.2566000638580337,412.0,0
2.256709294704825,412.0,0
2.256818525551616,412.0,0
2.256927756398407,412.0,0
2.257036987245198,413.0,0
2.2571462180919895,413.0,0
2.2572554489387806,414.0,0
2.2573646797855718,414.0,0
2.257473910632363,414.0,0
2.257583141479154,414.0,0
2.257692372325945,414.0,0
2.2578016031727364,414.0,0
2.257910834019527,414.0,0
2.2580200648663182,414.0,0
2.2581292957131094,415.0,0
2.2582385265599005,415.0,0
2.2583477574066917,415.0,0
2.2584569882534833,415.0,0
2.2585662191002744,415.0,0
2.2586754499470656,415.0,0
2.2587846807938563,415.0,0
2.2588939116406475,415.0,0
2.2590031424874386,415.0,0
2.2591123733342298,415.0,0
2.259221604181021,415.0,0
2.259330835027812,415.0,0
2.259440065874603,415.0,0
2.2595492967213944,414.0,0
2.2596585275681855,414.0,0
2.2597677584149767,414.0,0
2.259876989261768,414.0,0
2.259986220108559,414.0,0
2.26009545095535,414.0,0
2.2602046818021413,413.0,0
2.2603139126489324,413.0,0
2.260423143495723,413.0,0
2.2605323743425143,413.0,0
2.2606416051893055,412.0,0
2.2607508360360966,412.0,0
2.2608600668828878,412.0,0
2.2609692977296794,412.0,0
2.2610785285764705,412.0,0
2.2611877594232617,413.0,0
2.2612969902700524,413.0,0
2.2614062211168435,413.0,0
2.2615154519636347,413.0,0
2.261624682810426,414.0,0
2.261733913657217,414.0,0
2.261843144504008,414.0,0
2.2619523753507993,414.0,0
2.2620616061975904,415.0,0
2.2621708370443816,415.0,0
2.2622800678911728,415.0,0
2.262389298737964,415.0,0
2.262498529584755,415.0,0
2.262607760431546,416.0,0
2.2627169912783374,416.0,0
2.2628262221251285,416.0,0
2.2629354529719192,417.0,0
2.2630446838187104,417.0,0
2.2631539146655015,417.0,0
2.2632631455122927,417.0,0
2.263372376359084,417.0,0
2.2634816072058754,418.0,0
2.2635908380526666,419.0,0
2.2637000688994577,419.0,0
2.2638092997462484,419.0,0
2.2639185305930396,419.0,0
2.2640277614398308,419.0,0
2.264136992286622,419.0,0
2.264246223133413,419.0,0
2.264355453980204,419.0,0
2.2644646848269954,419.0,0
2.2645739156737865,419.0,0
2.2646831465205777,420.0,0
2.264792377367369,420.0,0
2.26490160821416,420.0,0
2.265010839060951,420.0,0
2.2651200699077423,420.0,0
2.2652293007545334,420.0,0
2.2653385316013246,420.0,0
2.2654477624481153,420.0,0
2.2655569932949065,420.0,0
2.2656662241416976,420.0,0
2.2657754549884888,420.0,0
2.26588468583528,421.0,0
2.2659939166820715,421.0,0
2.2661031475288627,421.0,0
2.266212378375654,422.0,0
2.2663216092224445,422.0,0
2.2664308400692357,422.0,0
2.266540070916027,422.0,0
2.266649301762818,423.0,0
2.266758532609609,422.0,0
2.2668677634564003,422.0,0
2.2669769943031914,422.0,0
2.2670862251499826,422.0,0
2.2671954559967737,422.0,0
2.267304686843565,422.0,0
2.267413917690356,422.0,0
2.267523148537147,422.0,0
2.2676323793839384,422.0,0
2.2677416102307295,422.0,0
2.2678508410775207,422.0,0
2.267960071924312,422.0,0
2.2680693027711025,422.0,0
2.2681785336178937,422.0,0
2.268287764464685,422.0,0
2.268396995311476,422.0,0
2.2685062261582676,422.0,0
2.2686154570050587,422.0,0
2.26872468785185,422.0,0
2.2688339186986406,421.0,0
2.2689431495454317,421.0,0
2.269052380392223,422.0,0
2.269161611239014,420.0,0
2.269270842085805,420.0,0
2.2693800729325964,420.0,0
2.2694893037793875,420.0,0
2.2695985346261787,420.0,0
2.26970776547297,420.0,0
2.269816996319761,420.0,0
2.269926227166552,420.0,0
2.2700354580133433,420.0,0
2.2701446888601344,420.0,0
2.2702539197069256,420.0,0
2.2703631505537167,420.0,0
2.270472381400508,420.0,0
2.2705816122472986,422.0,0
2.2706908430940898,422.0,0
2.270800073940881,422.0,0
2.270909304787672,422.0,0
2.2710185356344637,422.0,0
2.271127766481255,423.0,0
2.271236997328046,423.0,0
2.2713462281748367,423.0,0
2.271455459021628,423.0,0
2.271564689868419,423.0,0
2.27167392071521,424.0,0
2.2717831515620013,425.0,0
2.2718923824087924,426.0,0
2.2720016132555836,426.0,0
2.2721108441023747,427.0,0
2.272220074949166,428.0,0
2.272329305795957,428.0,0
2.272438536642748,428.0,0
2.2725477674895393,428.0,0
2.2726569983363305,429.0,0
2.2727662291831217,429.0,0
2.272875460029913,429.0,0
2.272984690876704,430.0,0
2.2730939217234947,430.0,0
2.273203152570286,430.0,0
2.273312383417077,430.0,0
2.273421614263868,431.0,0
2.2735308451106597,431.0,0
2.273640075957451,432.0,0
2.273749306804242,432.0,0
2.273858537651033,432.0,0
2.273967768497824,432.0,0
2.274076999344615,432.0,0
2.274186230191406,433.0,0
2.2742954610381974,433.0,0
2.2744046918849885,433.0,0
2.2745139227317797,433.0,0
2.274623153578571,434.0,0
2.274732384425362,433.0,0
2.274841615272153,434.0,0
2.2749508461189443,435.0,0
2.2750600769657354,435.0,0
2.2751693078125266,435.0,0
2.2752785386593177,435.0,0
2.275387769506109,435.0,0
2.2754970003529,435.0,0
2.2756062311996907,436.0,0
2.275715462046482,437.0,0
2.275824692893273,437.0,0
2.275933923740064,437.0,0
2.276043154586856,438.0,0
2.276152385433647,439.0,0
2.276261616280438,438.0,0
2.2763708471272293,439.0,0
2.27648007797402,440.0,0
2.276589308820811,440.0,0
2.2766985396676023,440.0,0
2.2768077705143934,440.0,0
2.2769170013611846,440.0,0
2.2770262322079757,440.0,0
2.277135463054767,440.0,0
2.277244693901558,440.0,0
2.277353924748349,440.0,0
2.2774631555951403,440.0,0
2.2775723864419315,440.0,0
2.2776816172887226,441.0,0
2.277790848135514,441.0,0
2.277900078982305,440.0,0
2.278009309829096,441.0,0
2.278118540675887,441.0,0
2.278227771522678,441.0,0
2.278337002369469,441.0,0
2.2784462332162603,443.0,0
2.278555464063052,442.0,0
2.278664694909843,442.0,0
2.278773925756634,443.0,0
2.2788831566034253,443.0,0
2.278992387450216,443.0,0
2.279101618297007,443.0,0
2.2792108491437983,444.0,0
2.2793200799905895,444.0,0
2.2794293108373807,444.0,0
2.279538541684172,444.0,0
2.279647772530963,444.0,0
2.279757003377754,444.0,0
2.2798662342245453,444.0,0
2.2799754650713364,445.0,0
2.2800846959181276,446.0,0
2.2801939267649187,445.0,0
2.28030315761171,445.0,0
2.280412388458501,446.0,0
2.280521619305292,446.0,0
2.280630850152083,446.0,0
2.280740080998874,446.0,0
2.280849311845665,447.0,0
2.2809585426924563,447.0,0
2.281067773539248,447.0,0
2.281177004386039,448.0,0
2.2812862352328303,448.0,0
2.2813954660796214,448.0,0
2.281504696926412,448.0,0
2.2816139277732033,448.0,0
2.2817231586199944,448.0,0
2.2818323894667856,448.0,0
2.2819416203135767,448.0,0
2.282050851160368,448.0,0
2.282160082007159,448.0,0
2.28226931285395,448.0,0
2.2823785437007413,449.0,0
2.2824877745475325,449.0,0
2.2825970053943236,449.0,0
2.282706236241115,449.0,0
2.282815467087906,450.0,0
2.282924697934697,449.0,0
2.2830339287814883,450.0,0
2.283143159628279,450.0,0
2.28325239047507,450.0,0
2.2833616213218613,450.0,0
2.2834708521686524,451.0,0
2.283580083015444,451.0,0
2.283689313862235,451.0,0
2.2837985447090263,451.0,0
2.2839077755558175,451.0,0
2.284017006402608,451.0,0
2.2841262372493993,451.0,0
2.2842354680961905,451.0,0
2.2843446989429816,452.0,0
2.284453929789773,452.0,0
2.284563160636564,452.0,0
2.284672391483355,453.0,0
2.2847816223301463,454.0,0
2.2848908531769374,453.0,0
2.2850000840237286,454.0,0
2.2851093148705197,455.0,0
2.285218545717311,455.0,0
2.285327776564102,455.0,0
2.285437007410893,455.0,0
2.2855462382576843,455.0,0
2.285655469104475,455.0,0
2.285764699951266,456.0,0
2.2858739307980573,457.0,0
2.2859831616448485,457.0,0
2.28609239249164,457.0,0
2.2862016233384312,457.0,0
2.2863108541852224,459.0,0
2.2864200850320135,458.0,0
2.2865293158788043,459.0,0
2.2866385467255954,459.0,0
2.2867477775723866,459.0,0
2.2868570084191777,459.0,0
2.286966239265969,460.0,0
2.28707547011276,460.0,0
2.287184700959551,460.0,0
2.2872939318063423,459.0,0
2.2874031626531335,460.0,0
2.2875123934999246,460.0,0
2.287621624346716,460.0,0
2.287730855193507,460.0,0
2.287840086040298,460.0,0
2.2879493168870892,460.0,0
2.2880585477338804,460.0,0
2.288167778580671,460.0,0
2.2882770094274623,460.0,0
2.2883862402742534,460.0,0
2.2884954711210446,460.0,0
2.288604701967836,460.0,0
2.2887139328146273,460.0,0
2.2888231636614185,459.0,0
2.2889323945082096,460.0,0
2.2890416253550003,460.0,0
2.2891508562017915,459.0,0
2.2892600870485826,459.0,0
2.289369317895374,460.0,0
2.289478548742165,459.0,0
2.289587779588956,459.0,0
2.2896970104357472,459.0,0
2.2898062412825384,460.0,0
2.2899154721293296,460.0,0
2.2900247029761207,460.0,0
2.290133933822912,460.0,0
2.290243164669703,460.0,0
2.290352395516494,460.0,0
2.2904616263632853,460.0,0
2.2905708572100765,461.0,0
2.2906800880568676,462.0,0
2.2907893189036583,461.0,0
2.2908985497504495,462.0,0
2.2910077805972406,463.0,0
2.2911170114440322,463.0,0
2.2912262422908234,463.0,0
2.2913354731376145,464.0,0
2.2914447039844057,464.0,0
2.2915539348311964,463.0,0
2.2916631656779876,464.0,0
2.2917723965247787,465.0,0
2.29188162737157,465.0,0
2.291990858218361,465.0,0
2.292100089065152,465.0,0
2.2922093199119433,466.0,0
2.2923185507587345,465.0,0
2.2924277816055256,466.0,0
2.292537012452317,467.0,0
2.292646243299108,467.0,0
2.292755474145899,466.0,0
2.2928647049926902,467.0,0
2.2929739358394814,467.0,0
2.2930831666862725,467.0,0
2.2931923975330637,467.0,0
2.2933016283798544,468.0,0
2.2934108592266456,467.0,0
2.2935200900734367,467.0,0
2.2936293209202283,467.0,0
2.2937385517670195,468.0,0
2.2938477826138106,468.0,0
2.2939570134606018,468.0,0
2.2940662443073925,468.0,0
2.2941754751541836,469.0,0
2.294284706000975,468.0,0
2.294393936847766,469.0,0
2.294503167694557,470.0,0
2.2946123985413482,468.0,0
2.2947216293881394,468.0,0
2.2948308602349305,470.0,0
2.2949400910817217,470.0,0
2.295049321928513,468.0,0
2.295158552775304,469.0,0
2.295267783622095,470.0,0
2.2953770144688863,469.0,0
2.2954862453156775,468.0,0
2.2955954761624686,469.0,0
2.2957047070092598,470.0,0
2.2958139378560505,468.0,0
2.2959231687028416,469.0,0
2.296032399549633,470.0,0
2.2961416303964244,469.0,0
2.2962508612432155,468.0,0
2.2963600920900067,470.0,0
2.296469322936798,470.0,0
2.2965785537835885,470.0,0
2.2966877846303797,470.0,0
2.296797015477171,470.0,0
2.296906246323962,470.0,0
2.297015477170753,470.0,0
2.2971247080175443,470.0,0
2.2972339388643355,472.0,0
2.2973431697111266,471.0,0
2.2974524005579178,471.0,0
2.297561631404709,472.0,0
2.2976708622515,472.0,0
2.2977800930982912,472.0,0
2.2978893239450824,472.0,0
2.2979985547918735,472.0,0
2.2981077856386647,472.0,0
2.298217016485456,472.0,0
2.2983262473322466,472.0,0
2.2984354781790377,472.0,0
2.298544709025829,472.0,0
2.2986539398726205,472.0,0
2.2987631707194116,473.0,0
2.2988724015662028,473.0,0
2.298981632412994,472.0,0
2.299090863259785,472.0,0
2.2992000941065758,473.0,0
2.299309324953367,473.0,0
2.299418555800158,473.0,0
2.2995277866469492,473.0,0
2.2996370174937404,474.0,0
2.2997462483405315,473.0,0
2.2998554791873227,474.0,0
2.299964710034114,475.0,0
2.300073940880905,475.0,0
2.300183171727696,475.0,0
2.3002924025744873,475.0,0
2.3004016334212785,476.0,0
2.3005108642680696,476.0,0
2.3006200951148608,476.0,0
2.300729325961652,476.0,0
2.3008385568084426,476.0,0
2.300947787655234,476.0,0
2.301057018502025,476.0,0
2.3011662493488165,477.0,0
2.3012754801956077,476.0,0
2.301384711042399,476.0,0
2.30149394188919,477.0,0
2.301603172735981,477.0,0
2.301712403582772,476.0,0
2.301821634429563,477.0,0
2.301930865276354,478.0,0
2.3020400961231453,477.0,0
2.3021493269699365,477.0,0
2.3022585578167276,478.0,0
2.3023677886635188,478.0,0
2.30247701951031,478.0,0
2.302586250357101,478.0,0
2.3026954812038922,479.0,0
2.3028047120506834,478.0,0
2.3029139428974745,478.0,0
2.3030231737442657,479.0,0
2.303132404591057,479.0,0
2.303241635437848,479.0,0
2.3033508662846387,480.0,0
2.30346009713143,480.0,0
2.303569327978221,480.0,0
2.3036785588250126,480.0,0
2.3037877896718038,480.0,0
2.303897020518595,480.0,0
2.304006251365386,480.0,0
2.304115482212177,481.0,0
2.304224713058968,481.0,0
2.304333943905759,481.0,0
2.3044431747525502,481.0,0
2.3045524055993414,482.0,0
2.3046616364461325,482.0,0
2.3047708672929237,482.0,0
2.304880098139715,483.0,0
2.304989328986506,483.0,0
2.305098559833297,483.0,0
2.3052077906800883,483.0,0
2.3053170215268795,484.0,0
2.3054262523736706,484.0,0
2.3055354832204618,485.0,0
2.305644714067253,485.0,0
2.305753944914044,486.0,0
2.3058631757608348,486.0,0
2.305972406607626,487.0,0
2.306081637454417,487.0,0
2.3061908683012087,487.0,0
2.306300099148,487.0,0
2.306409329994791,488.0,0
2.306518560841582,489.0,0
2.3066277916883733,489.0,0
2.306737022535164,489.0,0
2.306846253381955,490.0,0
2.3069554842287463,490.0,0
2.3070647150755375,490.0,0
2.3071739459223286,490.0,0
2.3072831767691198,491.0,0
2.307392407615911,491.0,0
2.307501638462702,491.0,0
2.307610869309493,491.0,0
2.3077201001562844,491.0,0
2.3078293310030755,491.0,0
2.3079385618498667,491.0,0
2.308047792696658,491.0,0
2.308157023543449,491.0,0
2.30826625439024,491.0,0
2.308375485237031,491.0,0
2.308484716083822,491.0,0
2.308593946930613,491.0,0
2.3087031777774047,491.0,0
2.308812408624196,491.0,0
2.308921639470987,491.0,0
2.309030870317778,491.0,0
2.3091401011645694,491.0,0
2.30924933201136,491.0,0
2.309358562858151,491.0,0
2.3094677937049424,491.0,0
2.3095770245517335,491.0,0
2.3096862553985247,491.0,0
2.309795486245316,491.0,0
2.309904717092107,492.0,0
2.310013947938898,491.0,0
2.3101231787856893,491.0,0
2.3102324096324804,491.0,0
2.3103416404792716,492.0,0
2.3104508713260627,492.0,0
2.310560102172854,492.0,0
2.310669333019645,492.0,0
2.310778563866436,492.0,0
2.310887794713227,492.0,0
2.310997025560018,492.0,0
2.3111062564068092,492.0,0
2.311215487253601,492.0,0
2.311324718100392,492.0,0
2.311433948947183,492.0,0
2.3115431797939743,492.0,0
2.3116524106407654,493.0,0
2.311761641487556,492.0,0
2.3118708723343473,493.0,0
2.3119801031811384,494.0,0
2.3120893340279296,493.0,0
2.3121985648747208,494.0,0
2.312307795721512,495.0,0
2.312417026568303,494.0,0
2.312526257415094,495.0,0
2.3126354882618854,495.0,0
2.3127447191086765,496.0,0
2.3128539499554677,495.0,0
2.312963180802259,496.0,0
2.31307241164905,496.0,0
2.313181642495841,496.0,0
2.3132908733426323,496.0,0
2.3134001041894234,497.0,0
2.313509335036214,497.0,0
2.3136185658830053,496.0,0
2.313727796729797,497.0,0
2.313837027576588,497.0,0
2.313946258423379,497.0,0
2.3140554892701704,498.0,0
2.3141647201169615,498.0,0
2.314273950963752,499.0,0
2.3143831818105434,498.0,0
2.3144924126573345,499.0,0
2.3146016435041257,499.0,0
2.314710874350917,499.0,0
2.314820105197708,499.0,0
2.314929336044499,499.0,0
2.3150385668912903,499.0,0
2.3151477977380814,499.0,0
2.3152570285848726,499.0,0
2.3153662594316637,499.0,0
2.315475490278455,499.0,0
2.315584721125246,499.0,0
2.315693951972037,499.0,0
2.3158031828188284,499.0,0
2.3159124136656195,498.0,0
2.31602164451241,499.0,0
2.3161308753592014,498.0,0
2.316240106205993,498.0,0
2.316349337052784,498.0,0
2.3164585678995753,499.0,0
2.3165677987463664,498.0,0
2.3166770295931576,498.0,0
2.3167862604399483,498.0,0
2.3168954912867394,498.0,0
2.3170047221335306,498.0,0
2.3171139529803217,498.0,0
2.317223183827113,499.0,0
2.317332414673904,498.0,0
2.317441645520695,498.0,0
2.3175508763674864,499.0,0
2.3176601072142775,499.0,0
2.3177693380610687,499.0,0
2.31787856890786,499.0,0
2.317987799754651,499.0,0
2.318097030601442,499.0,0
2.3182062614482333,499.0,0
2.3183154922950244,499.0,0
2.3184247231418156,499.0,0
2.3185339539886063,499.0,0
2.3186431848353974,500.0,0
2.318752415682189,500.0,0
2.31886164652898,500.0,0
2.3189708773757713,500.0,0
2.3190801082225625,501.0,0
2.3191893390693537,501.0,0
2.3192985699161444,502.0,0
2.3194078007629355,502.0,0
2.3195170316097267,502.0,0
2.319626262456518,502.0,0
2.319735493303309,503.0,0
2.3198447241501,504.0,0
2.3199539549968913,504.0,0
2.3200631858436824,504.0,0
2.3201724166904736,504.0,0
2.3202816475372647,504.0,0
2.320390878384056,504.0,0
2.320500109230847,504.0,0
2.320609340077638,504.0,0
2.3207185709244293,504.0,0
2.3208278017712205,505.0,0
2.3209370326180117,505.0,0
2.3210462634648024,505.0,0
2.3211554943115935,505.0,0
2.321264725158385,505.0,0
2.3213739560051763,506.0,0
2.3214831868519674,506.0,0
2.3215924176987586,505.0,0
2.3217016485455497,507.0,0
2.321810879392341,507.0,0
2.3219201102391316,507.0,0
2.3220293410859227,507.0,0
2.322138571932714,508.0,0
2.322247802779505,508.0,0
2.322357033626296,508.0,0
2.3224662644730873,508.0,0
2.3225754953198785,508.0,0
2.3226847261666697,508.0,0
2.322793957013461,508.0,0
2.322903187860252,509.0,0
2.323012418707043,508.0,0
2.3231216495538343,508.0,0
2.3232308804006254,509.0,0
2.3233401112474166,509.0,0
2.3234493420942077,508.0,0
2.3235585729409984,509.0,0
2.3236678037877896,510.0,0
2.323777034634581,509.0,0
2.3238862654813723,509.0,0
2.3239954963281635,510.0,0
2.3241047271749546,510.0,0
2.324213958021746,509.0,0
2.324323188868537,510.0,0
2.3244324197153277,510.0,0
2.324541650562119,509.0,0
2.32465088140891,509.0,0
2.324760112255701,510.0,0
2.3248693431024923,509.0,0
2.3249785739492834,509.0,0
2.3250878047960746,509.0,0
2.3251970356428657,510.0,0
2.325306266489657,509.0,0
2.325415497336448,509.0,0
2.325524728183239,510.0,0
2.3256339590300303,509.0,0
2.3257431898768215,509.0,0
2.3258524207236126,510.0,0
2.325961651570404,509.0,0
2.3260708824171945,509.0,0
2.3261801132639857,509.0,0
2.3262893441107773,510.0,0
2.3263985749575684,509.0,0
2.3265078058043596,509.0,0
2.3266170366511507,510.0,0
2.326726267497942,510.0,0
2.326835498344733,510.0,0
2.3269447291915237,510.0,0
2.327053960038315,511.0,0
2.327163190885106,510.0,0
2.327272421731897,510.0,0
2.3273816525786883,511.0,0
2.3274908834254795,511.0,0
2.3276001142722706,511.0,0
2.327709345119062,512.0,0
2.327818575965853,513.0,0
2.327927806812644,512.0,0
2.3280370376594353,512.0,0
2.3281462685062264,513.0,0
2.3282554993530176,514.0,0
2.3283647301998087,513.0,0
2.3284739610466,514.0,0
2.3285831918933906,515.0,0
2.3286924227401817,514.0,0
2.3288016535869733,514.0,0
2.3289108844337645,515.0,0
2.3290201152805556,515.0,0
2.329129346127347,515.0,0
2.329238576974138,515.0,0
2.329347807820929,516.0,0
2.32945703866772,516.0,0
2.329566269514511,516.0,0
2.329675500361302,516.0,0
2.3297847312080933,517.0,0
2.3298939620548844,516.0,0
2.3300031929016756,516.0,0
2.3301124237484667,517.0,0
2.330221654595258,518.0,0
2.330330885442049,516.0,0
2.33044011628884,517.0,0
2.3305493471356313,518.0,0
2.3306585779824225,516.0,0
2.3307678088292136,516.0,0
2.330877039676005,518.0,0
2.330986270522796,517.0,0
2.3310955013695867,516.0,0
2.331204732216378,517.0,0
2.3313139630631694,518.0,0
2.3314231939099606,517.0,0
2.3315324247567517,517.0,0
2.331641655603543,518.0,0
2.331750886450334,518.0,0
2.331860117297125,518.0,0
2.331969348143916,518.0,0
2.332078578990707,518.0,0
2.332187809837498,518.0,0
2.3322970406842893,518.0,0
2.3324062715310805,518.0,0
2.3325155023778716,519.0,0
2.332624733224663,518.0,0
2.332733964071454,519.0,0
2.332843194918245,519.0,0
2.3329524257650363,519.0,0
2.3330616566118274,519.0,0
2.3331708874586186,519.0,0
2.3332801183054097,519.0,0
2.333389349152201,519.0,0
2.333498579998992,519.0,0
2.3336078108457827,519.0,0
2.333717041692574,519.0,0
2.3338262725393655,519.0,0
2.3339355033861566,519.0,0
2.334044734232948,519.0,0
2.334153965079739,519.0,0
2.33426319592653,520.0,0
2.3343724267733212,520.0,0
2.334481657620112,520.0,0
2.334590888466903,520.0,0
2.3347001193136943,521.0,0
2.3348093501604854,521.0,0
2.3349185810072766,520.0,0
2.3350278118540677,521.0,0
2.335137042700859,521.0,0
2.33524627354765,521.0,0
2.335355504394441,521.0,0
2.3354647352412323,521.0,0
2.3355739660880235,520.0,0
2.3356831969348146,521.0,0
2.335792427781606,521.0,0
2.335901658628397,520.0,0
2.336010889475188,520.0,0
2.3361201203219792,520.0,0
2.33622935116877,520.0,0
2.3363385820155615,520.0,0
2.3364478128623527,520.0,0
2.336557043709144,520.0,0
2.336666274555935,520.0,0
2.336775505402726,520.0,0
2.3368847362495173,520.0,0
2.336993967096308,520.0,0
2.337103197943099,519.0,0
2.3372124287898903,519.0,0
2.3373216596366815,520.0,0
2.3374308904834726,520.0,0
2.337540121330264,520.0,0
2.337649352177055,520.0,0
2.337758583023846,520.0,0
2.3378678138706372,521.0,0
2.3379770447174284,521.0,0
2.3380862755642196,521.0,0
2.3381955064110107,521.0,0
2.338304737257802,522.0,0
2.338413968104593,522.0,0
2.338523198951384,523.0,0
2.3386324297981753,523.0,0
2.338741660644966,523.0,0
2.3388508914917576,523.0,0
2.3389601223385488,524.0,0
2.33906935318534,524.0,0
2.339178584032131,524.0,0
2.3392878148789222,524.0,0
2.3393970457257134,524.0,0
2.339506276572504,524.0,0
2.3396155074192952,524.0,0
2.3397247382660864,524.0,0
2.3398339691128776,524.0,0
2.3399431999596687,524.0,0
2.34005243080646,524.0,0
2.340161661653251,524.0,0
2.340270892500042,524.0,0
2.3403801233468333,524.0,0
2.3404893541936245,524.0,0
2.3405985850404156,524.0,0
2.3407078158872068,524.0,0
2.340817046733998,524.0,0
2.340926277580789,524.0,0
2.3410355084275802,524.0,0
2.3411447392743714,524.0,0
2.341253970121162,524.0,0
2.3413632009679537,525.0,0
2.341472431814745,524.0,0
2.341581662661536,524.0,0
2.341690893508327,525.0,0
2.3418001243551183,526.0,0
2.3419093552019095,525.0,0
2.3420185860487,526.0,0
2.3421278168954913,526.0,0
2.3422370477422825,526.0,0
2.3423462785890736,526.0,0
2.342455509435865,526.0,0
2.342564740282656,527.0,0
2.342673971129447,527.0,0
2.3427832019762382,527.0,0
2.3428924328230294,527.0,0
2.3430016636698205,527.0,0
2.3431108945166117,527.0,0
2.343220125363403,527.0,0
2.343329356210194,527.0,0
2.343438587056985,527.0,0
2.3435478179037763,528.0,0
2.3436570487505675,528.0,0
2.343766279597358,528.0,0
2.3438755104441498,528.0,0
2.343984741290941,529.0,0
2.344093972137732,529.0,0
2.3442032029845232,529.0,0
2.3443124338313144,529.0,0
2.3444216646781055,530.0,0
2.3445308955248967,530.0,0
2.3446401263716874,529.0,0
2.3447493572184785,530.0,0
2.3448585880652697,531.0,0
2.344967818912061,530.0,0
2.345077049758852,530.0,0
2.345186280605643,531.0,0
2.3452955114524343,531.0,0
2.3454047422992255,531.0,0
2.3455139731460166,531.0,0
2.3456232039928078,531.0,0
2.345732434839599,531.0,0
2.34584166568639,531.0,0
2.3459508965331812,531.0,0
2.3460601273799724,531.0,0
2.3461693582267635,531.0,0
2.3462785890735542,531.0,0
2.346387819920346,532.0,0
2.346497050767137,531.0,0
2.346606281613928,532.0,0
2.3467155124607193,532.0,0
2.3468247433075105,532.0,0
2.3469339741543016,532.0,0
2.3470432050010928,532.0,0
2.3471524358478835,532.0,0
2.3472616666946746,532.0,0
2.3473708975414658,532.0,0
2.347480128388257,534.0,0
2.347589359235048,533.0,0
2.3476985900818392,534.0,0
2.3478078209286304,534.0,0
2.3479170517754215,534.0,0
2.3480262826222127,534.0,0
2.348135513469004,535.0,0
2.348244744315795,535.0,0
2.348353975162586,536.0,0
2.3484632060093773,536.0,0
2.3485724368561685,536.0,0
2.3486816677029596,536.0,0
2.3487908985497503,536.0,0
2.348900129396542,536.0,0
2.349009360243333,537.0,0
2.349118591090124,537.0,0
2.3492278219369154,537.0,0
2.3493370527837065,537.0,0
2.3494462836304977,539.0,0
2.349555514477289,539.0,0
2.3496647453240795,539.0,0
2.3497739761708707,539.0,0
2.349883207017662,540.0,0
2.349992437864453,539.0,0
2.350101668711244,539.0,0
2.3502108995580353,540.0,0
2.3503201304048265,540.0,0
2.3504293612516176,539.0,0
2.3505385920984088,540.0,0
2.3506478229452,539.0,0
2.350757053791991,539.0,0
2.3508662846387822,539.0,0
2.3509755154855734,539.0,0
2.3510847463323645,539.0,0
2.3511939771791557,538.0,0
2.3513032080259464,538.0,0
2.351412438872738,539.0,0
2.351521669719529,537.0,0
2.3516309005663203,537.0,0
2.3517401314131114,537.0,0
2.3518493622599026,537.0,0
2.3519585931066938,536.0,0
2.352067823953485,537.0,0
2.3521770548002756,537.0,0
2.3522862856470668,536.0,0
2.352395516493858,536.0,0
2.352504747340649,536.0,0
2.3526139781874402,536.0,0
2.3527232090342314,536.0,0
2.3528324398810225,536.0,0
2.352941670727814,536.0,0
2.353050901574605,535.0,0
2.353160132421396,534.0,0
2.353269363268187,535.0,0
2.3533785941149783,535.0,0
2.3534878249617694,534.0,0
2.3535970558085606,535.0,0
2.3537062866553518,536.0,0
2.3538155175021425,535.0,0
2.353924748348934,534.0,0
2.354033979195725,536.0,0
2.3541432100425164,536.0,0
2.3542524408893075,535.0,0
2.3543616717360987,536.0,0
2.35447090258289,536.0,0
2.354580133429681,536.0,0
2.3546893642764717,536.0,0
2.354798595123263,536.0,0
2.354907825970054,536.0,0
2.355017056816845,536.0,0
2.3551262876636363,536.0,0
2.3552355185104275,537.0,0
2.3553447493572186,537.0,0
2.35545398020401,536.0,0
2.355563211050801,537.0,0
2.355672441897592,537.0,0
2.355781672744383,537.0,0
2.3558909035911744,537.0,0
2.3560001344379655,538.0,0
2.3561093652847567,537.0,0
2.356218596131548,537.0,0
2.3563278269783385,538.0,0
2.35643705782513,538.0,0
2.3565462886719213,537.0,0
2.3566555195187124,538.0,0
2.3567647503655036,538.0,0
2.3568739812122947,538.0,0
2.356983212059086,537.0,0
2.357092442905877,539.0,0
2.3572016737526678,539.0,0
2.357310904599459,538.0,0
2.35742013544625,538.0,0
2.357529366293041,539.0,0
2.3576385971398324,539.0,0
2.3577478279866235,538.0,0
2.3578570588334147,539.0,0
2.3579662896802063,540.0,0
2.358075520526997,539.0,0
2.358184751373788,539.0,0
2.3582939822205793,540.0,0
2.3584032130673704,539.0,0
2.3585124439141616,539.0,0
2.3586216747609527,540.0,0
2.358730905607744,540.0,0
2.3588401364545346,539.0,0
2.358949367301326,539.0,0
2.3590585981481174,540.0,0
2.3591678289949085,539.0,0
2.3592770598416997,539.0,0
2.359386290688491,539.0,0
2.359495521535282,539.0,0
2.359604752382073,538.0,0
2.359713983228864,538.0,0
2.359823214075655,539.0,0
2.359932444922446,538.0,0
2.3600416757692373,537.0,0
2.3601509066160284,537.0,0
2.3602601374628196,537.0,0
2.3603693683096107,537.0,0
2.3604785991564023,537.0,0
2.360587830003193,537.0,0
2.360697060849984,537.0,0
2.3608062916967754,536.0,0
2.3609155225435665,537.0,0
2.3610247533903577,537.0,0
2.361133984237149,537.0,0
2.36124321508394,537.0,0
2.361352445930731,537.0,0
2.3614616767775223,538.0,0
2.3615709076243134,537.0,0
2.3616801384711046,539.0,0
2.3617893693178957,539.0,0
2.361898600164687,539.0,0
2.362007831011478,539.0,0
2.362117061858269,540.0,0
2.36222629270506,540.0,0
2.362335523551851,540.0,0
2.362444754398642,540.0,0
2.3625539852454334,540.0,0
2.3626632160922245,540.0,0
2.3627724469390157,540.0,0
2.362881677785807,541.0,0
2.3629909086325984,541.0,0
2.363100139479389,541.0,0
2.3632093703261803,542.0,0
2.3633186011729714,542.0,0
2.3634278320197626,542.0,0
2.3635370628665537,542.0,0
2.363646293713345,542.0,0
2.363755524560136,542.0,0
2.363864755406927,542.0,0
2.3639739862537184,543.0,0
2.3640832171005095,543.0,0
2.3641924479473007,543.0,0
2.364301678794092,543.0,0
2.364410909640883,543.0,0
2.364520140487674,543.0,0
2.3646293713344653,543.0,0
2.364738602181256,543.0,0
2.364847833028047,543.0,0
2.3649570638748383,543.0,0
2.3650662947216294,543.0,0
2.3651755255684206,543.0,0
2.3652847564152117,543.0,0
2.365393987262003,543.0,0
2.3655032181087945,543.0,0
2.365612448955585,543.0,0
2.3657216798023764,542.0,0
2.3658309106491675,543.0,0
2.3659401414959587,543.0,0
2.36604937234275,543.0,0
2.366158603189541,543.0,0
2.366267834036332,543.0,0
2.3663770648831233,543.0,0
2.3664862957299144,542.0,0
2.3665955265767056,543.0,0
2.3667047574234967,543.0,0
2.366813988270288,543.0,0
2.366923219117079,543.0,0
2.36703244996387,543.0,0
2.3671416808106613,543.0,0
2.3672509116574525,543.0,0
2.367360142504243,543.0,0
2.3674693733510344,543.0,0
2.3675786041978255,543.0,0
2.3676878350446167,543.0,0
2.367797065891408,544.0,0
2.367906296738199,544.0,0
2.3680155275849906,544.0,0
2.3681247584317813,544.0,0
2.3682339892785724,545.0,0
2.3683432201253636,544.0,0
2.3684524509721547,545.0,0
2.368561681818946,545.0,0
2.368670912665737,546.0,0
2.368780143512528,545.0,0
2.3688893743593193,546.0,0
2.3689986052061105,546.0,0
2.3691078360529016,546.0,0
2.369217066899693,546.0,0
2.369326297746484,547.0,0
2.369435528593275,547.0,0
2.3695447594400663,547.0,0
2.3696539902868574,547.0,0
2.3697632211336486,547.0,0
2.3698724519804393,547.0,0
2.3699816828272304,547.0,0
2.3700909136740216,547.0,0
2.3702001445208127,547.0,0
2.370309375367604,547.0,0
2.370418606214395,547.0,0
2.3705278370611866,547.0,0
2.3706370679079773,547.0,0
2.3707462987547685,547.0,0
2.3708555296015597,548.0,0
2.370964760448351,548.0,0
2.371073991295142,548.0,0
2.371183222141933,548.0,0
2.3712924529887243,548.0,0
2.3714016838355154,548.0,0
2.3715109146823066,548.0,0
2.3716201455290977,549.0,0
2.371729376375889,550.0,0
2.37183860722268,549.0,0
2.371947838069471,550.0,0
2.3720570689162623,550.0,0
2.3721662997630535,550.0,0
2.3722755306098446,550.0,0
2.3723847614566353,550.0,0
2.3724939923034265,550.0,0
2.3726032231502177,550.0,0
2.372712453997009,550.0,0
2.3728216848438,550.0,0
2.372930915690591,550.0,0
2.3730401465373827,550.0,0
2.3731493773841734,550.0,0
2.3732586082309646,550.0,0
2.3733678390777557,550.0,0
2.373477069924547,550.0,0
2.373586300771338,550.0,0
2.373695531618129,550.0,0
2.3738047624649203,550.0,0
2.3739139933117115,550.0,0
2.3740232241585026,550.0,0
2.374132455005294,550.0,0
2.374241685852085,550.0,0
2.374350916698876,550.0,0
2.3744601475456673,550.0,0
2.3745693783924584,551.0,0
2.3746786092392496,550.0,0
2.3747878400860407,551.0,0
2.3748970709328314,551.0,0
2.3750063017796226,551.0,0
2.3751155326264137,551.0,0
2.375224763473205,551.0,0
2.375333994319996,551.0,0
2.375443225166787,551.0,0
2.375552456013579,551.0,0
2.37566168686037,551.0,0
2.3757709177071606,551.0,0
2.375880148553952,552.0,0
2.375989379400743,551.0,0
2.376098610247534,551.0,0
2.3762078410943253,551.0,0
2.3763170719411164,552.0,0
2.3764263027879076,551.0,0
2.3765355336346987,551.0,0
2.37664476448149,552.0,0
2.376753995328281,552.0,0
2.376863226175072,551.0,0
2.3769724570218633,551.0,0
2.3770816878686545,551.0,0
2.3771909187154456,551.0,0
2.377300149562237,551.0,0
2.3774093804090275,552.0,0
2.3775186112558186,552.0,0
2.37762784210261,551.0,0
2.377737072949401,551.0,0
2.377846303796192,552.0,0
2.3779555346429833,551.0,0
2.378064765489775,551.0,0
2.378173996336566,552.0,0
2.3782832271833567,552.0,0
2.378392458030148,551.0,0
2.378501688876939,551.0,0
2.37861091972373,551.0,0
2.3787201505705213,551.0,0
2.3788293814173125,551.0,0
2.3789386122641036,551.0,0
2.379047843110895,551.0,0
2.379157073957686,551.0,0
2.379266304804477,551.0,0
2.3793755356512682,551.0,0
2.3794847664980594,551.0,0
2.3795939973448506,551.0,0
2.3797032281916417,551.0,0
2.379812459038433,550.0,0
2.3799216898852236,550.0,0
2.3800309207320147,550.0,0
2.380140151578806,550.0,0
2.380249382425597,550.0,0
2.380358613272388,550.0,0
2.3804678441191793,550.0,0
2.380577074965971,549.0,0
2.380686305812762,550.0,0
2.380795536659553,548.0,0
2.380904767506344,549.0,0
2.381013998353135,548.0,0
2.3811232291999263,548.0,0
2.3812324600467174,548.0,0
2.3813416908935086,548.0,0
2.3814509217402997,548.0,0
2.381560152587091,548.0,0
2.381669383433882,548.0,0
2.381778614280673,548.0,0
2.3818878451274643,548.0,0
2.3819970759742555,548.0,0
2.3821063068210466,548.0,0
2.382215537667838,548.0,0
2.382324768514629,547.0,0
2.3824339993614196,548.0,0
2.382543230208211,547.0,0
2.382652461055002,547.0,0
2.382761691901793,547.0,0
2.3828709227485843,547.0,0
2.3829801535953754,547.0,0
2.383089384442167,547.0,0
2.383198615288958,547.0,0
2.383307846135749,547.0,0
2.38341707698254,547.0,0
2.383526307829331,547.0,0
2.3836355386761223,547.0,0
2.3837447695229135,547.0,0
2.3838540003697046,547.0,0
2.383963231216496,547.0,0
2.384072462063287,547.0,0
2.384181692910078,548.0,0
2.3842909237568692,547.0,0
2.3844001546036604,548.0,0
2.3845093854504515,547.0,0
2.3846186162972427,548.0,0
2.384727847144034,548.0,0
2.384837077990825,548.0,0
2.3849463088376157,547.0,0
2.385055539684407,548.0,0
2.385164770531198,547.0,0
2.385274001377989,547.0,0
2.3853832322247803,547.0,0
2.3854924630715715,547.0,0
2.385601693918363,547.0,0
2.3857109247651542,547.0,0
2.385820155611945,547.0,0
2.385929386458736,547.0,0
2.3860386173055272,547.0,0
2.3861478481523184,548.0,0
2.3862570789991095,548.0,0
2.3863663098459007,548.0,0
2.386475540692692,548.0,0
2.386584771539483,549.0,0
2.386694002386274,549.0,0
2.3868032332330653,550.0,0
2.3869124640798565,550.0,0
2.3870216949266476,550.0,0
2.3871309257734388,550.0,0
2.38724015662023,551.0,0
2.387349387467021,551.0,0
2.387458618313812,551.0,0
2.387567849160603,551.0,0
2.387677080007394,552.0,0
2.3877863108541852,553.0,0
2.3878955417009764,553.0,0
2.3880047725477676,554.0,0
2.388114003394559,555.0,0
2.3882232342413503,555.0,0
2.388332465088141,555.0,0
2.388441695934932,556.0,0
2.3885509267817233,556.0,0
2.3886601576285145,556.0,0
2.3887693884753056,556.0,0
2.3888786193220968,556.0,0
2.388987850168888,556.0,0
2.389097081015679,556.0,0
2.3892063118624702,558.0,0
2.3893155427092614,558.0,0
2.3894247735560525,558.0,0
2.3895340044028437,558.0,0
2.389643235249635,559.0,0
2.389752466096426,559.0,0
2.389861696943217,559.0,0
2.389970927790008,560.0,0
2.390080158636799,560.0,0
2.39018938948359,560.0,0
2.3902986203303813,560.0,0
2.3904078511771725,560.0,0
2.3905170820239636,560.0,0
2.390626312870755,560.0,0
2.3907355437175464,561.0,0
2.390844774564337,561.0,0
2.3909540054111282,561.0,0
2.3910632362579194,561.0,0
2.3911724671047105,561.0,0
2.3912816979515017,561.0,0
2.391390928798293,561.0,0
2.391500159645084,561.0,0
2.391609390491875,561.0,0
2.3917186213386663,561.0,0
2.3918278521854575,562.0,0
2.3919370830322486,561.0,0
2.3920463138790398,561.0,0
2.392155544725831,561.0,0
2.392264775572622,561.0,0
2.3923740064194132,561.0,0
2.3924832372662044,561.0,0
2.392592468112995,561.0,0
2.3927016989597862,561.0,0
2.3928109298065774,561.0,0
2.3929201606533685,561.0,0
2.3930293915001597,561.0,0
2.3931386223469513,561.0,0
2.3932478531937424,560.0,0
2.393357084040533,561.0,0
2.3934663148873243,560.0,0
2.3935755457341155,560.0,0
2.3936847765809066,560.0,0
2.3937940074276978,560.0,0
2.393903238274489,560.0,0
2.39401246912128,560.0,0
2.3941216999680712,560.0,0
2.3942309308148624,560.0,0
2.3943401616616535,560.0,0
2.3944493925084447,560.0,0
2.394558623355236,560.0,0
2.394667854202027,560.0,0
2.394777085048818,559.0,0
2.3948863158956093,560.0,0
2.3949955467424004,560.0,0
2.395104777589191,559.0,0
2.3952140084359823,559.0,0
2.3953232392827735,559.0,0
2.3954324701295646,558.0,0
2.3955417009763558,558.0,0
2.3956509318231474,558.0,0
2.3957601626699385,558.0,0
2.3958693935167292,558.0,0
2.3959786243635204,558.0,0
2.3960878552103115,558.0,0
2.3961970860571027,558.0,0
2.396306316903894,557.0,0
2.396415547750685,558.0,0
2.396524778597476,558.0,0
2.3966340094442673,557.0,0
2.3967432402910585,557.0,0
2.3968524711378496,558.0,0
2.3969617019846408,557.0,0
2.397070932831432,558.0,0
2.397180163678223,558.0,0
2.397289394525014,558.0,0
2.3973986253718054,558.0,0
2.3975078562185965,559.0,0
2.3976170870653872,559.0,0
2.3977263179121784,559.0,0
2.3978355487589695,560.0,0
2.3979447796057607,560.0,0
2.398054010452552,560.0,0
2.3981632412993434,560.0,0
2.3982724721461346,561.0,0
2.3983817029929257,561.0,0
2.3984909338397165,561.0,0
2.3986001646865076,561.0,0
2.3987093955332988,562.0,0
2.39881862638009,562.0,0
2.398927857226881,561.0,0
2.399037088073672,562.0,0
2.3991463189204634,563.0,0
2.3992555497672545,563.0,0
2.3993647806140457,563.0,0
2.399474011460837,563.0,0
2.399583242307628,563.0,0
2.399692473154419,563.0,0
2.3998017040012103,563.0,0
2.3999109348480014,563.0,0
2.4000201656947926,563.0,0
2.4001293965415833,563.0,0
2.4002386273883745,563.0,0
2.4003478582351656,563.0,0
2.4004570890819568,563.0,0
2.400566319928748,563.0,0
2.4006755507755395,563.0,0
2.4007847816223307,563.0,0
2.400894012469122,563.0,0
2.4010032433159125,563.0,0
2.4011124741627037,563.0,0
2.401221705009495,563.0,0
2.401330935856286,563.0,0
2.401440166703077,564.0,0
2.4015493975498683,564.0,0
2.4016586283966594,563.0,0
2.4017678592434506,564.0,0
2.4018770900902418,564.0,0
2.401986320937033,564.0,0
2.402095551783824,564.0,0
2.402204782630615,564.0,0
2.4023140134774064,564.0,0
2.4024232443241975,564.0,0
2.4025324751709887,565.0,0
2.4026417060177794,565.0,0
2.4027509368645705,565.0,0
2.4028601677113617,565.0,0
2.402969398558153,566.0,0
2.403078629404944,565.0,0
2.4031878602517356,566.0,0
2.4032970910985267,566.0,0
2.403406321945318,566.0,0
2.4035155527921086,566.0,0
2.4036247836388998,566.0,0
2.403734014485691,566.0,0
2.403843245332482,566.0,0
2.403952476179273,565.0,0
2.4040617070260644,566.0,0
2.4041709378728555,566.0,0
2.4042801687196467,566.0,0
2.404389399566438,566.0,0
2.404498630413229,566.0,0
2.40460786126002,566.0,0
2.4047170921068113,566.0,0
2.4048263229536024,566.0,0
2.4049355538003936,566.0,0
2.4050447846471847,566.0,0
2.4051540154939755,566.0,0
2.4052632463407666,566.0,0
2.4053724771875578,566.0,0
2.405481708034349,566.0,0
2.40559093888114,566.0,0
2.4057001697279317,566.0,0
2.405809400574723,566.0,0
2.405918631421514,567.0,0
2.4060278622683047,567.0,0
2.406137093115096,567.0,0
2.406246323961887,568.0,0
2.406355554808678,568.0,0
2.4064647856554693,568.0,0
2.4065740165022604,568.0,0
2.4066832473490516,568.0,0
2.4067924781958427,568.0,0
2.406901709042634,568.0,0
2.407010939889425,568.0,0
2.407120170736216,568.0,0
2.4072294015830074,568.0,0
2.4073386324297985,568.0,0
2.4074478632765897,569.0,0
2.407557094123381,569.0,0
2.4076663249701715,569.0,0
2.4077755558169627,570.0,0
2.407884786663754,570.0,0
2.407994017510545,570.0,0
2.408103248357336,571.0,0
2.4082124792041277,571.0,0
2.408321710050919,571.0,0
2.40843094089771,572.0,0
2.4085401717445007,572.0,0
2.408649402591292,572.0,0
2.408758633438083,572.0,0
2.408867864284874,572.0,0
2.4089770951316654,572.0,0
2.4090863259784565,572.0,0
2.4091955568252477,572.0,0
2.409304787672039,572.0,0
2.40941401851883,572.0,0
2.409523249365621,572.0,0
2.4096324802124123,572.0,0
2.4097417110592034,572.0,0
2.4098509419059946,572.0,0
2.4099601727527857,572.0,0
2.410069403599577,572.0,0
2.4101786344463676,572.0,0
2.4102878652931587,572.0,0
2.41039709613995,572.0,0
2.410506326986741,572.0,0
2.410615557833532,572.0,0
2.410724788680324,572.0,0
2.410834019527115,572.0,0
2.410943250373906,572.0,0
2.411052481220697,572.0,0
2.411161712067488,572.0,0
2.411270942914279,572.0,0
2.4113801737610703,572.0,0
2.4114894046078614,572.0,0
2.4115986354546526,572.0,0
2.4117078663014437,572.0,0
2.411817097148235,572.0,0
2.411926327995026,572.0,0
2.412035558841817,572.0,0
2.4121447896886083,572.0,0
2.4122540205353995,572.0,0
2.4123632513821907,572.0,0
2.412472482228982,572.0,0
2.412581713075773,572.0,0
2.4126909439225637,572.0,0
2.412800174769355,572.0,0
2.412909405616146,572.0,0
2.413018636462937,572.0,0
2.4131278673097283,572.0,0
2.41323709815652,572.0,0
2.413346329003311,572.0,0
2.413455559850102,573.0,0
2.413564790696893,573.0,0
2.413674021543684,573.0,0
2.413783252390475,574.0,0
2.4138924832372664,574.0,0
2.4140017140840575,574.0,0
2.4141109449308487,574.0,0
2.41422017577764,574.0,0
2.414329406624431,574.0,0
2.414438637471222,574.0,0
2.4145478683180133,574.0,0
2.4146570991648044,575.0,0
2.4147663300115956,574.0,0
2.4148755608583867,574.0,0
2.414984791705178,575.0,0
2.415094022551969,575.0,0
2.41520325339876,575.0,0
2.415312484245551,575.0,0
2.415421715092342,575.0,0
2.415530945939133,575.0,0
2.4156401767859244,575.0,0
2.415749407632716,576.0,0
2.415858638479507,576.0,0
2.4159678693262983,576.0,0
2.416077100173089,576.0,0
2.41618633101988,576.0,0
2.4162955618666713,576.0,0
2.4164047927134624,576.0,0
2.4165140235602536,577.0,0
2.4166232544070447,576.0,0
2.416732485253836,576.0,0
2.416841716100627,577.0,0
2.416950946947418,577.0,0
2.4170601777942093,577.0,0
2.4171694086410005,577.0,0
2.4172786394877916,577.0,0
2.417387870334583,577.0,0
2.417497101181374,577.0,0
2.417606332028165,579.0,0
2.4177155628749563,578.0,0
2.417824793721747,578.0,0
2.417934024568538,579.0,0
2.4180432554153293,579.0,0
2.4181524862621204,579.0,0
2.418261717108912,579.0,0
2.418370947955703,579.0,0
2.4184801788024943,579.0,0
2.418589409649285,579.0,0
2.418698640496076,580.0,0
2.4188078713428673,580.0,0
2.4189171021896585,579.0,0
2.4190263330364496,580.0,0
2.419135563883241,581.0,0
2.419244794730032,580.0,0
2.419354025576823,580.0,0
2.4194632564236143,580.0,0
2.4195724872704054,581.0,0
2.4196817181171966,580.0,0
2.4197909489639877,580.0,0
2.419900179810779,581.0,0
2.42000941065757,580.0,0
2.420118641504361,580.0,0
2.4202278723511523,581.0,0
2.420337103197943,581.0,0
2.420446334044734,580.0,0
2.4205555648915253,580.0,0
2.4206647957383165,582.0,0
2.420774026585108,580.0,0
2.4208832574318992,580.0,0
2.4209924882786904,580.0,0
2.4211017191254816,581.0,0
2.4212109499722723,580.0,0
2.4213201808190634,580.0,0
2.4214294116658546,581.0,0
2.4215386425126457,581.0,0
2.421647873359437,580.0,0
2.421757104206228,582.0,0
2.421866335053019,582.0,0
2.4219755658998103,581.0,0
2.4220847967466015,582.0,0
2.4221940275933926,582.0,0
2.422303258440184,582.0,0
2.422412489286975,582.0,0
2.422521720133766,582.0,0
2.4226309509805573,583.0,0
2.4227401818273484,582.0,0
2.422849412674139,583.0,0
2.4229586435209303,583.0,0
2.4230678743677214,583.0,0
2.4231771052145126,583.0,0
2.423286336061304,583.0,0
2.4233955669080953,583.0,0
2.4235047977548865,583.0,0
2.4236140286016776,583.0,0
2.4237232594484683,583.0,0
2.4238324902952595,583.0,0
2.4239417211420506,583.0,0
2.424050951988842,583.0,0
2.424160182835633,583.0,0
2.424269413682424,583.0,0
2.4243786445292153,583.0,0
2.4244878753760064,583.0,0
2.4245971062227976,583.0,0
2.4247063370695887,583.0,0
2.42481556791638,584.0,0
2.424924798763171,583.0,0
2.425034029609962,583.0,0
2.4251432604567533,583.0,0
2.4252524913035445,584.0,0
2.425361722150335,583.0,0
2.4254709529971263,584.0,0
2.4255801838439175,584.0,0
2.4256894146907086,584.0,0
2.4257986455375002,584.0,0
2.4259078763842914,584.0,0
2.4260171072310825,584.0,0
2.4261263380778737,584.0,0
2.4262355689246644,584.0,0
2.4263447997714556,584.0,0
2.4264540306182467,584.0,0
2.426563261465038,584.0,0
2.426672492311829,584.0,0
2.42678172315862,584.0,0
2.4268909540054113,584.0,0
2.4270001848522025,584.0,0
2.4271094156989936,584.0,0
2.427218646545785,584.0,0
2.427327877392576,584.0,0
2.427437108239367,585.0,0
2.4275463390861582,585.0,4
2.4276555699329494,585.0,0
2.4277648007797406,585.0,0
2.4278740316265313,585.0,0
2.4279832624733224,585.0,0
2.4280924933201136,585.0,0
2.4282017241669047,585.0,0
2.4283109550136963,585.0,0
2.4284201858604875,585.0,0
2.4285294167072786,586.0,0
2.4286386475540698,587.0,0
2.4287478784008605,587.0,0
2.4288571092476516,587.0,0
2.428966340094443,587.0,0
2.429075570941234,587.0,0
2.429184801788025,587.0,0
2.4292940326348162,588.0,0
2.4294032634816074,588.0,0
2.4295124943283986,587.0,0
2.4296217251751897,588.0,0
2.429730956021981,588.0,0
2.429840186868772,588.0,0
2.429949417715563,588.0,0
2.4300586485623543,588.0,0
2.4301678794091455,588.0,0
2.4302771102559366,588.0,0
2.4303863411027273,589.0,0
2.4304955719495185,590.0,0
2.4306048027963096,589.0,0
2.430714033643101,590.0,0
2.4308232644898924,590.0,0
2.4309324953366835,590.0,0
2.4310417261834747,590.0,0
2.431150957030266,591.0,0
2.4312601878770566,591.0,0
2.4313694187238477,591.0,0
2.431478649570639,591.0,0
2.43158788041743,591.0,0
2.431697111264221,591.0,0
2.4318063421110123,591.0,0
2.4319155729578035,591.0,0
2.4320248038045946,591.0,0
2.432134034651386,591.0,0
2.432243265498177,591.0,0
2.432352496344968,591.0,0
2.4324617271917592,591.0,0
2.4325709580385504,590.0,0
2.4326801888853415,591.0,0
2.4327894197321327,591.0,0
2.4328986505789234,591.0,0
2.4330078814257146,591.0,0
2.4331171122725057,591.0,0
2.433226343119297,591.0,0
2.4333355739660885,591.0,0
2.4334448048128796,591.0,0
2.4335540356596708,591.0,0
2.433663266506462,591.0,0
2.4337724973532526,591.0,0
2.433881728200044,591.0,0
2.433990959046835,591.0,0
2.434100189893626,591.0,0
2.4342094207404172,591.0,0
2.4343186515872084,591.0,0
2.4344278824339995,591.0,0
2.4345371132807907,591.0,0
2.434646344127582,591.0,0
2.434755574974373,591.0,0
2.434864805821164,591.0,0
2.4349740366679553,591.0,0
2.4350832675147465,591.0,0
2.4351924983615376,591.0,0
2.4353017292083288,591.0,0
2.4354109600551195,591.0,0
2.4355201909019106,591.0,0
2.435629421748702,591.0,0
2.435738652595493,591.0,0
2.4358478834422845,591.0,0
2.4359571142890757,591.0,0
2.436066345135867,591.0,0
2.436175575982658,591.0,0
2.4362848068294487,591.0,0
2.43639403767624,591.0,0
2.436503268523031,591.0,0
2.436612499369822,591.0,0
2.4367217302166133,591.0,0
2.4368309610634045,591.0,0
2.4369401919101956,591.0,0
2.4370494227569868,591.0,0
2.437158653603778,591.0,0
2.437267884450569,591.0,0
2.4373771152973602,591.0,0
2.4374863461441514,591.0,0
2.4375955769909425,591.0,0
2.4377048078377337,591.0,0
2.437814038684525,591.0,0
2.437923269531316,592.0,0
2.4380325003781067,592.0,0
2.438141731224898,591.0,0
2.438250962071689,592.0,0
2.4383601929184806,592.0,0
2.4384694237652718,592.0,0
2.438578654612063,592.0,0
2.438687885458854,593.0,0
2.4387971163056448,593.0,0
2.438906347152436,593.0,0
2.439015577999227,593.0,0
2.4391248088460182,594.0,0
2.4392340396928094,593.0,0
2.4393432705396005,593.0,0
2.4394525013863917,595.0,0
2.439561732233183,594.0,0
2.439670963079974,593.0,0
2.439780193926765,594.0,0
2.4398894247735563,595.0,0
2.4399986556203475,594.0,0
2.4401078864671386,594.0,0
2.4402171173139298,595.0,0
2.440326348160721,595.0,0
2.440435579007512,594.0,0
2.4405448098543028,595.0,0
2.440654040701094,595.0,0
2.440763271547885,595.0,0
2.4408725023946767,595.0,0
2.440981733241468,595.0,0
2.441090964088259,595.0,0
2.44120019493505,595.0,0
2.441309425781841,595.0,0
2.441418656628632,595.0,0
2.441527887475423,595.0,0
2.4416371183222143,595.0,0
2.4417463491690055,595.0,0
2.4418555800157966,595.0,0
2.4419648108625878,595.0,0
2.442074041709379,595.0,0
2.44218327255617,595.0,0
2.4422925034029612,594.0,0
2.4424017342497524,595.0,0
2.4425109650965435,595.0,0
2.4426201959433347,595.0,0
2.442729426790126,595.0,0
2.442838657636917,595.0,0
2.442947888483708,595.0,0
2.443057119330499,595.0,0
2.44316635017729,595.0,0
2.443275581024081,595.0,0
2.4433848118708728,595.0,0
2.443494042717664,596.0,0
2.443603273564455,597.0,0
2.443712504411246,597.0,0
2.443821735258037,598.0,0
2.443930966104828,598.0,0
2.4440401969516192,598.0,0
2.4441494277984104,598.0,0
2.4442586586452015,600.0,0
2.4443678894919927,600.0,0
2.444477120338784,600.0,0
2.444586351185575,600.0,0
2.444695582032366,600.0,0
2.4448048128791573,600.0,0
2.4449140437259484,600.0,0
2.4450232745727396,601.0,0
2.4451325054195308,601.0,0
2.445241736266322,601.0,0
2.445350967113113,601.0,0
2.445460197959904,602.0,0
2.445569428806695,602.0,0
2.445678659653486,601.0,0
2.4457878905002772,603.0,0
2.445897121347069,603.0,0
2.44600635219386,601.0,0
2.446115583040651,602.0,0
2.4462248138874423,603.0,0
2.4463340447342334,602.0,0
2.446443275581024,601.0,0
2.4465525064278153,602.0,0
2.4466617372746065,602.0,0
2.4467709681213976,601.0,0
2.4468801989681888,601.0,0
2.44698942981498,601.0,0
2.447098660661771,601.0,0
2.447207891508562,600.0,0
2.4473171223553534,601.0,0
2.4474263532021445,601.0,0
2.4475355840489357,600.0,0
2.447644814895727,600.0,0
2.447754045742518,601.0,0
2.447863276589309,600.0,0
2.4479725074361003,600.0,0
2.448081738282891,600.0,0
2.448190969129682,600.0,0
2.4483001999764733,600.0,0
2.448409430823265,600.0,0
2.448518661670056,600.0,0
2.448627892516847,600.0,0
2.4487371233636384,600.0,0
2.4488463542104295,600.0,0
2.44895558505722,600.0,0
2.4490648159040114,599.0,0
2.4491740467508025,600.0,0
2.4492832775975937,600.0,0
2.449392508444385,598.0,0
2.449501739291176,598.0,0
2.449610970137967,598.0,0
2.4497202009847583,598.0,0
2.4498294318315494,598.0,0
2.4499386626783406,598.0,0
2.4500478935251317,598.0,0
2.450157124371923,597.0,0
2.450266355218714,598.0,0
2.450375586065505,598.0,0
2.4504848169122964,597.0,0
2.450594047759087,598.0,0
2.450703278605878,598.0,0
2.4508125094526694,598.0,0
2.450921740299461,597.0,0
2.451030971146252,598.0,0
2.4511402019930433,598.0,0
2.4512494328398344,598.0,0
2.4513586636866256,598.0,0
2.4514678945334163,598.0,0
2.4515771253802074,598.0,0
2.4516863562269986,598.0,0
2.4517955870737898,598.0,0
2.451904817920581,599.0,0
2.452014048767372,598.0,0
2.452123279614163,599.0,0
2.452232510460955,599.0,0
2.4523417413077455,599.0,0
2.4524509721545367,599.0,0
2.452560203001328,600.0,0
2.452669433848119,600.0,0
2.45277866469491,600.0,0
2.4528878955417013,600.0,0
2.4529971263884924,600.0,0
2.453106357235283,600.0,0
2.4532155880820743,600.0,0
2.4533248189288654,601.0,0
2.453434049775657,601.0,0
2.453543280622448,601.0,0
2.4536525114692394,601.0,0
2.4537617423160305,602.0,0
2.4538709731628217,601.0,0
2.4539802040096124,602.0,0
2.4540894348564035,603.0,0
2.4541986657031947,602.0,0
2.454307896549986,602.0,0
2.454417127396777,602.0,0
2.454526358243568,602.0,0
2.4546355890903593,601.0,0
2.454744819937151,602.0,0
2.4548540507839416,602.0,0
2.4549632816307327,601.0,0
2.455072512477524,601.0,0
2.455181743324315,602.0,0
2.455290974171106,601.0,0
2.4554002050178974,601.0,0
2.4555094358646885,601.0,0
2.455618666711479,601.0,0
2.4557278975582704,600.0,0
2.4558371284050615,600.0,0
2.455946359251853,601.0,0
2.4560555900986443,600.0,0
2.4561648209454354,600.0,0
2.4562740517922266,600.0,0
2.4563832826390177,600.0,0
2.4564925134858084,600.0,0
2.4566017443325996,600.0,0
2.4567109751793907,600.0,0
2.456820206026182,600.0,0
2.456929436872973,600.0,0
2.457038667719764,600.0,0
2.4571478985665554,600.0,0
2.457257129413347,600.0,0
2.4573663602601377,600.0,0
2.457475591106929,600.0,0
2.45758482195372,600.0,0
2.457694052800511,600.0,0
2.4578032836473023,600.0,0
2.4579125144940934,600.0,0
2.4580217453408846,600.0,0
2.4581309761876753,600.0,0
2.4582402070344664,600.0,0
2.4583494378812576,600.0,0
2.458458668728049,600.0,0
2.4585678995748403,600.0,0
2.4586771304216315,600.0,0
2.4587863612684226,600.0,0
2.458895592115214,600.0,0
2.4590048229620045,600.0,0
2.4591140538087957,600.0,0
2.459223284655587,600.0,0
2.459332515502378,600.0,0
2.459441746349169,600.0,0
2.4595509771959603,600.0,0
2.4596602080427514,600.0,0
2.459769438889543,600.0,0
2.4598786697363337,600.0,0
2.459987900583125,600.0,0
2.460097131429916,600.0,0
2.460206362276707,600.0,0
2.4603155931234983,600.0,0
2.4604248239702895,600.0,0
2.4605340548170807,600.0,0
2.460643285663872,600.0,0
2.4607525165106625,600.0,0
2.4608617473574537,600.0,0
2.4609709782042453,600.0,0
2.4610802090510364,600.0,0
2.4611894398978276,600.0,0
2.4612986707446187,600.0,0
2.46140790159141,600.0,0
2.4615171324382006,600.0,0
2.4616263632849917,600.0,0
2.461735594131783,600.0,0
2.461844824978574,600.0,0
2.461954055825365,601.0,0
2.4620632866721563,600.0,0
2.4621725175189475,600.0,0
2.462281748365739,600.0,0
2.46239097921253,600.0,0
2.462500210059321,600.0,0
2.462609440906112,600.0,0
2.4627186717529033,600.0,0
2.4628279025996944,600.0,0
2.4629371334464856,600.0,0
2.4630463642932767,601.0,0
2.463155595140068,600.0,0
2.4632648259868586,600.0,0
2.4633740568336497,600.0,0
2.4634832876804413,601.0,0
2.4635925185272325,600.0,0
2.4637017493740236,601.0,0
2.463810980220815,601.0,0
2.463920211067606,600.0,0
2.4640294419143967,600.0,0
2.464138672761188,601.0,0
2.464247903607979,601.0,0
2.46435713445477,601.0,0
2.4644663653015613,601.0,0
2.4645755961483524,601.0,0
2.4646848269951436,601.0,0
2.464794057841935,601.0,0
2.464903288688726,602.0,0
2.465012519535517,601.0,0
2.465121750382308,601.0,0
2.4652309812290993,602.0,0
2.4653402120758905,602.0,0
2.4654494429226816,602.0,0
2.465558673769473,601.0,0
2.465667904616264,603.0,0
2.4657771354630547,602.0,0
2.465886366309846,602.0,0
2.4659955971566374,603.0,0
2.4661048280034286,603.0,0
2.4662140588502197,603.0,0
2.466323289697011,603.0,0
2.466432520543802,603.0,0
2.4665417513905927,603.0,0
2.466650982237384,603.0,0
2.466760213084175,604.0,0
2.466869443930966,604.0,0
2.4669786747777573,604.0,0
2.4670879056245485,604.0,0
2.4671971364713396,604.0,0
2.4673063673181312,604.0,0
2.467415598164922,604.0,0
2.467524829011713,604.0,0
2.4676340598585043,604.0,0
2.4677432907052954,604.0,0
2.4678525215520866,604.0,0
2.4679617523988777,604.0,0
2.468070983245669,604.0,0
2.46818021409246,604.0,0
2.4682894449392507,604.0,0
2.468398675786042,604.0,0
2.4685079066328335,604.0,0
2.4686171374796246,604.0,0
2.468726368326416,604.0,0
2.468835599173207,604.0,0
2.468944830019998,605.0,0
2.4690540608667892,604.0,0
2.46916329171358,604.0,0
2.469272522560371,604.0,0
2.4693817534071623,605.0,0
2.4694909842539534,604.0,0
2.4696002151007446,604.0,0
2.4697094459475357,604.0,0
2.4698186767943273,604.0,0
2.469927907641118,604.0,0
2.470037138487909,604.0,0
2.4701463693347003,604.0,0
2.4702556001814915,604.0,0
2.4703648310282826,604.0,0
2.470474061875074,604.0,0
2.470583292721865,605.0,0
2.470692523568656,604.0,0
2.470801754415447,604.0,0
2.470910985262238,605.0,0
2.4710202161090296,605.0,0
2.4711294469558207,605.0,0
2.471238677802612,605.0,0
2.471347908649403,606.0,0
2.471457139496194,605.0,0
2.4715663703429853,606.0,0
2.471675601189776,606.0,0
2.471784832036567,606.0,0
2.4718940628833583,605.0,0
2.4720032937301495,606.0,0
2.4721125245769406,606.0,0
2.472221755423732,605.0,0
2.4723309862705234,606.0,0
2.472440217117314,606.0,0
2.4725494479641053,605.0,0
2.4726586788108964,606.0,0
2.4727679096576876,606.0,0
2.4728771405044787,606.0,0
2.47298637135127,606.0,0
2.473095602198061,606.0,0
2.473204833044852,606.0,0
2.473314063891643,606.0,0
2.473423294738434,606.0,0
2.4735325255852256,607.0,0
2.473641756432017,606.0,0
2.473750987278808,606.0,0
2.473860218125599,607.0,0
2.4739694489723902,607.0,0
2.4740786798191814,606.0,0
2.474187910665972,607.0,0
2.4742971415127633,607.0,0
2.4744063723595544,606.0,0
2.4745156032063456,606.0,0
2.4746248340531367,607.0,0
2.474734064899928,606.0,0
2.4748432957467195,606.0,0
2.47495252659351,606.0,0
2.4750617574403013,606.0,0
2.4751709882870925,606.0,0
2.4752802191338836,606.0,0
2.475389449980675,606.0,0
2.475498680827466,606.0,0
2.475607911674257,606.0,0
2.4757171425210482,606.0,0
2.475826373367839,606.0,0
2.47593560421463,606.0,0
2.4760448350614217,606.0,0
2.476154065908213,606.0,0
2.476263296755004,606.0,0
2.476372527601795,606.0,0
2.4764817584485863,606.0,0
2.4765909892953775,606.0,0
2.476700220142168,606.0,0
2.4768094509889593,607.0,0
2.4769186818357505,607.0,0
2.4770279126825416,606.0,0
2.477137143529333,606.0,0
2.477246374376124,607.0,0
2.4773556052229155,607.0,0
2.4774648360697067,607.0,0
2.4775740669164974,608.0,0
2.4776832977632886,607.0,0
2.4777925286100797,607.0,0
2.477901759456871,608.0,0
2.478010990303662,608.0,0
2.478120221150453,608.0,0
2.4782294519972443,608.0,0
2.478338682844035,609.0,0
2.478447913690826,609.0,0
2.4785571445376178,609.0,0
2.478666375384409,609.0,0
2.4787756062312,610.0,0
2.4788848370779912,609.0,0
2.4789940679247824,610.0,0
2.4791032987715735,611.0,0
2.4792125296183642,611.0,0
2.4793217604651554,611.0,0
2.4794309913119466,611.0,0
2.4795402221587377,611.0,0
2.479649453005529,611.0,0
2.47975868385232,612.0,0
2.4798679146991116,612.0,0
2.4799771455459028,612.0,0
2.4800863763926935,612.0,0
2.4801956072394846,612.0,0
2.4803048380862758,612.0,0
2.480414068933067,612.0,0
2.480523299779858,613.0,0
2.4806325306266492,613.0,0
2.4807417614734404,612.0,0
2.480850992320231,612.0,0
2.4809602231670222,612.0,0
2.481069454013814,612.0,0
2.481178684860605,612.0,0
2.481287915707396,612.0,0
2.4813971465541873,612.0,0
2.4815063774009785,611.0,0
2.4816156082477696,611.0,0
2.4817248390945603,611.0,0
2.4818340699413515,611.0,0
2.4819433007881426,611.0,0
2.482052531634934,611.0,0
2.482161762481725,611.0,0
2.482270993328516,610.0,0
2.4823802241753077,610.0,0
2.482489455022099,611.0,0
2.4825986858688895,610.0,0
2.4827079167156807,610.0,0
2.482817147562472,610.0,0
2.482926378409263,610.0,0
2.483035609256054,609.0,0
2.4831448401028453,610.0,0
2.4832540709496365,610.0,0
2.4833633017964276,609.0,0
2.4834725326432183,609.0,0
2.48358176349001,610.0,0
2.483690994336801,609.0,0
2.4838002251835922,609.0,0
2.4839094560303834,610.0,0
2.4840186868771745,609.0,0
2.4841279177239657,609.0,0
2.4842371485707564,609.0,0
2.4843463794175475,609.0,0
2.4844556102643387,609.0,0
2.48456484111113,609.0,0
2.484674071957921,609.0,0
2.484783302804712,609.0,0
2.4848925336515038,608.0,0
2.485001764498295,609.0,0
2.4851109953450856,609.0,0
2.4852202261918768,608.0,0
2.485329457038668,608.0,0
2.485438687885459,608.0,0
2.4855479187322502,608.0,0
2.4856571495790414,608.0,0
2.4857663804258325,608.0,0
2.4858756112726237,608.0,0
2.4859848421194144,608.0,0
2.486094072966206,608.0,0
2.486203303812997,608.0,0
2.4863125346597883,607.0,0
2.4864217655065795,607.0,0
2.4865309963533706,607.0,0
2.4866402272001618,606.0,0
2.4867494580469525,606.0,0
2.4868586888937436,607.0,0
2.4869679197405348,606.0,0
2.487077150587326,606.0,0
2.487186381434117,606.0,0
2.4872956122809082,606.0,0
2.4874048431277,605.0,0
2.487514073974491,605.0,0
2.4876233048212817,606.0,0
2.487732535668073,605.0,0
2.487841766514864,604.0,0
2.487950997361655,605.0,0
2.4880602282084463,605.0,0
2.4881694590552375,604.0,0
2.4882786899020286,604.0,0
2.4883879207488198,605.0,0
2.4884971515956105,604.0,0
2.488606382442402,604.0,0
2.488715613289193,604.0,0
2.4888248441359844,604.0,0
2.4889340749827755,604.0,0
2.4890433058295667,604.0,0
2.489152536676358,604.0,0
2.4892617675231485,604.0,0
2.4893709983699397,604.0,0
2.489480229216731,604.0,0
2.489589460063522,604.0,0
2.489698690910313,604.0,0
2.4898079217571043,604.0,0
2.489917152603896,604.0,0
2.490026383450687,604.0,0
2.4901356142974778,604.0,0
2.490244845144269,604.0,0
2.49035407599106,604.0,0
2.490463306837851,604.0,0
2.4905725376846424,605.0,0
2.4906817685314335,604.0,0
2.4907909993782247,604.0,0
2.490900230225016,605.0,0
2.4910094610718065,606.0,0
2.491118691918598,605.0,0
2.4912279227653893,606.0,0
2.4913371536121804,606.0,0
2.4914463844589716,606.0,0
2.4915556153057627,606.0,0
2.491664846152554,606.0,0
2.491774076999345,606.0,0
2.4918833078461358,606.0,0
2.491992538692927,606.0,0
2.492101769539718,607.0,0
2.4922110003865092,607.0,0
2.4923202312333004,607.0,0
2.492429462080092,607.0,0
2.492538692926883,608.0,0
2.492647923773674,607.0,0
2.492757154620465,608.0,0
2.492866385467256,608.0,0
2.4929756163140473,608.0,0
2.4930848471608384,608.0,0
2.4931940780076296,608.0,0
2.4933033088544208,608.0,0
2.493412539701212,608.0,0
2.4935217705480026,608.0,0
2.493631001394794,609.0,0
2.4937402322415854,609.0,0
2.4938494630883765,609.0,0
2.4939586939351677,609.0,0
2.494067924781959,609.0,0
2.49417715562875,609.0,0
2.494286386475541,609.0,0
2.494395617322332,609.0,0
2.494504848169123,609.0,0
2.494614079015914,609.0,0
2.4947233098627053,609.0,0
2.4948325407094964,610.0,0
2.494941771556288,610.0,0
2.495051002403079,610.0,0
2.49516023324987,610.0,0
2.495269464096661,610.0,0
2.495378694943452,610.0,0
2.4954879257902434,610.0,0
2.4955971566370345,611.0,0
2.4957063874838257,610.0,0
2.495815618330617,610.0,0
2.495924849177408,610.0,0
2.4960340800241987,610.0,0
2.4961433108709903,610.0,0
2.4962525417177814,610.0,0
2.4963617725645726,610.0,0
2.4964710034113637,610.0,0
2.496580234258155,609.0,0
2.496689465104946,609.0,0
2.496798695951737,609.0,0
2.496907926798528,609.0,0
2.497017157645319,608.0,0
2.49712638849211,609.0,0
2.4972356193389014,608.0,0
2.4973448501856925,608.0,0
2.497454081032484,608.0,0
2.4975633118792753,608.0,0
2.497672542726066,607.0,0
2.497781773572857,608.0,0
2.4978910044196483,608.0,0
2.4980002352664394,607.0,0
2.4981094661132306,607.0,0
2.4982186969600217,607.0,0
2.498327927806813,607.0,0
2.498437158653604,606.0,0
2.4985463895003948,607.0,0
2.4986556203471864,607.0,0
2.4987648511939775,606.0,0
2.4988740820407687,607.0,0
2.49898331288756,607.0,0
2.499092543734351,607.0,0
2.499201774581142,607.0,0
2.4993110054279333,608.0,0
2.499420236274724,607.0,0
2.499529467121515,608.0,0
2.4996386979683063,608.0,0
2.4997479288150974,608.0,0
2.4998571596618886,608.0,0
2.49996639050868,608.0,0
2.5000756213554713,609.0,0
2.5001848522022625,609.0,0
2.500294083049053,609.0,0
2.5004033138958444,609.0,0
2.5005125447426355,610.0,0
2.5006217755894267,610.0,0
2.500731006436218,610.0,0
2.500840237283009,611.0,0
2.5009494681298,611.0,0
2.501058698976591,611.0,0
2.5011679298233824,611.0,0
2.5012771606701736,612.0,0
2.5013863915169647,611.0,0
2.501495622363756,612.0,0
2.501604853210547,614.0,0
2.501714084057338,612.0,0
2.5018233149041293,612.0,0
2.50193254575092,614.0,0
2.502041776597711,614.0,0
2.5021510074445024,613.0,0
2.5022602382912935,614.0,0
2.5023694691380847,614.0,0
2.5024786999848763,614.0,0
2.5025879308316674,614.0,0
2.5026971616784586,614.0,0
2.5028063925252493,614.0,0
2.5029156233720404,614.0,0
2.5030248542188316,614.0,0
2.5031340850656227,614.0,0
2.503243315912414,614.0,0
2.503352546759205,614.0,0
2.503461777605996,615.0,0
2.503571008452787,614.0,0
2.5036802392995785,614.0,0
2.5037894701463697,615.0,0
2.503898700993161,615.0,0
2.504007931839952,614.0,0
2.504117162686743,615.0,0
2.5042263935335343,615.0,0
2.5043356243803254,615.0,0
2.504444855227116,614.0,0
2.5045540860739073,615.0,0
2.5046633169206984,615.0,0
2.5047725477674896,614.0,0
2.5048817786142807,615.0,0
2.5049910094610723,615.0,0
2.5051002403078635,614.0,0
2.5052094711546546,614.0,0
2.5053187020014454,615.0,0
2.5054279328482365,615.0,0
2.5055371636950277,614.0,0
2.505646394541819,615.0,0
2.50575562538861,615.0,0
2.505864856235401,614.0,0
2.5059740870821923,614.0,0
2.506083317928983,615.0,0
2.5061925487757746,615.0,0
2.5063017796225657,614.0,0
2.506411010469357,615.0,0
2.506520241316148,615.0,0
2.506629472162939,615.0,0
2.5067387030097303,615.0,0
2.5068479338565215,615.0,0
2.506957164703312,615.0,0
2.5070663955501034,615.0,0
2.5071756263968945,615.0,0
2.5072848572436857,615.0,0
2.507394088090477,615.0,0
2.5075033189372684,615.0,0
2.5076125497840596,615.0,0
2.5077217806308507,615.0,0
2.5078310114776414,615.0,0
2.5079402423244326,615.0,0
2.5080494731712237,615.0,0
2.508158704018015,615.0,0
2.508267934864806,616.0,0
2.508377165711597,616.0,0
2.5084863965583883,615.0,0
2.5085956274051795,615.0,0
2.5087048582519706,616.0,0
2.508814089098762,616.0,0
2.508923319945553,615.0,0
2.509032550792344,616.0,0
2.5091417816391353,616.0,0
2.5092510124859264,615.0,0
2.5093602433327176,615.0,0
2.5094694741795083,616.0,0
2.5095787050262994,615.0,0
2.5096879358730906,615.0,0
2.5097971667198817,615.0,0
2.509906397566673,615.0,0
2.5100156284134645,615.0,0
2.5101248592602556,615.0,0
2.510234090107047,615.0,0
2.5103433209538375,615.0,0
2.5104525518006287,615.0,0
2.51056178264742,615.0,0
2.510671013494211,615.0,0
2.510780244341002,614.0,0
2.5108894751877933,615.0,0
2.5109987060345844,615.0,0
2.5111079368813756,615.0,0
2.5112171677281667,615.0,0
2.511326398574958,615.0,0
2.511435629421749,615.0,0
2.51154486026854,615.0,0
2.5116540911153313,615.0,0
2.5117633219621225,615.0,0
2.5118725528089136,614.0,0
2.5119817836557043,615.0,0
2.5120910145024955,615.0,0
2.5122002453492867,615.0,0
2.512309476196078,614.0,0
2.512418707042869,615.0,0
2.5125279378896606,614.0,0
2.5126371687364517,614.0,0
2.512746399583243,614.0,0
2.5128556304300336,615.0,0
2.5129648612768247,614.0,0
2.513074092123616,614.0,0
2.513183322970407,614.0,0
2.513292553817198,614.0,0
2.5134017846639893,613.0,0
2.5135110155107805,614.0,0
2.5136202463575716,614.0,0
2.513729477204363,612.0,0
2.513838708051154,612.0,0
2.513947938897945,614.0,0
2.5140571697447363,613.0,0
2.5141664005915274,613.0,0
2.5142756314383186,614.0,0
2.5143848622851097,614.0,0
2.514494093131901,613.0,0
2.5146033239786916,614.0,0
2.5147125548254827,614.0,0
2.514821785672274,614.0,0
2.514931016519065,614.0,0
2.5150402473658566,614.0,0
2.515149478212648,614.0,0
2.515258709059439,614.0,0
2.5153679399062296,614.0,0
2.515477170753021,615.0,0
2.515586401599812,614.0,0
2.515695632446603,615.0,0
2.5158048632933943,615.0,0
2.5159140941401854,615.0,0
2.5160233249869766,615.0,0
2.5161325558337677,615.0,0
2.516241786680559,615.0,0
2.51635101752735,615.0,0
2.516460248374141,615.0,0
2.5165694792209323,616.0,0
2.5166787100677235,616.0,0
2.5167879409145146,616.0,0
2.516897171761306,616.0,0
2.517006402608097,617.0,0
2.5171156334548876,616.0,0
2.517224864301679,617.0,0
2.51733409514847,617.0,0
2.517443325995261,616.0,0
2.5175525568420527,616.0,0
2.517661787688844,617.0,0
2.517771018535635,617.0,0
2.5178802493824257,616.0,0
2.517989480229217,617.0,0
2.518098711076008,617.0,0
2.518207941922799,617.0,0
2.5183171727695903,617.0,0
2.5184264036163815,617.0,0
2.5185356344631726,617.0,0
2.518644865309964,617.0,0
2.518754096156755,618.0,0
2.518863327003546,617.0,0
2.5189725578503372,617.0,0
2.5190817886971284,617.0,0
2.5191910195439196,618.0,0
2.5193002503907107,617.0,0
2.519409481237502,617.0,0
2.519518712084293,618.0,0
2.5196279429310837,618.0,0
2.519737173777875,617.0,0
2.519846404624666,619.0,0
2.519955635471457,618.0,0
2.5200648663182488,617.0,0
2.52017409716504,618.0,0
2.520283328011831,619.0,0
2.520392558858622,618.0,0
2.520501789705413,618.0,0
2.520611020552204,619.0,0
2.5207202513989952,619.0,0
2.5208294822457864,618.0,0
2.5209387130925776,619.0,0
2.5210479439393687,619.0,0
2.52115717478616,619.0,0
2.521266405632951,618.0,0
2.521375636479742,619.0,0
2.5214848673265333,619.0,0
2.5215940981733245,619.0,0
2.5217033290201156,619.0,0
2.5218125598669068,619.0,0
2.521921790713698,619.0,0
2.522031021560489,619.0,0
2.52214025240728,619.0,0
2.522249483254071,619.0,0
2.522358714100862,619.0,0
2.5224679449476533,620.0,0
2.522577175794445,619.0,0
2.522686406641236,619.0,0
2.522795637488027,620.0,0
2.5229048683348183,620.0,0
2.523014099181609,619.0,0
2.5231233300284,620.0,0
2.5232325608751913,620.0,0
2.5233417917219825,620.0,0
2.5234510225687736,620.0,0
2.523560253415565,620.0,0
2.523669484262356,620.0,0
2.523778715109147,620.0,0
2.5238879459559382,620.0,0
2.5239971768027294,621.0,0
2.5241064076495205,620.0,0
2.5242156384963117,620.0,0
2.524324869343103,621.0,0
2.524434100189894,621.0,0
2.524543331036685,620.0,0
2.524652561883476,621.0,0
2.524761792730267,622.0,0
2.524871023577058,621.0,0
2.5249802544238493,621.0,0
2.525089485270641,622.0,0
2.525198716117432,621.0,0
2.5253079469642232,621.0,0
2.5254171778110144,621.0,0
2.525526408657805,622.0,0
2.5256356395045962,620.0,0
2.5257448703513874,621.0,0
2.5258541011981785,621.0,0
2.5259633320449697,621.0,0
2.526072562891761,620.0,0
2.526181793738552,621.0,0
2.526291024585343,620.0,0
2.5264002554321343,620.0,0
2.5265094862789255,620.0,0
2.5266187171257166,621.0,0
2.5267279479725078,620.0,0
2.526837178819299,620.0,0
2.52694640966609,620.0,0
2.5270556405128812,620.0,0
2.527164871359672,620.0,0
2.527274102206463,620.0,0
2.5273833330532542,620.0,0
2.5274925639000454,620.0,0
2.527601794746837,620.0,0
2.527711025593628,620.0,0
2.5278202564404193,620.0,0
2.5279294872872105,620.0,0
2.528038718134001,620.0,0
2.5281479489807923,620.0,0
2.5282571798275835,619.0,0
2.5283664106743746,619.0,0
2.5284756415211658,619.0,0
2.528584872367957,619.0,0
2.528694103214748,618.0,0
2.5288033340615392,619.0,0
2.5289125649083304,618.0,0
2.5290217957551215,617.0,0
2.5291310266019127,618.0,0
2.529240257448704,618.0,0
2.529349488295495,617.0,0
2.529458719142286,617.0,0
2.5295679499890773,617.0,0
2.529677180835868,617.0,0
2.529786411682659,616.0,0
2.5298956425294503,617.0,0
2.5300048733762415,617.0,0
2.530114104223033,616.0,0
2.530223335069824,616.0,0
2.5303325659166154,617.0,0
2.5304417967634065,616.0,0
2.5305510276101972,616.0,0
2.5306602584569884,616.0,0
2.5307694893037795,616.0,0
2.5308787201505707,615.0,0
2.530987950997362,616.0,0
2.531097181844153,616.0,0
2.531206412690944,616.0,0
2.5313156435377353,616.0,0
2.5314248743845265,617.0,0
2.5315341052313176,616.0,0
2.5316433360781088,616.0,0
2.5317525669249,617.0,0
2.531861797771691,616.0,0
2.5319710286184822,616.0,0
2.5320802594652734,617.0,0
2.532189490312064,617.0,0
2.5322987211588552,617.0,0
2.5324079520056464,617.0,0
2.5325171828524375,617.0,0
2.532626413699229,617.0,0
2.5327356445460203,617.0,0
2.5328448753928114,617.0,0
2.5329541062396026,618.0,0
2.5330633370863933,617.0,0
2.5331725679331845,618.0,0
2.5332817987799756,619.0,0
2.5333910296267668,619.0,0
2.533500260473558,619.0,0
2.533609491320349,619.0,0
2.5337187221671402,619.0,0
2.5338279530139314,619.0,0
2.5339371838607225,620.0,0
2.5340464147075137,620.0,0
2.534155645554305,620.0,0
2.534264876401096,620.0,0
2.534374107247887,620.0,0
2.5344833380946783,620.0,0
2.5345925689414694,620.0,0
2.53470179978826,620.0,0
2.5348110306350513,620.0,0
2.5349202614818425,620.0,0
2.5350294923286336,620.0,0
2.535138723175425,620.0,0
2.5352479540222164,620.0,0
2.5353571848690075,620.0,0
2.5354664157157987,620.0,0
2.5355756465625894,620.0,0
2.5356848774093805,620.0,0
2.5357941082561717,620.0,0
2.535903339102963,620.0,0
2.536012569949754,620.0,0
2.536121800796545,620.0,0
2.5362310316433363,620.0,0
2.5363402624901275,620.0,0
2.5364494933369186,620.0,0
2.5365587241837098,620.0,0
2.536667955030501,621.0,0
2.536777185877292,620.0,0
2.536886416724083,620.0,0
2.5369956475708744,620.0,0
2.5371048784176655,620.0,0
2.5372141092644562,620.0,0
2.5373233401112474,620.0,0
2.5374325709580385,620.0,0
2.5375418018048297,620.0,0
2.5376510326516213,620.0,0
2.5377602634984124,620.0,0
2.5378694943452036,620.0,0
2.5379787251919947,620.0,0
2.5380879560387855,620.0,0
2.5381971868855766,620.0,0
2.5383064177323678,620.0,0
2.538415648579159,620.0,0
2.53852487942595,620.0,0
2.538634110272741,620.0,0
2.5387433411195324,620.0,0
2.5388525719663235,620.0,0
2.5389618028131147,620.0,0
2.539071033659906,620.0,0
2.539180264506697,620.0,0
2.539289495353488,620.0,0
2.5393987262002793,620.0,0
2.5395079570470704,620.0,0
2.5396171878938616,620.0,0
2.5397264187406527,620.0,0
2.5398356495874435,620.0,0
2.5399448804342346,620.0,0
2.5400541112810258,620.0,0
2.5401633421278174,620.0,0
2.5402725729746085,620.0,0
2.5403818038213997,620.0,0
2.540491034668191,620.0,0
2.5406002655149815,620.0,0
2.5407094963617727,620.0,0
2.540818727208564,620.0,0
2.540927958055355,619.0,0
2.541037188902146,620.0,0
2.5411464197489373,619.0,0
2.5412556505957284,619.0,0
2.5413648814425196,619.0,0
2.5414741122893107,619.0,0
2.541583343136102,619.0,0
2.541692573982893,619.0,0
2.541801804829684,619.0,0
2.5419110356764754,619.0,0
2.5420202665232665,618.0,0
2.5421294973700577,618.0,0
2.542238728216849,619.0,0
2.5423479590636395,618.0,0
2.5424571899104307,618.0,0
2.542566420757222,619.0,0
2.5426756516040134,619.0,0
2.5427848824508046,619.0,0
2.5428941132975957,619.0,0
2.543003344144387,619.0,0
2.5431125749911776,618.0,0
2.5432218058379688,619.0,0
2.54333103668476,619.0,0
2.543440267531551,619.0,0
2.543549498378342,619.0,0
2.5436587292251334,619.0,0
2.5437679600719245,619.0,0
2.5438771909187157,619.0,0
2.543986421765507,619.0,0
2.544095652612298,620.0,0
2.544204883459089,619.0,0
2.5443141143058803,620.0,0
2.5444233451526714,620.0,0
2.5445325759994626,620.0,0
2.5446418068462537,620.0,0
2.544751037693045,620.0,0
2.5448602685398356,620.0,0
2.5449694993866268,620.0,0
2.545078730233418,620.0,0
2.5451879610802095,620.0,0
2.5452971919270007,620.0,0
2.545406422773792,621.0,0
2.545515653620583,621.0,0
2.545624884467374,622.0,0
2.545734115314165,622.0,0
2.545843346160956,622.0,0
2.545952577007747,623.0,0
2.5460618078545383,623.0,0
2.5461710387013294,623.0,0
2.5462802695481206,624.0,0
2.5463895003949117,624.0,0
2.546498731241703,624.0,0
2.546607962088494,624.0,0
2.546717192935285,624.0,0
2.5468264237820764,624.0,0
2.5469356546288675,624.0,0
2.5470448854756587,624.0,0
2.54715411632245,624.0,0
2.547263347169241,624.0,0
2.5473725780160317,624.0,0
2.547481808862823,624.0,0
2.547591039709614,624.0,0
2.5477002705564056,624.0,0
2.5478095014031967,624.0,0
2.547918732249988,624.0,0
2.548027963096779,624.0,0
2.54813719394357,624.0,0
2.548246424790361,624.0,0
2.548355655637152,624.0,0
2.548464886483943,624.0,0
2.5485741173307344,624.0,0
2.5486833481775255,624.0,0
2.5487925790243167,624.0,0
2.548901809871108,624.0,0
2.549011040717899,624.0,0
2.54912027156469,623.0,0
2.5492295024114813,623.0,0
2.5493387332582724,623.0,0
2.5494479641050636,622.0,0
2.5495571949518547,622.0,0
2.549666425798646,622.0,0
2.549775656645437,622.0,0
2.5498848874922277,621.0,0
2.549994118339019,622.0,0
2.55010334918581,621.0,0
2.5502125800326017,621.0,0
2.550321810879393,620.0,0
2.550431041726184,620.0,0
2.550540272572975,620.0,0
2.5506495034197663,620.0,0
2.550758734266557,620.0,0
2.550867965113348,620.0,0
2.5509771959601393,620.0,0
2.5510864268069304,620.0,0
2.5511956576537216,620.0,0
2.5513048885005127,620.0,0
2.551414119347304,620.0,0
2.551523350194095,621.0,0
2.551632581040886,621.0,0
2.5517418118876773,621.0,0
2.5518510427344685,621.0,0
2.5519602735812597,622.0,0
2.552069504428051,622.0,0
2.552178735274842,622.0,0
2.552287966121633,622.0,0
2.552397196968424,622.0,0
2.552506427815215,622.0,0
2.552615658662006,623.0,0
2.5527248895087977,623.0,0
2.552834120355589,623.0,0
2.55294335120238,622.0,0
2.553052582049171,623.0,0
2.5531618128959623,623.0,0
2.553271043742753,623.0,0
2.553380274589544,623.0,0
2.5534895054363353,623.0,0
2.5535987362831265,623.0,0
2.5537079671299177,623.0,0
2.553817197976709,623.0,0
2.5539264288235,623.0,0
2.554035659670291,623.0,0
2.5541448905170823,623.0,0
2.5542541213638734,623.0,0
2.5543633522106646,623.0,0
2.5544725830574557,623.0,0
2.554581813904247,624.0,0
2.554691044751038,624.0,0
2.554800275597829,623.0,0
2.55490950644462,623.0,0
2.555018737291411,624.0,0
2.555127968138202,624.0,0
2.555237198984994,624.0,0
2.555346429831785,624.0,0
2.555455660678576,624.0,0
2.5555648915253673,624.0,0
2.5556741223721584,624.0,0
2.555783353218949,624.0,0
2.5558925840657403,624.0,0
2.5560018149125314,624.0,0
2.5561110457593226,624.0,0
2.5562202766061137,624.0,0
2.556329507452905,624.0,0
2.556438738299696,624.0,0
2.556547969146487,624.0,0
2.5566571999932783,624.0,0
2.5567664308400695,624.0,0
2.5568756616868606,624.0,0
2.556984892533652,624.0,0
2.557094123380443,623.0,0
2.557203354227234,624.0,0
2.5573125850740253,623.0,0
2.557421815920816,623.0,0
2.557531046767607,623.0,0
2.5576402776143983,623.0,0
2.55774950846119,622.0,0
2.557858739307981,622.0,0
2.557967970154772,622.0,0
2.5580772010015633,622.0,0
2.5581864318483545,621.0,0
2.558295662695145,622.0,0
2.5584048935419363,621.0,0
2.5585141243887275,621.0,0
2.5586233552355186,620.0,0
2.55873258608231,621.0,0
2.558841816929101,620.0,0
2.558951047775892,620.0,0
2.5590602786226833,620.0,0
2.5591695094694744,620.0,0
2.5592787403162656,620.0,0
2.5593879711630567,620.0,0
2.559497202009848,620.0,0
2.559606432856639,620.0,0
2.55971566370343,620.0,0
2.5598248945502213,620.0,0
2.559934125397012,620.0,0
2.560043356243803,620.0,0
2.5601525870905943,620.0,0
2.560261817937386,620.0,0
2.560371048784177,620.0,0
2.5604802796309682,620.0,0
2.5605895104777594,620.0,0
2.5606987413245506,620.0,0
2.5608079721713413,620.0,0
2.5609172030181324,620.0,0
2.5610264338649236,620.0,0
2.5611356647117147,620.0,0
2.561244895558506,620.0,0
2.561354126405297,620.0,0
2.561463357252088,620.0,0
2.5615725880988793,620.0,0
2.5616818189456705,620.0,0
2.5617910497924616,621.0,0
2.561900280639253,620.0,0
2.562009511486044,621.0,0
2.562118742332835,622.0,0
2.5622279731796263,622.0,0
2.5623372040264174,622.0,0
2.5624464348732086,622.0,0
2.5625556657199993,622.0,0
2.5626648965667904,623.0,0
2.562774127413582,623.0,0
2.562883358260373,623.0,0
2.5629925891071643,623.0,0
2.5631018199539555,624.0,0
2.5632110508007466,624.0,0
2.5633202816475373,624.0,0
2.5634295124943285,624.0,0
2.5635387433411196,624.0,0
2.563647974187911,624.0,0
2.563757205034702,624.0,0
2.563866435881493,624.0,0
2.5639756667282843,624.0,0
2.5640848975750754,624.0,0
2.5641941284218666,624.0,0
2.5643033592686577,624.0,0
2.564412590115449,624.0,0
2.56452182096224,624.0,0
2.564631051809031,624.0,0
2.5647402826558223,624.0,0
2.5648495135026135,624.0,0
2.5649587443494046,624.0,0
2.5650679751961953,624.0,0
2.5651772060429865,623.0,0
2.565286436889778,623.0,0
2.5653956677365692,624.0,0
2.5655048985833604,624.0,0
2.5656141294301515,623.0,0
2.5657233602769427,624.0,0
2.5658325911237334,624.0,0
2.5659418219705246,623.0,0
2.5660510528173157,623.0,0
2.566160283664107,624.0,0
2.566269514510898,623.0,0
2.566378745357689,623.0,0
2.5664879762044803,623.0,0
2.5665972070512715,624.0,0
2.5667064378980626,623.0,0
2.566815668744854,624.0,0
2.566924899591645,624.0,0
2.567034130438436,624.0,0
2.5671433612852272,624.0,0
2.5672525921320184,624.0,0
2.5673618229788095,624.0,0
2.5674710538256007,624.0,0
2.5675802846723914,624.0,0
2.5676895155191826,624.0,0
2.567798746365974,624.0,0
2.5679079772127653,624.0,0
2.5680172080595565,624.0,0
2.5681264389063476,624.0,0
2.5682356697531388,624.0,0
2.56834490059993,624.0,0
2.5684541314467206,624.0,0
2.568563362293512,624.0,0
2.568672593140303,624.0,0
2.568781823987094,624.0,0
2.5688910548338852,624.0,0
2.5690002856806764,624.0,0
2.5691095165274676,624.0,0
2.5692187473742587,624.0,0
2.56932797822105,623.0,0
2.569437209067841,623.0,0
2.569546439914632,624.0,0
2.5696556707614233,623.0,0
2.5697649016082145,623.0,0
2.5698741324550056,623.0,0
2.5699833633017968,623.0,0
2.5700925941485875,623.0,0
2.5702018249953786,623.0,0
2.5703110558421702,623.0,0
2.5704202866889614,622.0,0
2.5705295175357525,622.0,0
2.5706387483825437,622.0,0
2.570747979229335,622.0,0
2.570857210076126,622.0,0
2.5709664409229167,622.0,0
2.571075671769708,622.0,0
2.571184902616499,622.0,0
2.57129413346329,622.0,0
2.5714033643100813,622.0,0
2.5715125951568725,622.0,0
2.5716218260036636,621.0,0
2.5717310568504548,622.0,0
2.571840287697246,622.0,0
2.571949518544037,621.0,0
2.5720587493908282,621.0,0
2.5721679802376194,622.0,0
2.5722772110844105,622.0,0
2.5723864419312017,621.0,0
2.572495672777993,622.0,0
2.5726049036247836,621.0,0
2.5727141344715747,621.0,0
2.5728233653183663,620.0,0
2.5729325961651575,622.0,0
2.5730418270119486,621.0,0
2.5731510578587398,620.0,0
2.573260288705531,620.0,0
2.573369519552322,621.0,0
2.573478750399113,620.0,0
2.573587981245904,620.0,0
2.573697212092695,620.0,0
2.5738064429394862,620.0,0
2.5739156737862774,620.0,0
2.5740249046330685,620.0,0
2.5741341354798597,620.0,0
2.574243366326651,619.0,0
2.574352597173442,619.0,0
2.574461828020233,620.0,0
2.5745710588670243,619.0,0
2.5746802897138155,619.0,0
2.5747895205606066,619.0,0
2.5748987514073978,619.0,0
2.575007982254189,618.0,0
2.5751172131009796,619.0,0
2.575226443947771,619.0,0
2.5753356747945624,618.0,0
2.5754449056413535,617.0,0
2.5755541364881447,619.0,0
2.575663367334936,618.0,0
2.575772598181727,617.0,0
2.575881829028518,617.0,0
2.575991059875309,618.0,0
2.5761002907221,617.0,0
2.576209521568891,617.0,0
2.5763187524156823,617.0,0
2.5764279832624735,617.0,0
2.5765372141092646,616.0,0
2.5766464449560558,617.0,0
2.576755675802847,617.0,0
2.576864906649638,616.0,0
2.5769741374964292,616.0,0
2.5770833683432204,617.0,0
2.5771925991900115,616.0,0
2.5773018300368027,616.0,0
2.577411060883594,617.0,0
2.577520291730385,617.0,0
2.5776295225771757,616.0,0
2.577738753423967,617.0,0
2.5778479842707585,617.0,0
2.5779572151175496,617.0,0
2.5780664459643408,617.0,0
2.578175676811132,618.0,0
2.578284907657923,617.0,0
2.578394138504714,617.0,0
2.578503369351505,617.0,0
2.578612600198296,618.0,0
2.5787218310450872,617.0,0
2.5788310618918784,618.0,0
2.5789402927386695,619.0,0
2.5790495235854607,618.0,0
2.579158754432252,617.0,0
2.579267985279043,619.0,0
2.579377216125834,619.0,0
2.5794864469726253,618.0,0
2.5795956778194165,618.0,0
2.5797049086662076,619.0,0
2.5798141395129988,619.0,0
2.57992337035979,618.0,0
2.580032601206581,619.0,0
2.5801418320533718,619.0,0
2.580251062900163,618.0,0
2.5803602937469545,619.0,0
2.5804695245937457,620.0,0
2.580578755440537,619.0,0
2.580687986287328,619.0,0
2.580797217134119,620.0,0
2.5809064479809103,619.0,0
2.581015678827701,619.0,0
2.581124909674492,619.0,0
2.5812341405212833,620.0,0
2.5813433713680745,619.0,0
2.5814526022148656,620.0,0
2.5815618330616568,620.0,0
2.581671063908448,620.0,0
2.581780294755239,620.0,0
2.58188952560203,620.0,0
2.5819987564488214,620.0,0
2.5821079872956125,620.0,0
2.5822172181424037,620.0,0
2.582326448989195,620.0,0
2.582435679835986,620.0,0
2.582544910682777,620.0,0
2.582654141529568,620.0,0
2.582763372376359,620.0,0
2.5828726032231506,619.0,0
2.5829818340699418,619.0,0
2.583091064916733,620.0,0
2.583200295763524,619.0,0
2.583309526610315,618.0,0
2.5834187574571064,619.0,0
2.583527988303897,619.0,0
2.5836372191506882,618.0,0
2.5837464499974794,619.0,0
2.5838556808442705,619.0,0
2.5839649116910617,618.0,0
2.584074142537853,618.0,0
2.584183373384644,619.0,0
2.584292604231435,618.0,0
2.5844018350782263,617.0,0
2.5845110659250174,619.0,0
2.5846202967718086,618.0,0
2.5847295276185998,618.0,0
2.584838758465391,617.0,0
2.584947989312182,619.0,0
2.585057220158973,618.0,0
2.5851664510057644,617.0,0
2.585275681852555,618.0,0
2.5853849126993467,618.0,0
2.585494143546138,617.0,0
2.585603374392929,618.0,0
2.58571260523972,618.0,0
2.5858218360865113,617.0,0
2.5859310669333024,618.0,0
2.586040297780093,619.0,0
2.5861495286268843,618.0,0
2.5862587594736755,618.0,0
2.5863679903204666,618.0,0
2.5864772211672578,619.0,0
2.586586452014049,618.0,0
2.58669568286084,618.0,0
2.586804913707631,618.0,0
2.5869141445544224,618.0,0
2.5870233754012135,618.0,0
2.5871326062480047,618.0,0
2.587241837094796,618.0,0
2.587351067941587,617.0,0
2.587460298788378,617.0,0
2.5875695296351693,618.0,0
2.5876787604819604,617.0,0
2.587787991328751,617.0,0
2.5878972221755427,617.0,0
2.588006453022334,617.0,0
2.588115683869125,616.0,0
2.588224914715916,617.0,0
2.5883341455627074,617.0,0
2.5884433764094985,617.0,0
2.588552607256289,616.0,0
2.5886618381030804,617.0,0
2.5887710689498715,617.0,0
2.5888802997966627,617.0,0
2.588989530643454,617.0,0
2.589098761490245,618.0,0
2.589207992337036,617.0,0
2.5893172231838273,618.0,0
2.5894264540306184,619.0,0
2.5895356848774096,619.0,0
2.5896449157242007,619.0,0
2.589754146570992,620.0,0
2.589863377417783,620.0,0
2.589972608264574,620.0,0
2.5900818391113654,621.0,0
2.5901910699581565,622.0,0
2.590300300804947,622.0,0
2.590409531651739,622.0,0
2.59051876249853,623.0,0
2.590627993345321,623.0,0
2.5907372241921123,623.0,0
2.5908464550389034,624.0,0
2.5909556858856946,624.0,0
2.5910649167324853,624.0,0
2.5911741475792764,624.0,0
2.5912833784260676,625.0,0
2.5913926092728587,624.0,0
2.59150184011965,624.0,0
2.591611070966441,625.0,0
2.591720301813232,624.0,0
2.5918295326600234,624.0,0
2.5919387635068145,624.0,0
2.5920479943536057,624.0,0
2.592157225200397,624.0,0
2.592266456047188,624.0,0
2.592375686893979,624.0,0
2.5924849177407703,624.0,0
2.5925941485875614,624.0,0
2.5927033794343526,624.0,0
2.5928126102811433,624.0,0
2.592921841127935,624.0,0
2.593031071974726,624.0,0
2.593140302821517,624.0,0
2.5932495336683083,624.0,0
2.5933587645150995,624.0,0
2.5934679953618907,624.0,0
2.593577226208682,624.0,0
2.5936864570554725,624.0,0
2.5937956879022637,624.0,0
2.593904918749055,624.0,0
2.594014149595846,624.0,0
2.594123380442637,624.0,0
2.5942326112894283,624.0,0
2.5943418421362194,624.0,0
2.5944510729830106,623.0,0
2.5945603038298017,624.0,0
2.594669534676593,623.0,0
2.594778765523384,622.0,0
2.594887996370175,623.0,0
2.5949972272169664,623.0,0
2.5951064580637575,622.0,0
2.5952156889105487,622.0,0
2.5953249197573394,622.0,0
2.595434150604131,622.0,0
2.595543381450922,622.0,0
2.5956526122977133,622.0,0
2.5957618431445044,622.0,0
2.5958710739912956,621.0,0
2.5959803048380867,621.0,0
2.596089535684878,622.0,0
2.5961987665316686,621.0,0
2.5963079973784597,621.0,0
2.596417228225251,621.0,0
2.596526459072042,621.0,0
2.596635689918833,620.0,0
2.5967449207656244,621.0,0
2.5968541516124155,620.0,0
2.5969633824592067,620.0,0
2.597072613305998,620.0,0
2.597181844152789,620.0,0
2.59729107499958,620.0,0
2.5974003058463713,620.0,0
2.5975095366931624,620.0,0
2.5976187675399536,620.0,0
2.5977279983867447,620.0,0
2.5978372292335354,620.0,0
2.597946460080327,620.0,0
2.598055690927118,620.0,0
2.5981649217739093,620.0,0
2.5982741526207005,620.0,0
2.5983833834674916,620.0,0
2.598492614314283,620.0,0
2.598601845161074,620.0,0
2.5987110760078647,620.0,0
2.598820306854656,620.0,0
2.598929537701447,620.0,0
2.599038768548238,620.0,0
2.5991479993950293,620.0,0
2.5992572302418204,620.0,0
2.5993664610886116,621.0,0
2.599475691935403,620.0,0
2.599584922782194,620.0,0
2.599694153628985,620.0,0
2.599803384475776,621.0,0
2.5999126153225673,620.0,0
2.6000218461693585,620.0,0
2.6001310770161496,621.0,0
2.600240307862941,620.0,0
2.6003495387097315,620.0,0
2.600458769556523,621.0,0
2.6005680004033143,620.0,0
2.6006772312501054,620.0,0
2.6007864620968966,620.0,0
2.6008956929436877,620.0,0
2.601004923790479,620.0,0
2.60111415463727,620.0,0
2.6012233854840607,620.0,0
2.601332616330852,620.0,0
2.601441847177643,620.0,0
2.601551078024434,620.0,0
2.6016603088712253,620.0,0
2.6017695397180165,620.0,0
2.6018787705648077,620.0,0
2.6019880014115992,620.0,0
2.60209723225839,620.0,0
2.602206463105181,620.0,0
2.6023156939519723,620.0,0
2.6024249247987634,620.0,0
2.6025341556455546,620.0,0
2.6026433864923457,620.0,0
2.602752617339137,620.0,0
2.6028618481859276,620.0,0
2.602971079032719,620.0,0
2.6030803098795103,621.0,0
2.6031895407263015,620.0,0
2.6032987715730926,620.0,0
2.603408002419884,620.0,0
2.603517233266675,621.0,0
2.603626464113466,620.0,0
2.603735694960257,621.0,0
2.603844925807048,621.0,0
2.603954156653839,621.0,0
2.6040633875006303,620.0,0
2.6041726183474214,622.0,0
2.6042818491942126,621.0,0
2.6043910800410037,621.0,0
2.6045003108877953,621.0,0
2.604609541734586,622.0,0
2.604718772581377,622.0,0
2.6048280034281683,622.0,0
2.6049372342749595,622.0,0
2.6050464651217506,622.0,0
2.605155695968542,622.0,0
2.605264926815333,623.0,0
2.6053741576621237,623.0,0
2.6054833885089153,623.0,0
2.6055926193557064,623.0,0
2.6057018502024976,623.0,0
2.6058110810492887,623.0,0
2.60592031189608,623.0,0
2.606029542742871,623.0,0
2.606138773589662,624.0,0
2.606248004436453,624.0,0
2.606357235283244,624.0,0
2.606466466130035,624.0,0
2.6065756969768263,624.0,0
2.6066849278236175,624.0,0
2.6067941586704086,624.0,0
2.6069033895172,624.0,0
2.6070126203639914,624.0,0
2.607121851210782,624.0,0
2.6072310820575733,624.0,0
2.6073403129043644,623.0,0
2.6074495437511556,623.0,0
2.6075587745979467,623.0,0
2.607668005444738,623.0,0
2.607777236291529,622.0,0
2.60788646713832,622.0,0
2.6079956979851113,622.0,0
2.6081049288319025,622.0,0
2.6082141596786936,621.0,0
2.608323390525485,621.0,0
2.608432621372276,620.0,0
2.608541852219067,620.0,0
2.6086510830658582,620.0,0
2.608760313912649,620.0,0
2.60886954475944,620.0,0
2.6089787756062313,620.0,0
2.6090880064530224,620.0,0
2.6091972372998136,620.0,0
2.6093064681466047,620.0,0
2.609415698993396,620.0,0
2.6095249298401875,620.0,0
2.609634160686978,620.0,0
2.6097433915337693,620.0,0
2.6098526223805605,620.0,0
2.6099618532273516,620.0,0
2.610071084074143,621.0,0
2.610180314920934,621.0,0
2.610289545767725,621.0,0
2.6103987766145162,622.0,0
2.6105080074613074,622.0,0
2.6106172383080986,622.0,0
2.6107264691548897,622.0,0
2.610835700001681,622.0,0
2.610944930848472,623.0,0
2.611054161695263,623.0,0
2.6111633925420543,623.0,0
2.611272623388845,623.0,0
2.611381854235636,623.0,0
2.6114910850824273,622.0,0
2.6116003159292185,623.0,0
2.6117095467760096,623.0,0
2.611818777622801,622.0,0
2.611928008469592,622.0,0
2.6120372393163835,622.0,0
2.6121464701631742,622.0,0
2.6122557010099654,622.0,0
2.6123649318567566,622.0,0
2.6124741627035477,622.0,0
2.612583393550339,622.0,0
2.61269262439713,622.0,0
2.612801855243921,622.0,0
2.6129110860907123,622.0,0
2.6130203169375035,622.0,0
2.6131295477842946,622.0,0
2.613238778631086,622.0,0
2.613348009477877,622.0,0
2.613457240324668,622.0,0
2.6135664711714592,623.0,0
2.6136757020182504,622.0,0
2.613784932865041,623.0,0
2.6138941637118323,623.0,0
2.6140033945586234,623.0,0
2.6141126254054146,623.0,0
2.6142218562522057,624.0,0
2.614331087098997,624.0,0
2.614440317945788,623.0,0
2.6145495487925796,623.0,0
2.6146587796393703,624.0,0
2.6147680104861615,623.0,0
2.6148772413329526,623.0,0
2.614986472179744,623.0,0
2.615095703026535,623.0,0
2.615204933873326,623.0,0
2.6153141647201172,623.0,0
2.6154233955669084,623.0,0
2.6155326264136995,622.0,0
2.6156418572604907,622.0,0
2.615751088107282,622.0,0
2.615860318954073,622.0,0
2.615969549800864,621.0,0
2.6160787806476553,621.0,0
2.6161880114944465,622.0,0
2.6162972423412376,620.0,0
2.6164064731880283,620.0,0
2.6165157040348195,620.0,0
2.6166249348816106,620.0,0
2.616734165728402,620.0,0
2.616843396575193,620.0,0
2.616952627421984,620.0,0
2.6170618582687757,620.0,0
2.6171710891155664,620.0,0
2.6172803199623575,620.0,0
2.6173895508091487,619.0,0
2.61749878165594,619.0,0
2.617608012502731,619.0,0
2.617717243349522,619.0,0
2.6178264741963133,619.0,0
2.6179357050431045,619.0,0
2.6180449358898956,619.0,0
2.6181541667366868,619.0,0
2.618263397583478,619.0,0
2.618372628430269,619.0,0
2.6184818592770602,619.0,0
2.6185910901238514,619.0,0
2.6187003209706425,619.0,0
2.6188095518174337,619.0,0
2.6189187826642244,619.0,0
2.6190280135110156,620.0,0
2.6191372443578067,620.0,0
2.619246475204598,619.0,0
2.619355706051389,619.0,0
2.61946493689818,620.0,0
2.6195741677449718,619.0,0
2.6196833985917625,619.0,0
2.6197926294385536,620.0,0
2.6199018602853448,620.0,0
2.620011091132136,619.0,0
2.620120321978927,620.0,0
2.6202295528257182,620.0,0
2.6203387836725094,620.0,0
2.6204480145193005,619.0,0
2.6205572453660917,620.0,0
2.620666476212883,620.0,0
2.620775707059674,620.0,0
2.620884937906465,619.0,0
2.6209941687532563,620.0,0
2.6211033996000475,619.0,0
2.6212126304468386,619.0,0
2.6213218612936298,620.0,0
2.6214310921404205,620.0,0
2.6215403229872116,619.0,0
2.6216495538340028,620.0,0
2.621758784680794,620.0,0
2.621868015527585,619.0,0
2.6219772463743762,619.0,0
2.622086477221168,620.0,0
2.6221957080679585,619.0,0
2.6223049389147497,619.0,0
2.622414169761541,619.0,0
2.622523400608332,619.0,0
2.622632631455123,619.0,0
2.6227418623019143,619.0,0
2.6228510931487055,619.0,0
2.6229603239954966,618.0,0
2.6230695548422878,618.0,0
2.623178785689079,619.0,0
2.62328801653587,618.0,0
2.6233972473826612,617.0,0
2.6235064782294524,618.0,0
2.6236157090762435,618.0,0
2.6237249399230347,617.0,0
2.623834170769826,617.0,0
2.6239434016166165,617.0,0
2.6240526324634077,617.0,0
2.624161863310199,617.0,0
2.62427109415699,617.0,0
2.624380325003781,617.0,0
2.6244895558505723,617.0,0
2.624598786697364,616.0,0
2.624708017544155,617.0,0
2.6248172483909458,616.0,0
2.624926479237737,616.0,0
2.625035710084528,616.0,0
2.6251449409313192,617.0,0
2.6252541717781104,616.0,0
2.6253634026249015,616.0,0
2.6254726334716927,616.0,0
2.625581864318484,616.0,0
2.625691095165275,615.0,0
2.625800326012066,616.0,0
2.6259095568588573,615.0,0
2.6260187877056484,615.0,0
2.6261280185524396,615.0,0
2.6262372493992308,615.0,0
2.626346480246022,615.0,0
2.6264557110928126,615.0,0
2.6265649419396038,615.0,0
2.626674172786395,615.0,0
2.626783403633186,615.0,0
2.6268926344799772,615.0,0
2.6270018653267684,615.0,0
2.62711109617356,615.0,0
2.627220327020351,615.0,0
2.627329557867142,615.0,0
2.627438788713933,615.0,0
2.627548019560724,615.0,0
2.6276572504075153,615.0,0
2.6277664812543065,615.0,0
2.6278757121010976,615.0,0
2.6279849429478888,615.0,0
2.62809417379468,615.0,0
2.628203404641471,615.0,0
2.628312635488262,615.0,0
2.6284218663350534,616.0,0
2.6285310971818445,616.0,0
2.6286403280286357,616.0,0
2.628749558875427,617.0,0
2.628858789722218,617.0,0
2.6289680205690087,617.0,0
2.6290772514158,617.0,0
2.629186482262591,618.0,0
2.629295713109382,617.0,0
2.6294049439561733,617.0,0
2.6295141748029645,619.0,0
2.629623405649756,618.0,0
2.629732636496547,618.0,0
2.629841867343338,618.0,0
2.629951098190129,619.0,0
2.63006032903692,618.0,0
2.6301695598837114,619.0,0
2.6302787907305025,619.0,0
2.6303880215772937,619.0,0
2.630497252424085,619.0,0
2.630606483270876,620.0,0
2.630715714117667,619.0,0
2.6308249449644583,619.0,0
2.6309341758112494,620.0,0
2.6310434066580406,620.0,0
2.6311526375048317,620.0,0
2.631261868351623,620.0,0
2.631371099198414,620.0,0
2.6314803300452048,620.0,0
2.631589560891996,620.0,0
2.631698791738787,620.0,0
2.631808022585578,620.0,0
2.6319172534323694,620.0,0
2.6320264842791605,620.0,0
2.632135715125952,620.0,0
2.6322449459727433,620.0,0
2.632354176819534,620.0,0
2.632463407666325,620.0,0
2.6325726385131163,620.0,0
2.6326818693599074,620.0,0
2.6327911002066986,620.0,0
2.6329003310534898,621.0,0
2.633009561900281,620.0,0
2.633118792747072,620.0,0
2.633228023593863,621.0,0
2.6333372544406544,620.0,0
2.6334464852874455,620.0,0
2.6335557161342367,620.0,0
2.633664946981028,621.0,0
2.633774177827819,620.0,0
2.63388340867461,620.0,0
2.633992639521401,620.0,0
2.634101870368192,620.0,0
2.634211101214983,620.0,0
2.6343203320617743,620.0,0
2.6344295629085654,620.0,0
2.6345387937553566,620.0,0
2.634648024602148,620.0,0
2.6347572554489394,620.0,0
2.63486648629573,620.0,0
2.634975717142521,620.0,0
2.6350849479893124,620.0,0
2.6351941788361035,620.0,0
2.6353034096828947,620.0,0
2.635412640529686,620.0,0
2.635521871376477,620.0,0
2.635631102223268,620.0,0
2.6357403330700593,620.0,0
2.6358495639168504,620.0,0
2.6359587947636416,620.0,0
2.6360680256104327,620.0,0
2.636177256457224,620.0,0
2.636286487304015,620.0,0
2.636395718150806,619.0,0
2.636504948997597,620.0,0
2.636614179844388,619.0,0
2.636723410691179,619.0,0
2.6368326415379704,618.0,0
2.6369418723847615,619.0,0
2.6370511032315527,617.0,0
2.6371603340783443,617.0,0
2.6372695649251354,617.0,0
2.637378795771926,617.0,0
2.6374880266187173,616.0,0
2.6375972574655084,616.0,0
2.6377064883122996,616.0,0
2.6378157191590907,616.0,0
2.637924950005882,615.0,0
2.638034180852673,615.0,0
2.638143411699464,615.0,0
2.6382526425462554,615.0,0
2.6383618733930465,615.0,0
2.6384711042398377,615.0,0
2.638580335086629,614.0,0
2.63868956593342,614.0,0
2.638798796780211,615.0,0
2.6389080276270023,614.0,0
2.6390172584737934,614.0,0
2.639126489320584,614.0,0
2.6392357201673753,614.0,0
2.6393449510141664,614.0,0
2.6394541818609576,614.0,0
2.6395634127077487,614.0,0
2.6396726435545403,614.0,0
2.6397818744013315,613.0,0
2.639891105248122,614.0,0
2.6400003360949134,614.0,0
2.6401095669417045,613.0,0
2.6402187977884957,613.0,0
2.640328028635287,614.0,0
2.640437259482078,612.0,0
2.640546490328869,612.0,0
2.6406557211756603,613.0,0
2.6407649520224514,612.0,0
2.6408741828692426,612.0,0
2.6409834137160337,613.0,0
2.641092644562825,614.0,0
2.641201875409616,612.0,0
2.641311106256407,612.0,0
2.6414203371031983,612.0,0
2.6415295679499895,612.0,0
2.64163879879678,612.0,0
2.6417480296435714,612.0,0
2.6418572604903625,612.0,0
2.6419664913371537,612.0,0
2.642075722183945,612.0,0
2.6421849530307364,612.0,0
2.6422941838775276,612.0,0
2.6424034147243183,612.0,0
2.6425126455711094,612.0,0
2.6426218764179006,612.0,0
2.6427311072646917,612.0,0
2.642840338111483,612.0,0
2.642949568958274,612.0,0
2.643058799805065,612.0,0
2.6431680306518563,612.0,0
2.6432772614986475,613.0,0
2.6433864923454387,612.0,0
2.64349572319223,612.0,0
2.643604954039021,612.0,0
2.643714184885812,613.0,0
2.6438234157326033,612.0,0
2.6439326465793944,612.0,0
2.6440418774261856,613.0,0
2.6441511082729763,612.0,0
2.6442603391197674,612.0,0
2.6443695699665586,614.0,0
2.6444788008133497,612.0,0
2.644588031660141,612.0,0
2.6446972625069325,614.0,0
2.6448064933537236,614.0,0
2.6449157242005144,613.0,0
2.6450249550473055,614.0,0
2.6451341858940967,614.0,0
2.645243416740888,614.0,0
2.645352647587679,614.0,0
2.64546187843447,615.0,0
2.6455711092812613,615.0,0
2.6456803401280524,614.0,0
2.6457895709748436,615.0,0
2.6458988018216347,615.0,0
2.646008032668426,615.0,0
2.646117263515217,615.0,0
2.646226494362008,615.0,0
2.6463357252087993,615.0,0
2.6464449560555905,615.0,0
2.6465541869023816,615.0,0
2.6466634177491724,615.0,0
2.6467726485959635,615.0,0
2.6468818794427547,615.0,0
2.646991110289546,615.0,0
2.647100341136337,615.0,0
2.6472095719831286,615.0,0
2.6473188028299197,615.0,0
2.647428033676711,615.0,0
2.6475372645235016,614.0,0
2.6476464953702927,615.0,0
2.647755726217084,615.0,0
2.647864957063875,614.0,0
2.647974187910666,614.0,0
2.6480834187574573,615.0,0
2.6481926496042485,614.0,0
2.6483018804510396,614.0,0
2.648411111297831,614.0,0
2.648520342144622,614.0,0
2.648629572991413,612.0,0
2.6487388038382043,613.0,0
2.6488480346849954,614.0,0
2.6489572655317866,612.0,0
2.6490664963785777,612.0,0
2.6491757272253684,613.0,0
2.6492849580721596,612.0,0
2.6493941889189507,612.0,0
2.649503419765742,612.0,0
2.649612650612533,612.0,0
2.6497218814593246,612.0,0
2.649831112306116,612.0,0
2.649940343152907,612.0,0
2.6500495739996976,612.0,0
2.650158804846489,612.0,0
2.65026803569328,612.0,0
2.650377266540071,612.0,0
2.6504864973868623,612.0,0
2.6505957282336534,612.0,0
2.6507049590804446,614.0,0
2.6508141899272357,612.0,0
2.650923420774027,613.0,0
2.651032651620818,614.0,0
2.651141882467609,614.0,0
2.6512511133144003,613.0,0
2.6513603441611915,614.0,0
2.6514695750079826,614.0,0
2.651578805854774,614.0,0
2.6516880367015645,614.0,0
2.6517972675483557,614.0,0
2.651906498395147,614.0,0
2.652015729241938,614.0,0
2.652124960088729,615.0,0
2.6522341909355207,615.0,0
2.652343421782312,615.0,0
2.652452652629103,615.0,0
2.6525618834758937,615.0,0
2.652671114322685,615.0,0
2.652780345169476,615.0,0
2.652889576016267,615.0,0
2.6529988068630583,615.0,0
2.6531080377098495,615.0,0
2.6532172685566406,615.0,0
2.653326499403432,615.0,0
2.653435730250223,615.0,0
2.653544961097014,615.0,0
2.6536541919438053,615.0,0
2.6537634227905964,615.0,0
2.6538726536373876,615.0,0
2.6539818844841787,615.0,0
2.65409111533097,615.0,0
2.6542003461777606,615.0,0
2.6543095770245517,615.0,0
2.654418807871343,615.0,0
2.654528038718134,615.0,0
2.654637269564925,615.0,0
2.654746500411717,616.0,0
2.654855731258508,616.0,0
2.654964962105299,615.0,0
2.65507419295209,616.0,0
2.655183423798881,617.0,0
2.655292654645672,617.0,0
2.6554018854924633,617.0,0
2.6555111163392544,618.0,0
2.6556203471860456,618.0,0
2.6557295780328367,618.0,0
2.655838808879628,619.0,0
2.655948039726419,619.0,0
2.65605727057321,619.0,0
2.6561665014200013,619.0,0
2.6562757322667925,620.0,0
2.6563849631135836,620.0,0
2.656494193960375,619.0,0
2.656603424807166,620.0,0
2.6567126556539566,620.0,0
2.656821886500748,620.0,0
2.656931117347539,620.0,0
2.65704034819433,620.0,0
2.6571495790411213,620.0,0
2.657258809887913,620.0,0
2.657368040734704,620.0,0
2.657477271581495,620.0,0
2.657586502428286,620.0,0
2.657695733275077,621.0,0
2.657804964121868,621.0,0
2.6579141949686593,622.0,0
2.6580234258154505,622.0,0
2.6581326566622416,622.0,0
2.658241887509033,622.0,0
2.658351118355824,622.0,0
2.658460349202615,622.0,0
2.6585695800494062,622.0,0
2.6586788108961974,622.0,0
2.6587880417429886,623.0,0
2.6588972725897797,622.0,0
2.659006503436571,622.0,0
2.659115734283362,622.0,0
2.6592249651301527,623.0,0
2.659334195976944,622.0,0
2.659443426823735,622.0,0
2.659552657670526,622.0,0
2.6596618885173173,622.0,0
2.659771119364109,622.0,0
2.6598803502109,622.0,0
2.6599895810576912,622.0,0
2.660098811904482,622.0,0
2.660208042751273,622.0,0
2.6603172735980642,622.0,0
2.6604265044448554,621.0,0
2.6605357352916466,621.0,0
2.6606449661384377,621.0,0
2.660754196985229,621.0,0
2.66086342783202,620.0,0
2.660972658678811,621.0,0
2.6610818895256023,621.0,0
2.6611911203723935,621.0,0
2.6613003512191846,620.0,0
2.6614095820659758,621.0,0
2.661518812912767,621.0,0
2.661628043759558,621.0,0
2.6617372746063492,621.0,0
2.66184650545314,621.0,0
2.661955736299931,621.0,0
2.6620649671467222,622.0,0
2.6621741979935134,621.0,0
2.662283428840305,621.0,0
2.662392659687096,621.0,0
2.6625018905338873,622.0,0
2.662611121380678,621.0,0
2.662720352227469,621.0,0
2.6628295830742603,622.0,0
2.6629388139210515,622.0,0
2.6630480447678426,621.0,0
2.663157275614634,622.0,0
2.663266506461425,622.0,0
2.663375737308216,622.0,0
2.6634849681550072,622.0,0
2.6635941990017984,622.0,0
2.6637034298485895,621.0,0
2.6638126606953807,621.0,0
2.663921891542172,620.0,0
2.664031122388963,621.0,0
2.664140353235754,620.0,0
2.6642495840825453,620.0,0
2.664358814929336,620.0,0
2.664468045776127,620.0,0
2.6645772766229183,620.0,0
2.6646865074697095,620.0,0
2.664795738316501,620.0,0
2.6649049691632922,620.0,0
2.6650142000100834,620.0,0
2.665123430856874,620.0,0
2.6652326617036652,619.0,0
2.6653418925504564,619.0,0
2.6654511233972475,619.0,0
2.6655603542440387,619.0,0
2.66566958509083,618.0,0
2.665778815937621,619.0,0
2.665888046784412,618.0,0
2.6659972776312033,617.0,0
2.6661065084779945,617.0,0
2.6662157393247856,618.0,0
2.6663249701715768,617.0,0
2.666434201018368,617.0,0
2.666543431865159,618.0,0
2.6666526627119502,618.0,0
2.6667618935587414,617.0,0
2.666871124405532,618.0,0
2.6669803552523232,618.0,0
2.6670895860991144,618.0,0
2.6671988169459055,618.0,0
2.667308047792697,619.0,0
2.6674172786394883,619.0,0
2.6675265094862795,619.0,0
2.66763574033307,619.0,0
2.6677449711798613,619.0,0
2.6678542020266525,619.0,0
2.6679634328734436,619.0,0
2.6680726637202348,620.0,0
2.668181894567026,619.0,0
2.668291125413817,619.0,0
2.6684003562606082,620.0,0
2.6685095871073994,619.0,0
2.6686188179541905,619.0,0
2.6687280488009817,619.0,0
2.668837279647773,620.0,0
2.668946510494564,618.0,0
2.669055741341355,618.0,0
2.6691649721881463,619.0,0
2.6692742030349375,618.0,0
2.669383433881728,617.0,0
2.6694926647285193,617.0,0
2.6696018955753105,617.0,0
2.6697111264221016,616.0,0
2.669820357268893,616.0,0
2.6699295881156844,616.0,0
2.6700388189624755,615.0,0
2.6701480498092667,615.0,0
2.6702572806560574,615.0,0
2.6703665115028485,615.0,0
2.6704757423496397,615.0,0
2.670584973196431,615.0,0
2.670694204043222,615.0,0
2.670803434890013,615.0,0
2.6709126657368043,614.0,0
2.6710218965835955,615.0,0
2.6711311274303866,614.0,0
2.6712403582771778,614.0,0
2.671349589123969,615.0,0
2.67145881997076,614.0,0
2.671568050817551,614.0,0
2.6716772816643424,614.0,0
2.6717865125111335,614.0,0
2.6718957433579242,614.0,0
2.6720049742047154,614.0,0
2.6721142050515065,615.0,0
2.6722234358982977,614.0,0
2.6723326667450893,614.0,0
2.6724418975918804,615.0,0
2.6725511284386716,615.0,0
2.6726603592854628,615.0,0
2.6727695901322535,615.0,0
2.6728788209790446,615.0,0
2.6729880518258358,615.0,0
2.673097282672627,615.0,0
2.673206513519418,615.0,0
2.6733157443662092,615.0,0
2.6734249752130004,615.0,0
2.6735342060597915,615.0,0
2.6736434369065827,616.0,0
2.673752667753374,616.0,0
2.673861898600165,616.0,0
2.673971129446956,617.0,0
2.6740803602937473,617.0,0
2.6741895911405384,617.0,0
2.6742988219873296,617.0,0
2.6744080528341203,618.0,0
2.6745172836809115,617.0,0
2.6746265145277026,618.0,0
2.6747357453744938,619.0,0
2.6748449762212854,619.0,0
2.6749542070680765,619.0,0
2.6750634379148677,620.0,0
2.675172668761659,620.0,0
2.6752818996084495,620.0,0
2.6753911304552407,620.0,0
2.675500361302032,620.0,0
2.675609592148823,620.0,0
2.675718822995614,620.0,0
2.6758280538424053,621.0,0
2.6759372846891964,621.0,0
2.6760465155359876,621.0,0
2.6761557463827788,622.0,0
2.67626497722957,622.0,0
2.676374208076361,621.0,0
2.676483438923152,622.0,0
2.6765926697699434,622.0,0
2.6767019006167345,622.0,0
2.6768111314635257,621.0,0
2.6769203623103164,622.0,0
2.6770295931571075,622.0,0
2.6771388240038987,622.0,0
2.67724805485069,622.0,0
2.6773572856974814,623.0,0
2.6774665165442726,622.0,0
2.6775757473910637,622.0,0
2.677684978237855,623.0,0
2.6777942090846456,623.0,0
2.6779034399314368,622.0,0
2.678012670778228,623.0,0
2.678121901625019,623.0,0
2.67823113247181,623.0,0
2.6783403633186014,623.0,0
2.6784495941653925,623.0,0
2.6785588250121837,623.0,0
2.678668055858975,623.0,0
2.678777286705766,623.0,0
2.678886517552557,624.0,0
2.6789957483993483,623.0,0
2.6791049792461394,624.0,0
2.6792142100929306,624.0,0
2.6793234409397217,624.0,0
2.6794326717865125,624.0,0
2.6795419026333036,624.0,0
2.6796511334800948,624.0,0
2.679760364326886,624.0,0
2.6798695951736775,624.0,0
2.6799788260204687,624.0,0
2.68008805686726,624.0,0
2.680197287714051,624.0,0
2.6803065185608417,625.0,0
2.680415749407633,625.0,0
2.680524980254424,624.0,0
2.680634211101215,625.0,0
2.6807434419480063,625.0,0
2.6808526727947974,625.0,0
2.6809619036415886,625.0,0
2.6810711344883797,625.0,0
2.681180365335171,625.0,0
2.681289596181962,624.0,0
2.681398827028753,625.0,0
2.6815080578755444,625.0,0
2.6816172887223355,624.0,0
2.6817265195691267,624.0,0
2.681835750415918,624.0,0
2.6819449812627085,624.0,0
2.6820542121094997,624.0,0
2.682163442956291,624.0,0
2.682272673803082,623.0,0
2.6823819046498736,623.0,0
2.6824911354966647,623.0,0
2.682600366343456,623.0,0
2.682709597190247,622.0,0
2.6828188280370378,622.0,0
2.682928058883829,622.0,0
2.68303728973062,622.0,0
2.683146520577411,621.0,0
2.6832557514242024,622.0,0
2.6833649822709935,621.0,0
2.6834742131177847,620.0,0
2.683583443964576,620.0,0
2.683692674811367,621.0,0
2.683801905658158,620.0,0
2.6839111365049493,621.0,0
2.6840203673517404,621.0,0
2.6841295981985316,621.0,0
2.6842388290453227,620.0,0
2.684348059892114,621.0,0
2.684457290738905,621.0,0
2.6845665215856958,620.0,0
2.684675752432487,620.0,0
2.684784983279278,621.0,0
2.6848942141260697,620.0,0
2.685003444972861,620.0,0
2.685112675819652,620.0,0
2.685221906666443,620.0,0
2.685331137513234,620.0,0
2.685440368360025,620.0,0
2.685549599206816,620.0,0
2.6856588300536073,620.0,0
2.6857680609003984,620.0,0
2.6858772917471896,620.0,0
2.6859865225939807,620.0,0
2.686095753440772,620.0,0
2.686204984287563,620.0,0
2.686314215134354,620.0,0
2.6864234459811454,620.0,0
2.6865326768279365,620.0,0
2.6866419076747277,620.0,0
2.686751138521519,620.0,0
2.68686036936831,620.0,0
2.686969600215101,621.0,0
2.687078831061892,620.0,0
2.687188061908683,620.0,0
2.687297292755474,620.0,0
2.6874065236022657,621.0,0
2.687515754449057,620.0,0
2.687624985295848,620.0,0
2.687734216142639,621.0,0
2.68784344698943,620.0,0
2.687952677836221,620.0,0
2.688061908683012,622.0,0
2.6881711395298034,620.0,0
2.6882803703765945,620.0,0
2.6883896012233857,620.0,0
2.688498832070177,621.0,0
2.688608062916968,620.0,0
2.688717293763759,620.0,0
2.6888265246105503,621.0,0
2.6889357554573414,620.0,0
2.6890449863041326,620.0,0
2.6891542171509237,622.0,0
2.689263447997715,621.0,0
2.689372678844506,620.0,0
2.689481909691297,620.0,0
2.689591140538088,622.0,0
2.689700371384879,620.0,0
2.68980960223167,620.0,0
2.689918833078462,621.0,0
2.690028063925253,621.0,0
2.690137294772044,620.0,0
2.6902465256188353,621.0,0
2.690355756465626,621.0,0
2.690464987312417,621.0,0
2.6905742181592083,620.0,0
2.6906834490059994,621.0,0
2.6907926798527906,620.0,0
2.6909019106995817,620.0,0
2.691011141546373,620.0,0
2.691120372393164,620.0,0
2.691229603239955,620.0,0
2.6913388340867463,620.0,0
2.6914480649335375,620.0,0
2.6915572957803287,620.0,0
2.69166652662712,620.0,0
2.691775757473911,620.0,0
2.691884988320702,620.0,0
2.6919942191674933,620.0,0
2.692103450014284,620.0,0
2.692212680861075,620.0,0
2.6923219117078663,620.0,0
2.692431142554658,620.0,0
2.692540373401449,620.0,0
2.69264960424824,620.0,0
2.6927588350950313,620.0,0
2.6928680659418225,620.0,0
2.692977296788613,620.0,0
2.6930865276354043,620.0,0
2.6931957584821955,620.0,0
2.6933049893289867,620.0,0
2.693414220175778,619.0,0
2.693523451022569,619.0,0
2.69363268186936,619.0,0
2.6937419127161513,618.0,0
2.6938511435629424,617.0,0
2.6939603744097336,618.0,0
2.6940696052565247,617.0,0
2.694178836103316,617.0,0
2.694288066950107,617.0,0
2.694397297796898,617.0,0
2.6945065286436893,616.0,0
2.69461575949048,616.0,0
2.694724990337271,616.0,0
2.6948342211840624,615.0,0
2.694943452030854,615.0,0
2.695052682877645,615.0,0
2.6951619137244363,615.0,0
2.6952711445712274,615.0,0
2.6953803754180186,615.0,0
2.6954896062648093,615.0,0
2.6955988371116004,615.0,0
2.6957080679583916,615.0,0
2.6958172988051827,615.0,0
2.695926529651974,615.0,0
2.696035760498765,615.0,0
2.696144991345556,615.0,0
2.6962542221923473,614.0,0
2.6963634530391385,615.0,0
2.6964726838859296,615.0,0
2.696581914732721,615.0,0
2.696691145579512,615.0,0
2.696800376426303,615.0,0
2.6969096072730943,615.0,0
2.6970188381198854,615.0,0
2.697128068966676,615.0,0
2.6972372998134673,615.0,0
2.6973465306602584,615.0,0
2.69745576150705,615.0,0
2.697564992353841,616.0,0
2.6976742232006323,616.0,0
2.6977834540474235,616.0,0
2.6978926848942146,616.0,0
2.6980019157410053,616.0,0
2.6981111465877965,616.0,0
2.6982203774345876,617.0,0
2.698329608281379,617.0,0
2.69843883912817,617.0,0
2.698548069974961,617.0,0
2.6986573008217523,617.0,0
2.6987665316685434,617.0,0
2.6988757625153346,617.0,0
2.6989849933621257,617.0,0
2.699094224208917,617.0,0
2.699203455055708,617.0,0
2.699312685902499,617.0,0
2.6994219167492903,618.0,0
2.6995311475960815,617.0,0
2.699640378442872,618.0,0
2.6997496092896633,619.0,0
2.6998588401364545,619.0,0
2.699968070983246,619.0,0
2.7000773018300372,620.0,0
2.7001865326768284,619.0,0
2.7002957635236196,620.0,0
2.7004049943704107,620.0,0
2.7005142252172014,620.0,0
2.7006234560639926,620.0,0
2.7007326869107837,620.0,0
2.700841917757575,620.0,0
2.700951148604366,621.0,0
2.701060379451157,621.0,0
2.7011696102979483,622.0,0
2.70127884114474,622.0,0
2.7013880719915306,622.0,0
2.701497302838322,623.0,0
2.701606533685113,623.0,0
2.701715764531904,623.0,0
2.7018249953786952,623.0,0
2.7019342262254864,623.0,0
2.7020434570722776,623.0,0
2.7021526879190683,623.0,0
2.7022619187658594,624.0,0
2.7023711496126506,623.0,0
2.702480380459442,623.0,0
2.7025896113062333,623.0,0
2.7026988421530245,624.0,0
2.7028080729998156,623.0,0
2.702917303846607,623.0,0
2.7030265346933975,623.0,0
2.7031357655401886,623.0,0
2.70324499638698,623.0,0
2.703354227233771,623.0,0
2.703463458080562,623.0,0
2.7035726889273533,622.0,0
2.7036819197741444,622.0,0
2.703791150620936,622.0,0
2.7039003814677267,622.0,0
2.704009612314518,622.0,0
2.704118843161309,622.0,0
2.7042280740081,621.0,0
2.7043373048548913,620.0,0
2.7044465357016825,621.0,0
2.7045557665484736,620.0,0
2.7046649973952643,620.0,0
2.7047742282420555,620.0,0
2.7048834590888466,620.0,0
2.7049926899356382,620.0,0
2.7051019207824294,620.0,0
2.7052111516292205,620.0,0
2.7053203824760117,620.0,0
2.705429613322803,619.0,0
2.7055388441695936,619.0,0
2.7056480750163847,620.0,0
2.705757305863176,619.0,0
2.705866536709967,619.0,0
2.705975767556758,620.0,0
2.7060849984035493,619.0,0
2.7061942292503405,619.0,0
2.706303460097132,619.0,0
2.706412690943923,619.0,0
2.706521921790714,619.0,0
2.706631152637505,618.0,0
2.7067403834842962,619.0,0
2.7068496143310874,619.0,0
2.7069588451778785,618.0,0
2.7070680760246697,619.0,0
2.7071773068714604,619.0,0
2.7072865377182516,618.0,0
2.7073957685650427,618.0,0
2.7075049994118343,619.0,0
2.7076142302586255,618.0,0
2.7077234611054166,617.0,0
2.7078326919522078,618.0,0
2.707941922798999,618.0,0
2.7080511536457896,617.0,0
2.708160384492581,618.0,0
2.708269615339372,618.0,0
2.708378846186163,617.0,0
2.7084880770329542,617.0,0
2.7085973078797454,619.0,0
2.7087065387265366,617.0,0
2.708815769573328,617.0,0
2.708925000420119,618.0,0
2.70903423126691,618.0,0
2.709143462113701,617.0,0
2.7092526929604923,618.0,0
2.7093619238072835,619.0,0
2.7094711546540746,618.0,0
2.7095803855008658,617.0,0
2.709689616347657,619.0,0
2.7097988471944476,619.0,0
2.709908078041239,618.0,0
2.7100173088880304,618.0,0
2.7101265397348215,619.0,0
2.7102357705816127,619.0,0
2.710345001428404,619.0,0
2.710454232275195,619.0,0
2.7105634631219857,619.0,0
2.710672693968777,619.0,0
2.710781924815568,620.0,0
2.710891155662359,620.0,0
2.7110003865091503,619.0,0
2.7111096173559415,620.0,0
2.7112188482027326,620.0,0
2.711328079049524,620.0,0
2.711437309896315,620.0,0
2.711546540743106,620.0,0
2.7116557715898972,620.0,0
2.7117650024366884,620.0,0
2.7118742332834795,620.0,0
2.7119834641302707,621.0,0
2.712092694977062,622.0,0
2.712201925823853,622.0,0
2.7123111566706437,622.0,0
2.712420387517435,622.0,0
2.7125296183642265,622.0,0
2.7126388492110176,622.0,0
2.7127480800578088,622.0,0
2.7128573109046,623.0,0
2.712966541751391,623.0,0
2.713075772598182,623.0,0
2.713185003444973,622.0,0
2.713294234291764,623.0,0
2.7134034651385552,623.0,0
2.7135126959853464,623.0,0
2.7136219268321375,622.0,0
2.7137311576789287,623.0,0
2.7138403885257203,622.0,0
2.713949619372511,622.0,0
2.714058850219302,622.0,0
2.7141680810660933,622.0,0
2.7142773119128845,622.0,0
2.7143865427596756,622.0,0
2.7144957736064668,622.0,0
2.714605004453258,622.0,0
2.714714235300049,621.0,0
2.71482346614684,622.0,0
2.714932696993631,622.0,0
2.7150419278404225,621.0,0
2.7151511586872137,621.0,0
2.715260389534005,622.0,0
2.715369620380796,621.0,0
2.715478851227587,621.0,0
2.7155880820743783,622.0,0
2.715697312921169,622.0,0
2.71580654376796,621.0,0
2.7159157746147513,622.0,0
2.7160250054615425,622.0,0
2.7161342363083336,621.0,0
2.7162434671551248,621.0,0
2.7163526980019164,622.0,0
2.716461928848707,621.0,0
2.7165711596954982,621.0,0
2.7166803905422894,621.0,0
2.7167896213890805,621.0,0
2.7168988522358717,620.0,0
2.717008083082663,620.0,0
2.717117313929454,621.0,0
2.717226544776245,621.0,0
2.717335775623036,620.0,0
2.717445006469827,620.0,0
2.7175542373166186,620.0,0
2.7176634681634098,620.0,0
2.717772699010201,620.0,0
2.717881929856992,621.0,0
2.717991160703783,620.0,0
2.7181003915505744,621.0,0
2.718209622397365,620.0,0
2.7183188532441562,621.0,0
2.7184280840909474,620.0,0
2.7185373149377385,621.0,0
2.7186465457845297,621.0,0
2.718755776631321,621.0,0
2.7188650074781124,622.0,0
2.718974238324903,622.0,0
2.7190834691716943,621.0,0
2.7191927000184855,622.0,0
2.7193019308652766,622.0,0
2.7194111617120678,622.0,0
2.719520392558859,622.0,0
2.71962962340565,623.0,0
2.719738854252441,623.0,0
2.719848085099232,623.0,0
2.719957315946023,623.0,0
2.7200665467928147,624.0,0
2.720175777639606,624.0,0
2.720285008486397,624.0,0
2.720394239333188,624.0,0
2.7205034701799793,625.0,0
2.7206127010267704,624.0,0
2.720721931873561,625.0,0
2.7208311627203523,625.0,0
2.7209403935671435,625.0,0
2.7210496244139346,625.0,0
2.7211588552607258,625.0,0
2.721268086107517,625.0,0
2.7213773169543085,625.0,0
2.721486547801099,625.0,0
2.7215957786478904,626.0,0
2.7217050094946815,625.0,0
2.7218142403414727,625.0,0
2.721923471188264,626.0,0
2.722032702035055,625.0,0
2.722141932881846,625.0,0
2.7222511637286373,626.0,0
2.722360394575428,626.0,0
2.722469625422219,625.0,0
2.7225788562690107,625.0,0
2.722688087115802,626.0,0
2.722797317962593,626.0,0
2.722906548809384,625.0,0
2.7230157796561754,626.0,0
2.7231250105029665,626.0,0
2.7232342413497572,625.0,0
2.7233434721965484,625.0,0
2.7234527030433395,626.0,0
2.7235619338901307,625.0,0
2.723671164736922,625.0,0
2.723780395583713,625.0,0
2.7238896264305046,625.0,0
2.7239988572772957,625.0,0
2.7241080881240864,625.0,0
2.7242173189708776,625.0,0
2.7243265498176688,625.0,0
2.72443578066446,625.0,0
2.724545011511251,625.0,0
2.724654242358042,624.0,0
2.7247634732048334,624.0,0
2.724872704051624,624.0,0
2.7249819348984152,624.0,0
2.725091165745207,624.0,0
2.725200396591998,624.0,0
2.725309627438789,624.0,0
2.7254188582855803,624.0,0
2.7255280891323714,624.0,0
2.7256373199791626,624.0,0
2.7257465508259533,624.0,0
2.7258557816727444,623.0,0
2.7259650125195356,623.0,0
2.7260742433663268,623.0,0
2.726183474213118,623.0,0
2.726292705059909,622.0,0
2.7264019359067007,623.0,0
2.726511166753492,623.0,0
2.7266203976002825,623.0,0
2.7267296284470737,622.0,0
2.726838859293865,623.0,0
2.726948090140656,623.0,0
2.727057320987447,623.0,0
2.7271665518342383,623.0,0
2.7272757826810294,623.0,0
2.72738501352782,623.0,0
2.7274942443746113,623.0,0
2.727603475221403,623.0,0
2.727712706068194,623.0,0
2.727821936914985,623.0,0
2.7279311677617764,623.0,0
2.7280403986085675,623.0,0
2.7281496294553587,623.0,0
2.7282588603021494,623.0,0
2.7283680911489405,623.0,0
2.7284773219957317,623.0,0
2.728586552842523,623.0,0
2.728695783689314,623.0,0
2.728805014536105,623.0,0
2.7289142453828967,622.0,0
2.729023476229688,623.0,0
2.7291327070764786,623.0,0
2.7292419379232697,623.0,0
2.729351168770061,622.0,0
2.729460399616852,623.0,0
2.729569630463643,623.0,0
2.7296788613104344,622.0,0
2.7297880921572255,622.0,0
2.729897323004016,622.0,0
2.7300065538508074,622.0,0
2.730115784697599,622.0,0
2.73022501554439,622.0,0
2.7303342463911813,622.0,0
2.7304434772379724,621.0,0
2.7305527080847636,622.0,0
2.7306619389315547,622.0,0
2.7307711697783454,622.0,0
2.7308804006251366,621.0,0
2.7309896314719277,622.0,0
2.731098862318719,621.0,0
2.73120809316551,621.0,0
2.731317324012301,621.0,0
2.731426554859093,621.0,0
2.731535785705884,621.0,0
2.7316450165526747,621.0,0
2.731754247399466,622.0,0
2.731863478246257,622.0,0
2.731972709093048,621.0,0
2.7320819399398393,622.0,0
2.7321911707866304,622.0,0
2.7323004016334216,622.0,0
2.7324096324802127,622.0,0
2.7325188633270034,622.0,0
2.732628094173795,622.0,0
2.732737325020586,622.0,0
2.7328465558673773,622.0,0
2.7329557867141685,622.0,0
2.7330650175609597,622.0,0
2.733174248407751,622.0,0
2.7332834792545415,622.0,0
2.7333927101013327,622.0,0
2.733501940948124,622.0,0
2.733611171794915,622.0,0
2.733720402641706,622.0,0
2.7338296334884973,622.0,0
2.733938864335289,622.0,0
2.73404809518208,622.0,0
2.7341573260288707,622.0,0
2.734266556875662,622.0,0
2.734375787722453,622.0,0
2.734485018569244,622.0,0
2.7345942494160353,622.0,0
2.7347034802628265,622.0,0
2.7348127111096177,622.0,0
2.734921941956409,622.0,0
2.7350311728031995,622.0,0
2.735140403649991,622.0,0
2.7352496344967823,622.0,0
2.7353588653435734,622.0,0
2.7354680961903646,622.0,0
2.7355773270371557,622.0,0
2.735686557883947,622.0,0
2.7357957887307376,622.0,0
2.7359050195775287,622.0,0
2.73601425042432,621.0,0
2.736123481271111,622.0,0
2.736232712117902,622.0,0
2.7363419429646934,621.0,0
2.736451173811485,621.0,0
2.736560404658276,621.0,0
2.736669635505067,621.0,0
2.736778866351858,620.0,0
2.736888097198649,621.0,0
2.7369973280454403,621.0,0
2.7371065588922314,620.0,0
2.7372157897390226,620.0,0
2.7373250205858137,620.0,0
2.737434251432605,620.0,0
2.7375434822793956,620.0,0
2.737652713126187,620.0,0
2.7377619439729783,620.0,0
2.7378711748197695,620.0,0
2.7379804056665606,620.0,0
2.738089636513352,620.0,0
2.738198867360143,619.0,0
2.7383080982069337,619.0,0
2.738417329053725,620.0,0
2.738526559900516,619.0,0
2.738635790747307,618.0,0
2.7387450215940983,618.0,0
2.7388542524408894,618.0,0
2.738963483287681,617.0,0
2.739072714134472,617.0,0
2.739181944981263,617.0,0
2.739291175828054,617.0,0
2.739400406674845,616.0,0
2.7395096375216363,617.0,0
2.7396188683684275,616.0,0
2.7397280992152186,616.0,0
2.73983733006201,616.0,0
2.739946560908801,617.0,0
2.7400557917555917,616.0,0
2.7401650226023833,616.0,0
2.7402742534491744,616.0,0
2.7403834842959656,616.0,0
2.7404927151427567,616.0,0
2.740601945989548,617.0,0
2.740711176836339,617.0,0
2.74082040768313,617.0,0
2.740929638529921,617.0,0
2.741038869376712,618.0,0
2.741148100223503,617.0,0
2.7412573310702943,617.0,0
2.7413665619170855,619.0,0
2.741475792763877,619.0,0
2.7415850236106682,619.0,0
2.741694254457459,619.0,0
2.74180348530425,620.0,0
2.7419127161510413,620.0,0
2.7420219469978324,620.0,0
2.7421311778446236,620.0,0
2.7422404086914147,620.0,0
2.742349639538206,620.0,0
2.742458870384997,620.0,0
2.7425681012317877,620.0,0
2.7426773320785793,620.0,0
2.7427865629253705,620.0,0
2.7428957937721616,620.0,0
2.743005024618953,620.0,0
2.743114255465744,620.0,0
2.743223486312535,620.0,0
2.7433327171593263,620.0,0
2.743441948006117,620.0,0
2.743551178852908,620.0,0
2.7436604096996993,620.0,0
2.7437696405464904,620.0,0
2.7438788713932816,620.0,0
2.743988102240073,620.0,0
2.7440973330868643,620.0,0
2.744206563933655,620.0,0
2.744315794780446,620.0,0
2.7444250256272373,620.0,0
2.7445342564740285,620.0,0
2.7446434873208196,619.0,0
2.744752718167611,619.0,0
2.744861949014402,619.0,0
2.744971179861193,619.0,0
2.745080410707984,618.0,0
2.7451896415547754,619.0,0
2.7452988724015666,618.0,0
2.7454081032483577,617.0,0
2.745517334095149,617.0,0
2.74562656494194,617.0,0
2.745735795788731,617.0,0
2.7458450266355223,617.0,0
2.745954257482313,617.0,0
2.746063488329104,616.0,0
2.7461727191758953,616.0,0
2.7462819500226865,616.0,0
2.7463911808694776,616.0,0
2.7465004117162692,615.0,0
2.7466096425630604,615.0,0
2.7467188734098515,615.0,0
2.7468281042566423,615.0,0
2.7469373351034334,615.0,0
2.7470465659502246,615.0,0
2.7471557967970157,615.0,0
2.747265027643807,615.0,0
2.747374258490598,615.0,0
2.747483489337389,615.0,0
2.74759272018418,615.0,0
2.7477019510309715,615.0,0
2.7478111818777626,616.0,0
2.747920412724554,615.0,0
2.748029643571345,615.0,0
2.748138874418136,615.0,0
2.7482481052649272,616.0,0
2.7483573361117184,615.0,0
2.748466566958509,616.0,0
2.7485757978053003,616.0,0
2.7486850286520914,616.0,0
2.7487942594988826,615.0,0
2.7489034903456737,616.0,0
2.7490127211924653,616.0,0
2.7491219520392565,615.0,0
2.7492311828860476,615.0,0
2.7493404137328383,616.0,0
2.7494496445796295,615.0,0
2.7495588754264206,615.0,0
2.749668106273212,615.0,0
2.749777337120003,615.0,0
2.749886567966794,615.0,0
2.7499957988135852,615.0,0
2.750105029660376,615.0,0
2.7502142605071676,615.0,0
2.7503234913539587,615.0,0
2.75043272220075,616.0,0
2.750541953047541,615.0,0
2.750651183894332,615.0,0
2.7507604147411233,616.0,0
2.7508696455879145,616.0,0
2.750978876434705,616.0,0
2.7510881072814963,617.0,0
2.7511973381282875,617.0,0
2.7513065689750786,616.0,0
2.75141579982187,616.0,0
2.7515250306686614,617.0,0
2.7516342615154525,617.0,0
2.7517434923622437,617.0,0
2.7518527232090344,617.0,0
2.7519619540558256,617.0,0
2.7520711849026167,617.0,0
2.752180415749408,617.0,0
2.752289646596199,618.0,0
2.75239887744299,617.0,0
2.7525081082897813,617.0,0
2.752617339136572,618.0,0
2.7527265699833636,617.0,0
2.7528358008301548,617.0,0
2.752945031676946,617.0,0
2.753054262523737,618.0,0
2.7531634933705282,617.0,0
2.7532727242173194,617.0,0
2.7533819550641105,617.0,0
2.7534911859109013,617.0,0
2.7536004167576924,616.0,0
2.7537096476044836,617.0,0
2.7538188784512747,616.0,0
2.753928109298066,616.0,0
2.7540373401448575,616.0,0
2.7541465709916486,616.0,0
2.7542558018384398,615.0,0
2.7543650326852305,615.0,0
2.7544742635320216,615.0,0
2.754583494378813,615.0,0
2.754692725225604,615.0,0
2.754801956072395,615.0,0
2.7549111869191862,615.0,0
2.7550204177659774,615.0,0
2.7551296486127685,615.0,0
2.7552388794595597,615.0,0
2.755348110306351,615.0,0
2.755457341153142,615.0,0
2.755566571999933,615.0,0
2.7556758028467243,615.0,0
2.7557850336935155,615.0,0
2.7558942645403066,615.0,0
2.7560034953870973,615.0,0
2.7561127262338885,615.0,0
2.7562219570806796,615.0,0
2.756331187927471,615.0,0
2.756440418774262,615.0,0
2.7565496496210535,615.0,0
2.7566588804678447,615.0,0
2.756768111314636,615.0,0
2.7568773421614265,614.0,0
2.7569865730082177,614.0,0
2.757095803855009,614.0,0
2.7572050347018,614.0,0
2.757314265548591,614.0,0
2.7574234963953823,614.0,0
2.7575327272421735,614.0,0
2.7576419580889646,614.0,0
2.7577511889357558,614.0,0
2.757860419782547,614.0,0
2.757969650629338,614.0,0
2.7580788814761292,614.0,0
2.7581881123229204,614.0,0
2.7582973431697115,614.0,0
2.7584065740165027,614.0,0
2.7585158048632934,614.0,0
2.7586250357100845,614.0,0
2.7587342665568757,614.0,0
2.758843497403667,614.0,0
2.758952728250458,615.0,0
2.7590619590972496,614.0,0
2.7591711899440408,614.0,0
2.759280420790832,615.0,0
2.7593896516376226,615.0,0
2.7594988824844138,615.0,0
2.759608113331205,615.0,0
2.759717344177996,615.0,0
2.7598265750247872,615.0,0
2.7599358058715784,615.0,0
2.7600450367183695,615.0,0
2.7601542675651607,615.0,0
2.760263498411952,615.0,0
2.760372729258743,615.0,0
2.760481960105534,615.0,0
2.7605911909523253,615.0,0
2.7607004217991165,615.0,0
2.7608096526459076,615.0,0
2.7609188834926988,615.0,0
2.7610281143394895,615.0,0
2.7611373451862806,615.0,0
2.7612465760330718,615.0,0
2.761355806879863,615.0,0
2.761465037726654,615.0,0
2.7615742685734457,615.0,0
2.761683499420237,615.0,0
2.761792730267028,615.0,0
2.7619019611138187,615.0,0
2.76201119196061,615.0,0
2.762120422807401,615.0,0
2.762229653654192,615.0,0
2.7623388845009833,615.0,0
2.7624481153477745,615.0,0
2.7625573461945656,615.0,0
2.7626665770413568,615.0,0
2.762775807888148,615.0,0
2.762885038734939,615.0,0
2.7629942695817302,615.0,0
2.7631035004285214,615.0,0
2.7632127312753125,615.0,0
2.7633219621221037,615.0,0
2.763431192968895,615.0,0
2.763540423815686,615.0,0
2.7636496546624767,615.0,0
2.763758885509268,615.0,0
2.763868116356059,615.0,0
2.76397734720285,615.0,0
2.7640865780496418,615.0,0
2.764195808896433,615.0,0
2.764305039743224,615.0,0
2.7644142705900148,615.0,0
2.764523501436806,615.0,0
2.764632732283597,615.0,0
2.7647419631303882,614.0,0
2.7648511939771794,615.0,0
2.7649604248239705,615.0,0
2.7650696556707617,614.0,0
2.765178886517553,614.0,0
2.765288117364344,615.0,0
2.765397348211135,615.0,0
2.7655065790579263,614.0,0
2.7656158099047174,615.0,0
2.7657250407515086,615.0,0
2.7658342715982998,614.0,0
2.765943502445091,615.0,0
2.766052733291882,615.0,0
2.7661619641386728,615.0,0
2.766271194985464,615.0,0
2.766380425832255,615.0,0
2.7664896566790462,615.0,0
2.766598887525838,615.0,0
2.766708118372629,615.0,0
2.76681734921942,615.0,0
2.766926580066211,615.0,0
2.767035810913002,615.0,0
2.767145041759793,615.0,0
2.7672542726065843,615.0,0
2.7673635034533755,615.0,0
2.7674727343001666,616.0,0
2.7675819651469578,616.0,0
2.767691195993749,616.0,0
2.76780042684054,616.0,0
2.767909657687331,617.0,0
2.7680188885341224,616.0,0
2.7681281193809135,616.0,0
2.7682373502277047,616.0,0
2.768346581074496,617.0,0
2.768455811921287,616.0,0
2.768565042768078,616.0,0
2.768674273614869,617.0,0
2.76878350446166,616.0,0
2.768892735308451,616.0,0
2.7690019661552423,617.0,0
2.769111197002034,616.0,0
2.769220427848825,616.0,0
2.769329658695616,616.0,0
2.769438889542407,617.0,0
2.769548120389198,616.0,0
2.769657351235989,616.0,0
2.7697665820827804,616.0,0
2.7698758129295715,616.0,0
2.7699850437763627,616.0,0
2.770094274623154,616.0,0
2.770203505469945,616.0,0
2.770312736316736,615.0,0
2.7704219671635273,615.0,0
2.7705311980103184,616.0,0
2.7706404288571096,615.0,0
2.7707496597039007,615.0,0
2.770858890550692,616.0,0
2.770968121397483,616.0,0
2.771077352244274,615.0,0
2.771186583091065,616.0,0
2.771295813937856,616.0,0
2.771405044784647,616.0,0
2.7715142756314384,615.0,0
2.77162350647823,616.0,0
2.771732737325021,616.0,0
2.7718419681718123,615.0,0
2.7719511990186034,615.0,0
2.772060429865394,615.0,0
2.7721696607121853,615.0,0
2.7722788915589764,615.0,0
2.7723881224057676,615.0,0
2.7724973532525587,615.0,0
2.77260658409935,614.0,0
2.772715814946141,615.0,0
2.772825045792932,614.0,0
2.7729342766397234,614.0,0
2.7730435074865145,614.0,0
2.7731527383333057,614.0,0
2.773261969180097,612.0,0
2.773371200026888,612.0,0
2.773480430873679,613.0,0
2.7735896617204703,612.0,0
2.773698892567261,611.0,0
2.773808123414052,612.0,0
2.7739173542608433,612.0,0
2.7740265851076344,611.0,0
2.774135815954426,611.0,0
2.774245046801217,611.0,0
2.7743542776480083,611.0,0
2.7744635084947995,611.0,0
2.77457273934159,611.0,0
2.7746819701883814,611.0,0
2.7747912010351725,611.0,0
2.7749004318819637,611.0,0
2.775009662728755,611.0,0
2.775118893575546,611.0,0
2.775228124422337,611.0,0
2.7753373552691283,611.0,0
2.7754465861159194,611.0,0
2.7755558169627106,610.0,0
2.7756650478095017,610.0,0
2.775774278656293,611.0,0
2.775883509503084,609.0,0
2.775992740349875,609.0,0
2.7761019711966664,610.0,0
2.776211202043457,609.0,0
2.776320432890248,609.0,0
2.7764296637370394,609.0,0
2.7765388945838305,609.0,0
2.776648125430622,609.0,0
2.7767573562774133,608.0,0
2.7768665871242044,609.0,0
2.7769758179709956,609.0,0
2.7770850488177863,608.0,0
2.7771942796645774,608.0,0
2.7773035105113686,609.0,0
2.7774127413581597,608.0,0
2.777521972204951,608.0,0
2.777631203051742,609.0,0
2.777740433898533,609.0,0
2.7778496647453244,608.0,0
2.7779588955921155,609.0,0
2.7780681264389067,609.0,0
2.778177357285698,609.0,0
2.778286588132489,609.0,0
2.77839581897928,609.0,0
2.7785050498260713,609.0,0
2.7786142806728624,609.0,0
2.778723511519653,610.0,0
2.7788327423664443,610.0,0
2.7789419732132354,610.0,0
2.7790512040600266,611.0,0
2.779160434906818,611.0,0
2.7792696657536093,611.0,0
2.7793788966004005,611.0,0
2.7794881274471916,612.0,0
2.7795973582939824,611.0,0
2.7797065891407735,612.0,0
2.7798158199875647,612.0,0
2.779925050834356,613.0,0
2.780034281681147,613.0,0
2.780143512527938,614.0,0
2.7802527433747293,614.0,0
2.7803619742215204,614.0,0
2.7804712050683116,614.0,0
2.7805804359151027,615.0,0
2.780689666761894,615.0,0
2.780798897608685,614.0,0
2.780908128455476,615.0,0
2.7810173593022673,615.0,0
2.7811265901490585,615.0,0
2.781235820995849,615.0,0
2.7813450518426404,615.0,0
2.7814542826894315,615.0,0
2.7815635135362227,615.0,0
2.7816727443830143,615.0,0
2.7817819752298054,615.0,0
2.7818912060765966,615.0,0
2.7820004369233877,615.0,0
2.7821096677701784,615.0,0
2.7822188986169696,615.0,0
2.7823281294637607,615.0,0
2.782437360310552,615.0,0
2.782546591157343,615.0,0
2.782655822004134,614.0,0
2.7827650528509253,615.0,0
2.7828742836977165,615.0,0
2.7829835145445077,615.0,0
2.783092745391299,614.0,0
2.78320197623809,615.0,0
2.783311207084881,614.0,0
2.7834204379316723,614.0,0
2.7835296687784634,614.0,0
2.7836388996252546,615.0,0
2.7837481304720453,614.0,0
2.7838573613188364,614.0,0
2.7839665921656276,614.0,0
2.7840758230124187,613.0,0
2.7841850538592103,612.0,0
2.7842942847060015,614.0,0
2.7844035155527926,612.0,0
2.784512746399584,612.0,0
2.7846219772463745,612.0,0
2.7847312080931657,612.0,0
2.784840438939957,612.0,0
2.784949669786748,611.0,0
2.785058900633539,612.0,0
2.7851681314803303,612.0,0
2.7852773623271214,611.0,0
2.7853865931739126,612.0,0
2.7854958240207037,612.0,0
2.785605054867495,611.0,0
2.785714285714286,611.0,0
2.785823516561077,612.0,0
2.7859327474078683,611.0,0
2.7860419782546595,611.0,0
2.7861512091014506,611.0,0
2.786260439948242,612.0,0
2.7863696707950325,611.0,0
2.7864789016418237,612.0,0
2.786588132488615,612.0,0
2.7866973633354064,611.0,0
2.7868065941821976,611.0,0
2.7869158250289887,612.0,0
2.78702505587578,612.0,0
2.7871342867225706,612.0,0
2.7872435175693617,612.0,0
2.787352748416153,613.0,0
2.787461979262944,612.0,0
2.787571210109735,613.0,0
2.7876804409565263,614.0,0
2.7877896718033175,613.0,0
2.7878989026501086,614.0,0
2.7880081334969,614.0,0
2.788117364343691,614.0,0
2.788226595190482,614.0,0
2.7883358260372733,614.0,0
2.7884450568840644,615.0,0
2.7885542877308556,615.0,0
2.7886635185776467,615.0,0
2.788772749424438,615.0,0
2.7888819802712286,615.0,0
2.7889912111180197,615.0,0
2.789100441964811,615.0,0
2.7892096728116025,615.0,0
2.7893189036583936,615.0,0
2.789428134505185,615.0,0
2.789537365351976,616.0,0
2.7896465961987666,615.0,0
2.789755827045558,615.0,0
2.789865057892349,616.0,0
2.78997428873914,616.0,0
2.7900835195859313,615.0,0
2.7901927504327224,616.0,0
2.7903019812795136,616.0,0
2.7904112121263047,615.0,0
2.790520442973096,615.0,0
2.790629673819887,615.0,0
2.790738904666678,615.0,0
2.7908481355134693,615.0,0
2.7909573663602605,615.0,0
2.7910665972070516,615.0,0
2.791175828053843,614.0,0
2.791285058900634,614.0,0
2.7913942897474247,614.0,0
2.791503520594216,614.0,0
2.791612751441007,612.0,0
2.7917219822877986,612.0,0
2.7918312131345897,612.0,0
2.791940443981381,612.0,0
2.792049674828172,611.0,0
2.7921589056749627,611.0,0
2.792268136521754,611.0,0
2.792377367368545,611.0,0
2.792486598215336,611.0,0
2.7925958290621273,611.0,0
2.7927050599089185,611.0,0
2.7928142907557096,611.0,0
2.792923521602501,611.0,0
2.793032752449292,611.0,0
2.793141983296083,610.0,0
2.7932512141428743,611.0,0
2.7933604449896654,611.0,0
2.7934696758364566,610.0,0
2.7935789066832477,610.0,0
2.793688137530039,611.0,0
2.79379736837683,611.0,0
2.7939065992236207,610.0,0
2.794015830070412,611.0,0
2.794125060917203,611.0,0
2.7942342917639946,610.0,0
2.794343522610786,611.0,0
2.794452753457577,611.0,0
2.794561984304368,610.0,0
2.7946712151511592,610.0,0
2.79478044599795,611.0,0
2.794889676844741,611.0,0
2.7949989076915323,610.0,0
2.7951081385383234,610.0,0
2.7952173693851146,610.0,0
2.7953266002319057,610.0,0
2.795435831078697,609.0,0
2.795545061925488,610.0,0
2.795654292772279,609.0,0
2.7957635236190703,609.0,0
2.7958727544658615,609.0,0
2.7959819853126526,609.0,0
2.796091216159444,609.0,0
2.796200447006235,609.0,0
2.796309677853026,609.0,0
2.796418908699817,609.0,0
2.796528139546608,608.0,0
2.796637370393399,609.0,0
2.7967466012401907,609.0,0
2.796855832086982,608.0,0
2.796965062933773,608.0,0
2.797074293780564,608.0,0
2.7971835246273553,608.0,0
2.797292755474146,608.0,0
2.797401986320937,608.0,0
2.7975112171677283,608.0,0
2.7976204480145195,608.0,0
2.7977296788613106,608.0,0
2.797838909708102,608.0,0
2.797948140554893,608.0,0
2.798057371401684,608.0,0
2.7981666022484752,608.0,0
2.7982758330952664,608.0,0
2.7983850639420575,608.0,0
2.7984942947888487,608.0,0
2.79860352563564,608.0,0
2.798712756482431,608.0,0
2.798821987329222,608.0,0
2.798931218176013,609.0,0
2.799040449022804,608.0,0
2.799149679869595,608.0,0
2.7992589107163868,609.0,0
2.799368141563178,609.0,0
2.799477372409969,609.0,0
2.7995866032567602,609.0,0
2.7996958341035514,609.0,0
2.799805064950342,609.0,0
2.7999142957971332,609.0,0
2.8000235266439244,610.0,0
2.8001327574907156,609.0,0
2.8002419883375067,609.0,0
2.800351219184298,610.0,0
2.800460450031089,610.0,0
2.80056968087788,609.0,0
2.8006789117246713,610.0,0
2.8007881425714625,610.0,0
2.8008973734182536,610.0,0
2.8010066042650448,609.0,0
2.801115835111836,610.0,0
2.801225065958627,610.0,0
2.8013342968054182,609.0,0
2.801443527652209,610.0,0
2.801552758499,610.0,0
2.8016619893457912,609.0,0
2.801771220192583,610.0,0
2.801880451039374,610.0,0
2.801989681886165,610.0,0
2.8020989127329563,609.0,0
2.8022081435797475,610.0,0
2.802317374426538,610.0,0
2.8024266052733293,609.0,0
2.8025358361201205,609.0,0
2.8026450669669116,610.0,0
2.8027542978137028,609.0,0
2.802863528660494,609.0,0
2.802972759507285,609.0,0
2.8030819903540762,609.0,0
2.8031912212008674,608.0,0
2.8033004520476585,609.0,0
2.8034096828944497,609.0,0
2.803518913741241,609.0,0
2.803628144588032,608.0,0
2.803737375434823,609.0,0
2.8038466062816143,609.0,0
2.803955837128405,608.0,0
2.804065067975196,608.0,0
2.8041742988219873,609.0,0
2.804283529668779,608.0,0
2.80439276051557,608.0,0
2.8045019913623612,608.0,0
2.8046112222091524,608.0,0
2.8047204530559435,608.0,0
2.8048296839027342,608.0,0
2.8049389147495254,608.0,0
2.8050481455963165,608.0,0
2.8051573764431077,608.0,0
2.805266607289899,608.0,0
2.80537583813669,608.0,0
2.805485068983481,608.0,0
2.8055942998302723,608.0,0
2.8057035306770635,608.0,0
2.8058127615238546,607.0,0
2.8059219923706458,608.0,0
2.806031223217437,608.0,0
2.806140454064228,607.0,0
2.8062496849110192,607.0,0
2.8063589157578104,608.0,0
2.806468146604601,607.0,0
2.8065773774513922,607.0,0
2.8066866082981834,607.0,0
2.806795839144975,607.0,0
2.806905069991766,607.0,0
2.8070143008385573,607.0,0
2.8071235316853484,607.0,0
2.8072327625321396,607.0,0
2.8073419933789303,606.0,0
2.8074512242257215,607.0,0
2.8075604550725126,607.0,0
2.8076696859193038,606.0,0
2.807778916766095,606.0,0
2.807888147612886,607.0,0
2.8079973784596772,606.0,0
2.8081066093064684,606.0,0
2.8082158401532595,606.0,0
2.8083250710000507,607.0,0
2.808434301846842,606.0,0
2.808543532693633,606.0,0
2.808652763540424,606.0,0
2.8087619943872153,606.0,0
2.8088712252340065,606.0,0
2.8089804560807976,607.0,0
2.8090896869275883,607.0,0
2.8091989177743795,607.0,0
2.809308148621171,607.0,0
2.809417379467962,607.0,0
2.8095266103147534,607.0,0
2.8096358411615445,607.0,0
2.8097450720083357,607.0,0
2.8098543028551264,608.0,0
2.8099635337019175,607.0,0
2.8100727645487087,608.0,0
2.8101819953955,607.0,0
2.810291226242291,608.0,0
2.810400457089082,607.0,0
2.8105096879358733,608.0,0
2.8106189187826645,607.0,0
2.8107281496294556,607.0,0
2.8108373804762468,607.0,0
2.810946611323038,607.0,0
2.811055842169829,607.0,0
2.81116507301662,606.0,0
2.8112743038634114,606.0,0
2.8113835347102025,606.0,0
2.8114927655569937,606.0,0
2.8116019964037844,606.0,0
2.8117112272505755,606.0,0
2.811820458097367,605.0,0
2.8119296889441583,605.0,0
2.8120389197909494,606.0,0
2.8121481506377406,605.0,0
2.8122573814845317,605.0,0
2.8123666123313225,605.0,0
2.8124758431781136,606.0,0
2.8125850740249048,605.0,0
2.812694304871696,605.0,0
2.812803535718487,606.0,0
2.812912766565278,605.0,0
2.8130219974120694,605.0,0
2.8131312282588605,606.0,0
2.8132404591056517,605.0,0
2.813349689952443,605.0,0
2.813458920799234,605.0,0
2.813568151646025,606.0,0
2.8136773824928163,604.0,0
2.8137866133396074,605.0,0
2.8138958441863986,605.0,0
2.8140050750331898,605.0,0
2.8141143058799805,604.0,0
2.8142235367267716,605.0,0
2.814332767573563,605.0,0
2.8144419984203544,605.0,0
2.8145512292671455,604.0,0
2.8146604601139367,605.0,0
2.814769690960728,604.0,0
2.8148789218075185,604.0,0
2.8149881526543097,605.0,0
2.815097383501101,606.0,0
2.815206614347892,604.0,0
2.815315845194683,605.0,0
2.8154250760414743,606.0,0
2.8155343068882654,606.0,0
2.8156435377350566,605.0,0
2.8157527685818478,606.0,0
2.815861999428639,606.0,0
2.81597123027543,606.0,0
2.816080461122221,606.0,0
2.8161896919690124,606.0,0
2.8162989228158035,606.0,0
2.8164081536625947,606.0,0
2.816517384509386,606.0,0
2.8166266153561765,607.0,0
2.8167358462029677,606.0,0
2.8168450770497593,607.0,0
2.8169543078965504,607.0,0
2.8170635387433416,607.0,0
2.8171727695901327,607.0,0
2.817282000436924,607.0,0
2.817391231283715,607.0,0
2.8175004621305058,607.0,0
2.817609692977297,607.0,0
2.817718923824088,608.0,0
2.817828154670879,607.0,0
2.8179373855176704,607.0,0
2.8180466163644615,607.0,0
2.8181558472112527,608.0,0
2.818265078058044,607.0,0
2.818374308904835,608.0,0
2.818483539751626,608.0,0
2.8185927705984173,608.0,0
2.8187020014452084,607.0,0
2.8188112322919996,608.0,0
2.8189204631387907,608.0,0
2.819029693985582,608.0,0
2.8191389248323726,608.0,0
2.8192481556791638,608.0,0
2.8193573865259554,608.0,0
2.8194666173727465,608.0,0
2.8195758482195377,608.0,0
2.819685079066329,608.0,0
2.81979430991312,608.0,0
2.819903540759911,608.0,0
2.820012771606702,608.0,0
2.820122002453493,608.0,0
2.820231233300284,608.0,0
2.8203404641470753,609.0,0
2.8204496949938664,608.0,0
2.8205589258406576,608.0,0
2.8206681566874487,608.0,0
2.82077738753424,609.0,0
2.820886618381031,608.0,0
2.820995849227822,609.0,0
2.8211050800746134,609.0,0
2.8212143109214045,609.0,0
2.8213235417681957,608.0,0
2.821432772614987,609.0,0
2.821542003461778,609.0,0
2.8216512343085687,609.0,0
2.82176046515536,609.0,0
2.8218696960021514,609.0,0
2.8219789268489426,608.0,0
2.8220881576957337,608.0,0
2.822197388542525,608.0,0
2.822306619389316,608.0,0
2.822415850236107,608.0,0
2.822525081082898,608.0,0
2.822634311929689,608.0,0
2.82274354277648,607.0,0
2.8228527736232714,607.0,0
2.8229620044700625,608.0,0
2.8230712353168537,607.0,0
2.823180466163645,607.0,0
2.823289697010436,607.0,0
2.823398927857227,608.0,0
2.8235081587040183,606.0,0
2.8236173895508094,606.0,0
2.8237266203976006,607.0,0
2.8238358512443917,607.0,0
2.823945082091183,606.0,0
2.824054312937974,606.0,0
2.8241635437847648,607.0,0
2.824272774631556,606.0,0
2.8243820054783475,606.0,0
2.8244912363251387,607.0,0
2.82460046717193,606.0,0
2.824709698018721,606.0,0
2.824818928865512,606.0,0
2.8249281597123033,607.0,0
2.825037390559094,606.0,0
2.825146621405885,606.0,0
2.8252558522526763,607.0,0
2.8253650830994674,606.0,0
2.8254743139462586,606.0,0
2.8255835447930497,607.0,0
2.825692775639841,607.0,0
2.825802006486632,606.0,0
2.825911237333423,607.0,0
2.8260204681802144,607.0,0
2.8261296990270055,606.0,0
2.8262389298737967,607.0,0
2.826348160720588,607.0,0
2.826457391567379,607.0,0
2.82656662241417,606.0,0
2.826675853260961,607.0,0
2.826785084107752,607.0,0
2.8268943149545436,606.0,0
2.8270035458013347,606.0,0
2.827112776648126,607.0,0
2.827222007494917,606.0,0
2.827331238341708,606.0,0
2.8274404691884993,606.0,0
2.82754970003529,606.0,0
2.827658930882081,606.0,0
2.8277681617288724,606.0,0
2.8278773925756635,606.0,0
2.8279866234224547,605.0,0
2.828095854269246,606.0,0
2.828205085116037,606.0,0
2.828314315962828,605.0,0
2.8284235468096193,605.0,0
2.8285327776564104,605.0,0
2.8286420085032016,605.0,0
2.8287512393499927,604.0,0
2.828860470196784,605.0,0
2.828969701043575,605.0,0
2.829078931890366,604.0,0
2.829188162737157,604.0,0
2.829297393583948,606.0,0
2.8294066244307396,604.0,0
2.829515855277531,604.0,0
2.829625086124322,605.0,0
2.829734316971113,605.0,0
2.8298435478179043,604.0,0
2.8299527786646954,605.0,0
2.830062009511486,606.0,0
2.8301712403582773,605.0,0
2.8302804712050684,604.0,0
2.8303897020518596,606.0,0
2.8304989328986507,605.0,0
2.830608163745442,605.0,0
2.830717394592233,606.0,0
2.830826625439024,606.0,0
2.8309358562858153,605.0,0
2.8310450871326065,606.0,0
2.8311543179793976,606.0,0
2.831263548826189,606.0,0
2.83137277967298,605.0,0
2.831482010519771,606.0,0
2.8315912413665623,606.0,0
2.8317004722133534,606.0,0
2.831809703060144,606.0,0
2.8319189339069357,606.0,0
2.832028164753727,606.0,0
2.832137395600518,606.0,0
2.832246626447309,606.0,0
2.8323558572941003,606.0,0
2.8324650881408915,606.0,0
2.832574318987682,606.0,0
2.8326835498344733,606.0,0
2.8327927806812645,606.0,0
2.8329020115280557,606.0,0
2.833011242374847,607.0,0
2.833120473221638,606.0,0
2.833229704068429,606.0,0
2.8333389349152203,606.0,0
2.8334481657620114,607.0,0
2.8335573966088026,606.0,0
2.8336666274555937,606.0,0
2.833775858302385,607.0,0
2.833885089149176,606.0,0
2.833994319995967,606.0,0
2.8341035508427583,607.0,0
2.8342127816895495,607.0,0
2.83432201253634,606.0,0
2.834431243383132,607.0,0
2.834540474229923,607.0,0
2.834649705076714,606.0,0
2.8347589359235053,607.0,0
2.8348681667702964,607.0,0
2.8349773976170876,607.0,0
2.8350866284638783,607.0,0
2.8351958593106694,607.0,0
2.8353050901574606,607.0,0
2.8354143210042517,607.0,0
2.835523551851043,607.0,0
2.835632782697834,608.0,0
2.835742013544625,607.0,0
2.8358512443914163,607.0,0
2.8359604752382075,608.0,0
2.8360697060849986,608.0,0
2.83617893693179,607.0,0
2.836288167778581,608.0,0
2.836397398625372,608.0,0
2.8365066294721633,608.0,0
2.8366158603189544,608.0,0
2.8367250911657456,608.0,0
2.8368343220125363,608.0,0
2.836943552859328,608.0,0
2.837052783706119,608.0,0
2.83716201455291,608.0,0
2.8372712453997013,608.0,0
2.8373804762464925,609.0,0
2.8374897070932836,609.0,0
2.8375989379400743,609.0,0
2.8377081687868655,609.0,0
2.8378173996336566,610.0,0
2.837926630480448,609.0,0
2.838035861327239,609.0,0
2.83814509217403,609.0,0
2.8382543230208213,609.0,0
2.8383635538676124,609.0,0
2.8384727847144036,609.0,0
2.8385820155611947,610.0,0
2.838691246407986,609.0,0
2.838800477254777,609.0,0
2.838909708101568,610.0,0
2.8390189389483593,609.0,0
2.8391281697951505,609.0,0
2.8392374006419416,609.0,0
2.8393466314887323,609.0,0
2.839455862335524,609.0,0
2.839565093182315,609.0,0
2.8396743240291062,609.0,0
2.8397835548758974,609.0,0
2.8398927857226886,608.0,0
2.8400020165694797,609.0,0
2.840111247416271,609.0,0
2.8402204782630616,608.0,0
2.8403297091098527,608.0,0
2.840438939956644,609.0,0
2.840548170803435,608.0,0
2.840657401650226,608.0,0
2.8407666324970173,608.0,0
2.8408758633438085,608.0,0
2.8409850941905996,608.0,0
2.841094325037391,608.0,0
2.841203555884182,608.0,0
2.841312786730973,607.0,0
2.8414220175777642,607.0,0
2.8415312484245554,608.0,0
2.8416404792713466,607.0,0
2.8417497101181377,606.0,0
2.8418589409649284,607.0,0
2.84196817181172,607.0,0
2.842077402658511,606.0,0
2.8421866335053023,606.0,0
2.8422958643520935,606.0,0
2.8424050951988846,606.0,0
2.8425143260456758,606.0,0
2.842623556892467,606.0,0
2.8427327877392576,606.0,0
2.842842018586049,606.0,0
2.84295124943284,606.0,0
2.843060480279631,606.0,0
2.8431697111264222,606.0,0
2.8432789419732134,606.0,0
2.8433881728200046,606.0,0
2.8434974036667957,606.0,0
2.843606634513587,605.0,0
2.843715865360378,606.0,0
2.843825096207169,606.0,0
2.8439343270539603,605.0,0
2.8440435579007515,606.0,0
2.8441527887475426,606.0,0
2.844262019594334,606.0,0
2.8443712504411245,606.0,0
2.844480481287916,606.0,0
2.8445897121347072,606.0,0
2.8446989429814984,606.0,0
2.8448081738282895,606.0,0
2.8449174046750807,606.0,0
2.845026635521872,606.0,0
2.845135866368663,606.0,0
2.8452450972154537,606.0,0
2.845354328062245,606.0,0
2.845463558909036,606.0,0
2.845572789755827,606.0,0
2.8456820206026183,606.0,0
2.8457912514494095,606.0,0
2.8459004822962006,606.0,0
2.846009713142992,606.0,0
2.846118943989783,606.0,0
2.846228174836574,605.0,0
2.8463374056833652,606.0,0
2.8464466365301564,605.0,0
2.8465558673769475,605.0,0
2.8466650982237387,604.0,0
2.84677432907053,605.0,0
2.8468835599173206,604.0,0
2.846992790764112,604.0,0
2.8471020216109033,604.0,0
2.8472112524576945,604.0,0
2.8473204833044856,604.0,0
2.8474297141512768,604.0,0
2.847538944998068,604.0,0
2.847648175844859,604.0,0
2.84775740669165,604.0,0
2.847866637538441,604.0,0
2.847975868385232,604.0,0
2.8480850992320232,604.0,0
2.8481943300788144,604.0,0
2.8483035609256055,604.0,0
2.8484127917723967,604.0,0
2.8485220226191883,604.0,0
2.848631253465979,604.0,0
2.84874048431277,603.0,0
2.8488497151595613,603.0,0
2.8489589460063525,603.0,0
2.8490681768531436,603.0,0
2.8491774076999348,603.0,0
2.849286638546726,603.0,0
2.8493958693935166,603.0,0
2.8495051002403082,603.0,0
2.8496143310870994,603.0,0
2.8497235619338905,603.0,0
2.8498327927806817,603.0,0
2.849942023627473,603.0,0
2.850051254474264,603.0,0
2.850160485321055,603.0,0
2.850269716167846,603.0,0
2.850378947014637,603.0,0
2.850488177861428,604.0,0
2.8505974087082193,604.0,0
2.8507066395550105,603.0,0
2.8508158704018016,604.0,0
2.8509251012485928,604.0,0
2.8510343320953844,604.0,0
2.851143562942175,604.0,0
2.8512527937889662,604.0,0
2.8513620246357574,604.0,0
2.8514712554825485,604.0,0
2.8515804863293397,604.0,0
2.851689717176131,604.0,0
2.851798948022922,604.0,0
2.8519081788697127,604.0,0
2.8520174097165043,604.0,0
2.8521266405632955,604.0,0
2.8522358714100866,604.0,0
2.8523451022568778,604.0,0
2.852454333103669,604.0,0
2.85256356395046,604.0,0
2.852672794797251,604.0,0
2.852782025644042,604.0,0
2.852891256490833,604.0,0
2.8530004873376242,604.0,0
2.8531097181844154,604.0,0
2.8532189490312065,604.0,0
2.8533281798779977,604.0,0
2.853437410724789,604.0,0
2.8535466415715804,604.0,0
2.853655872418371,603.0,0
2.8537651032651623,603.0,0
2.8538743341119535,604.0,0
2.8539835649587446,603.0,0
2.8540927958055358,603.0,0
2.854202026652327,603.0,0
2.854311257499118,603.0,0
2.854420488345909,603.0,0
2.8545297191927004,603.0,0
2.8546389500394915,603.0,0
2.8547481808862827,603.0,0
2.854857411733074,603.0,0
2.854966642579865,603.0,0
2.855075873426656,604.0,0
2.8551851042734473,603.0,0
2.855294335120238,604.0,0
2.855403565967029,604.0,0
2.8555127968138203,604.0,0
2.8556220276606115,603.0,0
2.8557312585074026,604.0,0
2.8558404893541938,604.0,0
2.855949720200985,604.0,0
2.8560589510477765,604.0,0
2.8561681818945672,604.0,0
2.8562774127413584,604.0,0
2.8563866435881495,604.0,0
2.8564958744349407,604.0,0
2.856605105281732,604.0,0
2.856714336128523,604.0,0
2.856823566975314,604.0,0
2.8569327978221053,604.0,0
2.8570420286688964,604.0,0
2.8571512595156876,603.0,0
2.8572604903624788,604.0,0
2.85736972120927,603.0,0
2.857478952056061,603.0,0
2.857588182902852,604.0,0
2.8576974137496434,604.0,0
2.857806644596434,603.0,0
2.8579158754432252,604.0,0
2.8580251062900164,603.0,0
2.8581343371368075,603.0,0
2.8582435679835987,603.0,0
2.85835279883039,604.0,0
2.858462029677181,603.0,0
2.8585712605239726,603.0,0
2.8586804913707633,603.0,0
2.8587897222175545,604.0,0
2.8588989530643456,603.0,0
2.8590081839111368,603.0,0
2.859117414757928,604.0,0
2.859226645604719,603.0,0
2.85933587645151,602.0,0
2.8594451072983014,603.0,0
2.8595543381450925,602.0,0
2.8596635689918837,601.0,0
2.859772799838675,601.0,0
2.859882030685466,601.0,0
2.859991261532257,601.0,0
2.8601004923790483,600.0,0
2.8602097232258394,600.0,0
2.86031895407263,600.0,0
2.8604281849194213,600.0,0
2.8605374157662125,600.0,0
2.8606466466130036,600.0,0
2.8607558774597948,600.0,0
2.860865108306586,600.0,0
2.860974339153377,600.0,0
2.8610835700001687,599.0,0
2.8611928008469594,598.0,0
2.8613020316937505,598.0,0
2.8614112625405417,598.0,0
2.861520493387333,598.0,0
2.861629724234124,598.0,0
2.861738955080915,598.0,0
2.8618481859277063,598.0,0
2.8619574167744974,598.0,0
2.8620666476212886,598.0,0
2.8621758784680797,598.0,0
2.862285109314871,598.0,0
2.862394340161662,597.0,0
2.862503571008453,598.0,0
2.8626128018552444,598.0,0
2.8627220327020355,597.0,0
2.8628312635488267,598.0,0
2.8629404943956174,598.0,0
2.8630497252424085,597.0,0
2.8631589560891997,597.0,0
2.863268186935991,598.0,0
2.863377417782782,597.0,0
2.863486648629573,597.0,0
2.8635958794763647,598.0,0
2.8637051103231554,598.0,0
2.8638143411699466,597.0,0
2.8639235720167378,598.0,0
2.864032802863529,598.0,0
2.86414203371032,598.0,0
2.864251264557111,598.0,0
2.8643604954039024,598.0,0
2.8644697262506935,598.0,0
2.8645789570974847,598.0,0
2.864688187944276,598.0,0
2.864797418791067,598.0,0
2.864906649637858,598.0,0
2.8650158804846493,598.0,0
2.8651251113314404,599.0,0
2.8652343421782316,598.0,0
2.8653435730250227,598.0,0
2.8654528038718134,599.0,0
2.8655620347186046,599.0,0
2.8656712655653958,598.0,0
2.865780496412187,599.0,0
2.865889727258978,600.0,0
2.865998958105769,600.0,0
2.866108188952561,600.0,0
2.8662174197993515,600.0,0
2.8663266506461427,600.0,0
2.866435881492934,600.0,0
2.866545112339725,600.0,0
2.866654343186516,600.0,0
2.8667635740333073,600.0,0
2.8668728048800984,600.0,0
2.8669820357268896,600.0,0
2.8670912665736807,600.0,0
2.867200497420472,600.0,0
2.867309728267263,601.0,0
2.867418959114054,601.0,0
2.8675281899608454,600.0,0
2.8676374208076365,600.0,0
2.8677466516544277,601.0,0
2.867855882501219,601.0,0
2.8679651133480095,600.0,0
2.8680743441948007,601.0,0
2.868183575041592,601.0,0
2.868292805888383,601.0,0
2.868402036735174,601.0,0
2.8685112675819653,601.0,0
2.868620498428757,601.0,0
2.8687297292755476,601.0,0
2.8688389601223387,602.0,0
2.86894819096913,601.0,0
2.869057421815921,601.0,0
2.869166652662712,601.0,0
2.8692758835095034,602.0,0
2.8693851143562945,601.0,0
2.8694943452030857,602.0,0
2.869603576049877,602.0,0
2.869712806896668,602.0,0
2.869822037743459,601.0,0
2.8699312685902503,603.0,0
2.8700404994370414,603.0,0
2.8701497302838326,603.0,0
2.8702589611306237,603.0,0
2.870368191977415,604.0,0
2.8704774228242056,603.0,0
2.8705866536709967,603.0,0
2.870695884517788,604.0,0
2.870805115364579,604.0,0
2.87091434621137,604.0,0
2.8710235770581614,604.0,0
2.871132807904953,604.0,0
2.871242038751744,604.0,0
2.871351269598535,604.0,0
2.871460500445326,604.0,0
2.871569731292117,604.0,0
2.8716789621389083,604.0,0
2.8717881929856994,604.0,0
2.8718974238324906,604.0,0
2.8720066546792817,604.0,0
2.872115885526073,604.0,0
2.872225116372864,604.0,0
2.872334347219655,604.0,0
2.8724435780664463,604.0,0
2.8725528089132375,604.0,0
2.8726620397600287,604.0,0
2.87277127060682,604.0,0
2.872880501453611,604.0,0
2.8729897323004017,604.0,0
2.873098963147193,603.0,0
2.873208193993984,603.0,0
2.873317424840775,604.0,0
2.8734266556875663,604.0,0
2.8735358865343574,603.0,0
2.873645117381149,603.0,0
2.87375434822794,604.0,0
2.873863579074731,603.0,0
2.873972809921522,603.0,0
2.874082040768313,604.0,0
2.8741912716151043,604.0,0
2.8743005024618955,603.0,0
2.8744097333086867,604.0,0
2.874518964155478,604.0,0
2.874628195002269,604.0,0
2.87473742584906,604.0,0
2.8748466566958513,604.0,0
2.8749558875426424,604.0,0
2.8750651183894336,604.0,0
2.8751743492362247,604.0,0
2.875283580083016,604.0,0
2.875392810929807,604.0,0
2.8755020417765977,604.0,0
2.875611272623389,605.0,0
2.87572050347018,604.0,0
2.875829734316971,604.0,0
2.8759389651637624,605.0,0
2.8760481960105535,605.0,0
2.876157426857345,604.0,0
2.8762666577041363,605.0,0
2.876375888550927,606.0,0
2.876485119397718,605.0,0
2.8765943502445093,605.0,0
2.8767035810913004,606.0,0
2.8768128119380916,606.0,0
2.8769220427848827,605.0,0
2.877031273631674,606.0,0
2.877140504478465,606.0,0
2.877249735325256,605.0,0
2.8773589661720473,606.0,0
2.8774681970188385,606.0,0
2.8775774278656296,606.0,0
2.877686658712421,606.0,0
2.877795889559212,606.0,0
2.877905120406003,606.0,0
2.878014351252794,606.0,0
2.878123582099585,606.0,0
2.878232812946376,606.0,0
2.8783420437931673,606.0,0
2.8784512746399584,606.0,0
2.8785605054867496,606.0,0
2.878669736333541,606.0,0
2.8787789671803323,606.0,0
2.878888198027123,606.0,0
2.878997428873914,606.0,0
2.8791066597207053,606.0,0
2.8792158905674965,606.0,0
2.8793251214142876,607.0,0
2.879434352261079,606.0,0
2.87954358310787,606.0,0
2.879652813954661,606.0,0
2.8797620448014523,607.0,0
2.8798712756482434,606.0,0
2.8799805064950346,607.0,0
2.8800897373418257,607.0,0
2.880198968188617,607.0,0
2.880308199035408,606.0,0
2.880417429882199,607.0,0
2.88052666072899,607.0,0
2.880635891575781,607.0,0
2.880745122422572,607.0,0
2.8808543532693633,607.0,0
2.8809635841161545,607.0,0
2.8810728149629456,607.0,0
2.8811820458097372,607.0,0
2.8812912766565284,608.0,0
2.881400507503319,607.0,0
2.8815097383501103,608.0,0
2.8816189691969014,607.0,0
2.8817282000436926,608.0,0
2.8818374308904837,607.0,0
2.881946661737275,608.0,0
2.882055892584066,607.0,0
2.882165123430857,607.0,0
2.8822743542776483,607.0,0
2.8823835851244395,607.0,0
2.8824928159712306,606.0,0
2.882602046818022,607.0,0
2.882711277664813,607.0,0
2.882820508511604,606.0,0
2.8829297393583952,606.0,0
2.883038970205186,606.0,0
2.883148201051977,606.0,0
2.8832574318987683,606.0,0
2.8833666627455594,605.0,0
2.8834758935923506,605.0,0
2.8835851244391417,604.0,0
2.8836943552859333,604.0,0
2.8838035861327245,604.0,0
2.883912816979515,604.0,0
2.8840220478263063,604.0,0
2.8841312786730975,604.0,0
2.8842405095198886,604.0,0
2.88434974036668,604.0,0
2.884458971213471,603.0,0
2.884568202060262,604.0,0
2.8846774329070533,603.0,0
2.8847866637538444,603.0,0
2.8848958946006356,603.0,0
2.8850051254474267,603.0,0
2.885114356294218,602.0,0
2.885223587141009,601.0,0
2.8853328179878,602.0,0
2.8854420488345913,602.0,0
2.885551279681382,601.0,0
2.885660510528173,601.0,0
2.8857697413749643,601.0,0
2.8858789722217555,601.0,0
2.8859882030685466,601.0,0
2.886097433915338,601.0,0
2.8862066647621294,600.0,0
2.8863158956089205,600.0,0
2.8864251264557113,600.0,0
2.8865343573025024,600.0,0
2.8866435881492936,600.0,0
2.8867528189960847,600.0,0
2.886862049842876,600.0,0
2.886971280689667,600.0,0
2.887080511536458,600.0,0
2.8871897423832493,600.0,0
2.8872989732300405,600.0,0
2.8874082040768316,600.0,0
2.887517434923623,600.0,0
2.887626665770414,600.0,0
2.887735896617205,600.0,0
2.8878451274639962,600.0,0
2.8879543583107874,600.0,0
2.8880635891575785,601.0,0
2.8881728200043693,600.0,0
2.8882820508511604,601.0,0
2.8883912816979516,601.0,0
2.8885005125447427,601.0,0
2.888609743391534,601.0,0
2.8887189742383255,601.0,0
2.8888282050851166,601.0,0
2.8889374359319073,602.0,0
2.8890466667786985,602.0,0
2.8891558976254896,602.0,0
2.889265128472281,602.0,0
2.889374359319072,602.0,0
2.889483590165863,603.0,0
2.8895928210126542,603.0,0
2.8897020518594454,602.0,0
2.8898112827062366,603.0,0
2.8899205135530277,603.0,0
2.890029744399819,603.0,0
2.89013897524661,602.0,0
2.890248206093401,603.0,0
2.8903574369401923,602.0,0
2.8904666677869835,602.0,0
2.8905758986337746,603.0,0
2.8906851294805653,603.0,0
2.8907943603273565,602.0,0
2.8909035911741476,603.0,0
2.891012822020939,603.0,0
2.89112205286773,603.0,0
2.8912312837145215,602.0,0
2.8913405145613127,603.0,0
2.8914497454081034,603.0,0
2.8915589762548946,602.0,0
2.8916682071016857,602.0,0
2.891777437948477,603.0,0
2.891886668795268,602.0,0
2.891995899642059,601.0,0
2.8921051304888503,602.0,0
2.8922143613356415,602.0,0
2.8923235921824326,601.0,0
2.8924328230292238,601.0,0
2.892542053876015,602.0,0
2.892651284722806,601.0,0
2.8927605155695972,601.0,0
2.8928697464163884,601.0,0
2.8929789772631795,601.0,0
2.8930882081099707,601.0,0
2.8931974389567614,601.0,0
2.8933066698035526,601.0,0
2.8934159006503437,600.0,0
2.893525131497135,601.0,0
2.893634362343926,600.0,0
2.8937435931907176,600.0,0
2.8938528240375088,600.0,0
2.8939620548843,600.0,0
2.8940712857310906,600.0,0
2.894180516577882,600.0,0
2.894289747424673,600.0,0
2.894398978271464,600.0,0
2.8945082091182552,600.0,0
2.8946174399650464,600.0,0
2.8947266708118375,600.0,0
2.8948359016586287,600.0,0
2.89494513250542,600.0,0
2.895054363352211,600.0,0
2.895163594199002,600.0,0
2.8952728250457933,600.0,0
2.8953820558925845,600.0,0
2.8954912867393756,600.0,0
2.8956005175861668,599.0,0
2.8957097484329575,599.0,0
2.8958189792797486,599.0,0
2.89592821012654,599.0,0
2.896037440973331,598.0,0
2.896146671820122,598.0,0
2.8962559026669137,598.0,0
2.896365133513705,598.0,0
2.896474364360496,598.0,0
2.8965835952072867,598.0,0
2.896692826054078,598.0,0
2.896802056900869,598.0,0
2.89691128774766,598.0,0
2.8970205185944513,598.0,0
2.8971297494412425,597.0,0
2.8972389802880336,597.0,0
2.8973482111348248,598.0,0
2.897457441981616,597.0,0
2.897566672828407,597.0,0
2.8976759036751982,598.0,0
2.8977851345219894,597.0,0
2.8978943653687805,597.0,0
2.8980035962155717,597.0,0
2.898112827062363,598.0,0
2.8982220579091535,597.0,0
2.8983312887559447,598.0,0
2.898440519602736,598.0,0
2.898549750449527,598.0,0
2.898658981296318,598.0,0
2.8987682121431098,598.0,0
2.898877442989901,599.0,0
2.898986673836692,598.0,0
2.8990959046834828,599.0,0
2.899205135530274,600.0,0
2.899314366377065,600.0,0
2.8994235972238562,600.0,0
2.8995328280706474,600.0,0
2.8996420589174385,600.0,0
2.8997512897642297,600.0,0
2.899860520611021,600.0,0
2.899969751457812,600.0,0
2.900078982304603,600.0,0
2.9001882131513943,600.0,0
2.9002974439981855,600.0,0
2.9004066748449766,600.0,0
2.9005159056917678,599.0,0
2.900625136538559,599.0,0
2.9007343673853496,599.0,0
2.9008435982321408,598.0,0
2.900952829078932,598.0,0
2.901062059925723,598.0,0
2.9011712907725142,598.0,0
2.901280521619306,598.0,0
2.901389752466097,598.0,0
2.901498983312888,598.0,0
2.901608214159679,598.0,0
2.90171744500647,598.0,0
2.901826675853261,598.0,0
2.9019359067000523,598.0,0
2.9020451375468435,598.0,0
2.9021543683936346,598.0,0
2.9022635992404258,598.0,0
2.902372830087217,597.0,0
2.902482060934008,598.0,0
2.902591291780799,596.0,0
2.9027005226275904,597.0,0
2.9028097534743815,597.0,0
2.9029189843211727,597.0,0
2.903028215167964,597.0,0
2.903137446014755,598.0,0
2.9032466768615457,597.0,0
2.903355907708337,598.0,0
2.903465138555128,597.0,0
2.903574369401919,598.0,0
2.9036836002487103,598.0,0
2.903792831095502,598.0,0
2.903902061942293,598.0,0
2.904011292789084,598.0,0
2.904120523635875,598.0,0
2.904229754482666,598.0,0
2.9043389853294572,598.0,0
2.9044482161762484,598.0,0
2.9045574470230395,598.0,0
2.9046666778698307,598.0,0
2.904775908716622,598.0,0
2.904885139563413,598.0,0
2.904994370410204,598.0,0
2.9051036012569953,598.0,0
2.9052128321037864,598.0,0
2.9053220629505776,598.0,0
2.9054312937973688,598.0,0
2.90554052464416,598.0,0
2.905649755490951,598.0,0
2.9057589863377418,598.0,0
2.905868217184533,598.0,0
2.905977448031324,598.0,0
2.9060866788781152,598.0,0
2.9061959097249064,598.0,0
2.906305140571698,598.0,0
2.906414371418489,598.0,0
2.9065236022652803,598.0,0
2.906632833112071,598.0,0
2.906742063958862,598.0,0
2.9068512948056533,598.0,0
2.9069605256524444,598.0,0
2.9070697564992356,597.0,0
2.9071789873460268,598.0,0
2.907288218192818,598.0,0
2.907397449039609,597.0,0
2.9075066798864,597.0,0
2.9076159107331914,598.0,0
2.9077251415799825,597.0,0
2.9078343724267737,596.0,0
2.907943603273565,598.0,0
2.908052834120356,597.0,0
2.908162064967147,596.0,0
2.908271295813938,596.0,0
2.908380526660729,598.0,0
2.90848975750752,597.0,0
2.9085989883543113,597.0,0
2.9087082192011025,598.0,0
2.908817450047894,598.0,0
2.908926680894685,597.0,0
2.9090359117414764,598.0,0
2.909145142588267,598.0,0
2.909254373435058,598.0,0
2.9093636042818494,598.0,0
2.9094728351286405,598.0,0
2.9095820659754317,598.0,0
2.909691296822223,598.0,0
2.909800527669014,599.0,0
2.909909758515805,600.0,0
2.9100189893625963,599.0,0
2.9101282202093874,599.0,0
2.9102374510561786,600.0,0
2.9103466819029697,600.0,0
2.910455912749761,599.0,0
2.910565143596552,600.0,0
2.910674374443343,600.0,0
2.9107836052901344,599.0,0
2.910892836136925,599.0,0
2.911002066983716,600.0,0
2.9111112978305074,599.0,0
2.9112205286772985,598.0,0
2.91132975952409,598.0,0
2.9114389903708813,598.0,0
2.9115482212176724,597.0,0
2.911657452064463,598.0,0
2.9117666829112543,598.0,0
2.9118759137580454,596.0,0
2.9119851446048366,596.0,0
2.9120943754516277,597.0,0
2.912203606298419,596.0,0
2.91231283714521,596.0,0
2.912422067992001,596.0,0
2.9125312988387924,596.0,0
2.9126405296855835,595.0,0
2.9127497605323747,595.0,0
2.912858991379166,596.0,0
2.912968222225957,595.0,0
2.913077453072748,595.0,0
2.9131866839195393,595.0,0
2.9132959147663304,595.0,0
2.913405145613121,595.0,0
2.9135143764599123,595.0,0
2.9136236073067034,595.0,0
2.9137328381534946,595.0,0
2.913842069000286,595.0,0
2.9139512998470773,595.0,0
2.9140605306938685,595.0,0
2.914169761540659,595.0,0
2.9142789923874504,595.0,0
2.9143882232342415,595.0,0
2.9144974540810327,595.0,0
2.914606684927824,595.0,0
2.914715915774615,596.0,0
2.914825146621406,595.0,0
2.9149343774681973,595.0,0
2.9150436083149884,595.0,0
2.9151528391617796,595.0,0
2.9152620700085707,595.0,0
2.915371300855362,595.0,0
2.915480531702153,595.0,0
2.915589762548944,595.0,0
2.9156989933957354,595.0,0
2.9158082242425265,595.0,0
2.915917455089317,595.0,0
2.9160266859361084,595.0,0
2.9161359167828995,595.0,0
2.9162451476296907,595.0,0
2.9163543784764823,595.0,0
2.9164636093232734,595.0,0
2.9165728401700646,595.0,0
2.9166820710168553,595.0,0
2.9167913018636464,595.0,0
2.9169005327104376,595.0,0
2.9170097635572287,595.0,0
2.91711899440402,595.0,0
2.917228225250811,595.0,0
2.917337456097602,595.0,0
2.9174466869443934,595.0,0
2.9175559177911845,595.0,0
2.9176651486379757,595.0,0
2.917774379484767,595.0,0
2.917883610331558,595.0,0
2.917992841178349,595.0,0
2.9181020720251403,596.0,0
2.9182113028719314,595.0,0
2.9183205337187226,595.0,0
2.9184297645655133,596.0,0
2.9185389954123044,596.0,0
2.9186482262590956,595.0,0
2.9187574571058867,596.0,0
2.9188666879526783,596.0,0
2.9189759187994695,596.0,0
2.9190851496462606,596.0,0
2.919194380493052,596.0,0
2.9193036113398425,596.0,0
2.9194128421866337,596.0,0
2.919522073033425,598.0,0
2.919631303880216,598.0,0
2.919740534727007,597.0,0
2.9198497655737983,598.0,0
2.9199589964205894,598.0,0
2.9200682272673806,598.0,0
2.9201774581141717,598.0,0
2.920286688960963,598.0,0
2.920395919807754,598.0,0
2.920505150654545,598.0,0
2.9206143815013363,598.0,0
2.9207236123481275,598.0,0
2.9208328431949186,598.0,0
2.9209420740417094,598.0,0
2.9210513048885005,598.0,0
2.9211605357352917,598.0,0
2.921269766582083,598.0,0
2.9213789974288744,598.0,0
2.9214882282756656,598.0,0
2.9215974591224567,598.0,0
2.921706689969248,598.0,0
2.9218159208160386,598.0,0
2.9219251516628297,598.0,0
2.922034382509621,596.0,0
2.922143613356412,596.0,0
2.922252844203203,597.0,0
2.9223620750499943,596.0,0
2.9224713058967855,596.0,0
2.9225805367435767,596.0,0
2.922689767590368,596.0,0
2.922798998437159,595.0,0
2.92290822928395,595.0,0
2.9230174601307413,596.0,0
2.9231266909775324,595.0,0
2.9232359218243236,595.0,0
2.9233451526711147,596.0,0
2.9234543835179054,595.0,0
2.9235636143646966,595.0,0
2.9236728452114877,595.0,0
2.923782076058279,596.0,0
2.9238913069050705,595.0,0
2.9240005377518616,595.0,0
2.924109768598653,596.0,0
2.924218999445444,595.0,0
2.9243282302922347,595.0,0
2.924437461139026,595.0,0
2.924546691985817,596.0,0
2.924655922832608,595.0,0
2.9247651536793993,595.0,0
2.9248743845261904,596.0,0
2.9249836153729816,596.0,0
2.9250928462197727,595.0,0
2.925202077066564,596.0,0
2.925311307913355,596.0,0
2.925420538760146,596.0,0
2.9255297696069373,596.0,0
2.9256390004537285,597.0,0
2.9257482313005196,597.0,0
2.925857462147311,597.0,0
2.9259666929941015,598.0,0
2.9260759238408927,598.0,0
2.926185154687684,598.0,0
2.926294385534475,598.0,0
2.9264036163812666,598.0,0
2.9265128472280577,598.0,0
2.926622078074849,598.0,0
2.92673130892164,598.0,0
2.9268405397684307,598.0,0
2.926949770615222,598.0,0
2.927059001462013,598.0,0
2.927168232308804,598.0,0
2.9272774631555953,598.0,0
2.9273866940023865,598.0,0
2.9274959248491776,598.0,0
2.927605155695969,598.0,0
2.92771438654276,598.0,0
2.927823617389551,598.0,0
2.9279328482363423,598.0,0
2.9280420790831334,598.0,0
2.9281513099299246,598.0,0
2.9282605407767157,598.0,0
2.928369771623507,598.0,0
2.9284790024702976,598.0,0
2.9285882333170887,598.0,0
2.92869746416388,598.0,0
2.928806695010671,598.0,0
2.9289159258574626,598.0,0
2.929025156704254,598.0,0
2.929134387551045,598.0,0
2.929243618397836,598.0,0
2.929352849244627,598.0,0
2.929462080091418,598.0,0
2.929571310938209,598.0,0
2.9296805417850003,598.0,0
2.9297897726317914,598.0,0
2.9298990034785826,598.0,0
2.9300082343253737,597.0,0
2.930117465172165,596.0,0
2.930226696018956,598.0,0
2.930335926865747,596.0,0
2.9304451577125383,596.0,0
2.9305543885593295,596.0,0
2.9306636194061206,596.0,0
2.930772850252912,596.0,0
2.930882081099703,596.0,0
2.9309913119464936,596.0,0
2.931100542793285,596.0,0
2.931209773640076,595.0,0
2.931319004486867,596.0,0
2.9314282353336587,596.0,0
2.93153746618045,595.0,0
2.931646697027241,595.0,0
2.931755927874032,595.0,0
2.931865158720823,595.0,0
2.931974389567614,595.0,0
2.932083620414405,595.0,0
2.9321928512611963,595.0,0
2.9323020821079875,595.0,0
2.9324113129547786,595.0,0
2.93252054380157,595.0,0
2.932629774648361,595.0,0
2.932739005495152,595.0,0
2.9328482363419432,595.0,0
2.9329574671887344,595.0,0
2.9330666980355256,595.0,0
2.9331759288823167,595.0,0
2.933285159729108,595.0,0
2.933394390575899,595.0,0
2.93350362142269,595.0,0
2.933612852269481,595.0,0
2.933722083116272,595.0,0
2.933831313963063,595.0,0
2.9339405448098548,595.0,0
2.934049775656646,595.0,0
2.934159006503437,595.0,0
2.9342682373502282,595.0,0
2.934377468197019,595.0,0
2.93448669904381,595.0,0
2.9345959298906013,595.0,0
2.9347051607373924,595.0,0
2.9348143915841836,595.0,0
2.9349236224309747,595.0,0
2.935032853277766,595.0,0
2.935142084124557,595.0,0
2.935251314971348,595.0,0
2.9353605458181393,595.0,0
2.9354697766649305,595.0,0
2.9355790075117216,595.0,0
2.935688238358513,595.0,0
2.935797469205304,595.0,0
2.935906700052095,595.0,0
2.9360159308988862,595.0,0
2.936125161745677,595.0,0
2.936234392592468,595.0,0
2.9363436234392593,595.0,0
2.936452854286051,595.0,0
2.936562085132842,595.0,0
2.936671315979633,595.0,0
2.9367805468264243,595.0,0
2.936889777673215,595.0,0
2.936999008520006,595.0,0
2.9371082393667973,595.0,0
2.9372174702135885,595.0,0
2.9373267010603796,595.0,0
2.937435931907171,595.0,0
2.937545162753962,595.0,0
2.937654393600753,595.0,0
2.9377636244475442,595.0,0
2.9378728552943354,595.0,0
2.9379820861411265,595.0,0
2.9380913169879177,595.0,0
2.938200547834709,594.0,0
2.9383097786815,595.0,0
2.938419009528291,595.0,0
2.9385282403750823,595.0,0
2.938637471221873,594.0,0
2.938746702068664,595.0,0
2.9388559329154553,594.0,0
2.938965163762247,594.0,0
2.939074394609038,594.0,0
2.9391836254558292,594.0,0
2.9392928563026204,593.0,0
2.939402087149411,593.0,0
2.9395113179962022,593.0,0
2.9396205488429934,594.0,0
2.9397297796897846,593.0,0
2.9398390105365757,593.0,0
2.939948241383367,593.0,0
2.940057472230158,593.0,0
2.940166703076949,593.0,0
2.9402759339237403,593.0,0
2.9403851647705315,593.0,0
2.9404943956173226,593.0,0
2.9406036264641138,593.0,0
2.940712857310905,593.0,0
2.940822088157696,593.0,0
2.9409313190044872,593.0,0
2.9410405498512784,593.0,0
2.941149780698069,593.0,0
2.9412590115448602,593.0,0
2.9413682423916514,593.0,0
2.941477473238443,593.0,0
2.941586704085234,593.0,0
2.9416959349320253,593.0,0
2.9418051657788165,594.0,0
2.9419143966256076,593.0,0
2.9420236274723983,594.0,0
2.9421328583191895,594.0,0
2.9422420891659806,595.0,0
2.9423513200127718,594.0,0
2.942460550859563,595.0,0
2.942569781706354,595.0,0
2.9426790125531452,595.0,0
2.9427882433999364,595.0,0
2.9428974742467275,595.0,0
2.9430067050935187,596.0,0
2.94311593594031,596.0,0
2.943225166787101,596.0,0
2.943334397633892,597.0,0
2.9434436284806833,597.0,0
2.9435528593274745,597.0,0
2.943662090174265,598.0,0
2.9437713210210563,598.0,0
2.9438805518678475,598.0,0
2.943989782714639,598.0,0
2.9440990135614302,598.0,0
2.9442082444082214,598.0,0
2.9443174752550125,598.0,0
2.9444267061018037,599.0,0
2.9445359369485944,599.0,0
2.9446451677953855,598.0,0
2.9447543986421767,598.0,0
2.944863629488968,599.0,0
2.944972860335759,598.0,0
2.94508209118255,598.0,0
2.9451913220293413,599.0,0
2.9453005528761325,599.0,0
2.9454097837229236,598.0,0
2.9455190145697148,598.0,0
2.945628245416506,598.0,0
2.945737476263297,598.0,0
2.9458467071100882,598.0,0
2.9459559379568794,598.0,0
2.9460651688036705,598.0,0
2.9461743996504612,597.0,0
2.9462836304972524,597.0,0
2.9463928613440435,598.0,0
2.946502092190835,596.0,0
2.9466113230376263,596.0,0
2.9467205538844174,596.0,0
2.9468297847312086,596.0,0
2.9469390155779998,595.0,0
2.9470482464247905,596.0,0
2.9471574772715816,596.0,0
2.9472667081183728,595.0,0
2.947375938965164,595.0,0
2.947485169811955,595.0,0
2.9475944006587462,595.0,0
2.9477036315055374,595.0,0
2.9478128623523285,595.0,0
2.9479220931991197,595.0,0
2.948031324045911,595.0,0
2.948140554892702,595.0,0
2.948249785739493,595.0,0
2.9483590165862843,595.0,0
2.9484682474330755,594.0,0
2.9485774782798666,594.0,0
2.9486867091266573,594.0,0
2.9487959399734485,593.0,0
2.9489051708202396,593.0,0
2.949014401667031,593.0,0
2.9491236325138224,592.0,0
2.9492328633606135,592.0,0
2.9493420942074047,592.0,0
2.949451325054196,592.0,0
2.9495605559009865,591.0,0
2.9496697867477777,591.0,0
2.949779017594569,591.0,0
2.94988824844136,591.0,0
2.949997479288151,590.0,0
2.9501067101349423,591.0,0
2.9502159409817335,590.0,0
2.950325171828525,589.0,0
2.9504344026753158,589.0,0
2.950543633522107,590.0,0
2.950652864368898,588.0,0
2.950762095215689,588.0,0
2.9508713260624804,588.0,0
2.9509805569092715,588.0,0
2.9510897877560627,588.0,0
2.9511990186028534,588.0,0
2.9513082494496445,588.0,0
2.9514174802964357,587.0,0
2.9515267111432273,588.0,0
2.9516359419900184,588.0,0
2.9517451728368096,587.0,0
2.9518544036836007,587.0,0
2.951963634530392,587.0,0
2.9520728653771826,587.0,0
2.9521820962239738,586.0,0
2.952291327070765,587.0,0
2.952400557917556,587.0,0
2.952509788764347,586.0,0
2.9526190196111384,586.0,0
2.9527282504579295,587.0,0
2.952837481304721,586.0,0
2.952946712151512,586.0,0
2.953055942998303,586.0,0
2.953165173845094,586.0,0
2.9532744046918853,585.0,0
2.9533836355386764,585.0,0
2.9534928663854676,586.0,0
2.9536020972322587,585.0,0
2.9537113280790495,585.0,0
2.9538205589258406,586.0,0
2.9539297897726318,585.0,0
2.9540390206194234,585.0,0
2.9541482514662145,585.0,0
2.9542574823130057,587.0,0
2.954366713159797,585.0,0
2.954475944006588,585.0,0
2.9545851748533787,586.0,0
2.95469440570017,587.0,0
2.954803636546961,585.0,0
2.954912867393752,587.0,0
2.9550220982405433,587.0,0
2.9551313290873344,587.0,0
2.9552405599341256,587.0,0
2.955349790780917,587.0,0
2.955459021627708,587.0,0
2.955568252474499,587.0,0
2.95567748332129,587.0,0
2.9557867141680814,588.0,0
2.9558959450148725,587.0,0
2.9560051758616637,587.0,0
2.956114406708455,588.0,0
2.956223637555246,588.0,0
2.9563328684020367,587.0,0
2.956442099248828,588.0,0
2.9565513300956194,588.0,0
2.9566605609424106,588.0,0
2.9567697917892017,588.0,0
2.956879022635993,588.0,0
2.956988253482784,588.0,0
2.9570974843295748,588.0,0
2.957206715176366,588.0,0
2.957315946023157,589.0,0
2.957425176869948,588.0,0
2.9575344077167394,588.0,0
2.9576436385635305,588.0,0
2.9577528694103217,588.0,0
2.9578621002571133,588.0,0
2.957971331103904,589.0,0
2.958080561950695,589.0,0
2.9581897927974863,588.0,0
2.9582990236442774,589.0,0
2.9584082544910686,590.0,0
2.9585174853378597,590.0,0
2.958626716184651,590.0,0
2.958735947031442,590.0,0
2.9588451778782328,590.0,0
2.958954408725024,590.0,0
2.9590636395718155,590.0,0
2.9591728704186067,591.0,0
2.959282101265398,590.0,0
2.959391332112189,590.0,0
2.95950056295898,591.0,0
2.959609793805771,590.0,0
2.959719024652562,590.0,0
2.959828255499353,590.0,0
2.9599374863461443,591.0,0
2.9600467171929354,590.0,0
2.9601559480397266,590.0,0
2.9602651788865177,590.0,0
2.9603744097333093,590.0,0
2.9604836405801,590.0,0
2.960592871426891,590.0,0
2.9607021022736824,590.0,0
2.9608113331204735,590.0,0
2.9609205639672647,590.0,0
2.961029794814056,590.0,0
2.961139025660847,589.0,0
2.961248256507638,589.0,0
2.961357487354429,590.0,0
2.96146671820122,590.0,0
2.9615759490480116,588.0,0
2.9616851798948027,589.0,0
2.961794410741594,590.0,0
2.961903641588385,588.0,0
2.962012872435176,588.0,0
2.962122103281967,590.0,0
2.962231334128758,588.0,0
2.962340564975549,588.0,0
2.9624497958223404,589.0,0
2.9625590266691315,590.0,0
2.9626682575159227,588.0,0
2.962777488362714,589.0,0
2.9628867192095054,590.0,0
2.962995950056296,589.0,0
2.9631051809030873,588.0,0
2.9632144117498784,590.0,0
2.9633236425966696,590.0,0
2.9634328734434607,589.0,0
2.963542104290252,590.0,0
2.963651335137043,591.0,0
2.963760565983834,590.0,0
2.963869796830625,590.0,0
2.963979027677416,591.0,0
2.9640882585242077,591.0,0
2.964197489370999,590.0,0
2.96430672021779,591.0,0
2.964415951064581,591.0,0
2.9645251819113723,591.0,0
2.9646344127581634,591.0,0
2.964743643604954,591.0,0
2.9648528744517453,591.0,0
2.9649621052985364,590.0,0
2.9650713361453276,590.0,0
2.9651805669921187,591.0,0
2.96528979783891,590.0,0
2.9653990286857015,590.0,0
2.965508259532492,590.0,0
2.9656174903792833,590.0,0
2.9657267212260745,590.0,0
2.9658359520728657,590.0,0
2.965945182919657,590.0,0
2.966054413766448,590.0,0
2.966163644613239,590.0,0
2.9662728754600303,591.0,0
2.966382106306821,590.0,0
2.966491337153612,590.0,0
2.9666005680004037,590.0,0
2.966709798847195,590.0,0
2.966819029693986,590.0,0
2.966928260540777,590.0,0
2.9670374913875683,590.0,0
2.9671467222343595,590.0,0
2.96725595308115,590.0,0
2.9673651839279414,591.0,0
2.9674744147747325,591.0,0
2.9675836456215237,590.0,0
2.967692876468315,591.0,0
2.967802107315106,591.0,0
2.9679113381618976,591.0,0
2.9680205690086883,591.0,0
2.9681297998554794,591.0,0
2.9682390307022706,591.0,0
2.9683482615490617,591.0,0
2.968457492395853,592.0,0
2.968566723242644,592.0,0
2.968675954089435,591.0,0
2.9687851849362263,591.0,0
2.968894415783017,592.0,0
2.969003646629808,592.0,0
2.9691128774766,591.0,0
2.969222108323391,592.0,0
2.969331339170182,592.0,0
2.9694405700169733,591.0,0
2.9695498008637644,591.0,0
2.9696590317105556,592.0,0
2.9697682625573463,591.0,0
2.9698774934041374,591.0,0
2.9699867242509286,591.0,0
2.9700959550977197,591.0,0
2.970205185944511,591.0,0
2.970314416791302,590.0,0
2.9704236476380936,591.0,0
2.9705328784848843,590.0,0
2.9706421093316755,590.0,0
2.9707513401784666,589.0,0
2.970860571025258,590.0,0
2.970969801872049,588.0,0
2.97107903271884,588.0,0
2.9711882635656313,588.0,0
2.9712974944124224,588.0,0
2.971406725259213,588.0,0
2.9715159561060043,588.0,0
2.971625186952796,588.0,0
2.971734417799587,587.0,0
2.971843648646378,587.0,0
2.9719528794931693,587.0,0
2.9720621103399605,586.0,0
2.9721713411867516,586.0,0
2.9722805720335423,586.0,0
2.9723898028803335,587.0,0
2.9724990337271247,585.0,0
2.972608264573916,586.0,0
2.972717495420707,586.0,0
2.972826726267498,586.0,0
2.9729359571142897,585.0,0
2.973045187961081,586.0,0
2.9731544188078716,585.0,0
2.9732636496546627,585.0,0
2.973372880501454,585.0,0
2.973482111348245,586.0,0
2.973591342195036,585.0,0
2.9737005730418273,586.0,0
2.9738098038886185,586.0,0
2.973919034735409,586.0,0
2.9740282655822003,585.0,0
2.974137496428992,587.0,0
2.974246727275783,587.0,0
2.9743559581225743,586.0,0
2.9744651889693654,586.0,0
2.9745744198161566,587.0,0
2.9746836506629477,587.0,0
2.9747928815097384,586.0,0
2.9749021123565296,587.0,0
2.9750113432033207,587.0,0
2.975120574050112,586.0,0
2.975229804896903,587.0,0
2.975339035743694,587.0,0
2.975448266590486,587.0,0
2.975557497437277,586.0,0
2.9756667282840676,587.0,0
2.975775959130859,587.0,0
2.97588518997765,587.0,0
2.975994420824441,587.0,0
2.9761036516712323,587.0,0
2.9762128825180234,587.0,0
2.9763221133648146,587.0,0
2.9764313442116053,587.0,0
2.9765405750583964,588.0,0
2.976649805905188,587.0,0
2.976759036751979,588.0,0
2.9768682675987703,588.0,0
2.9769774984455615,588.0,0
2.9770867292923526,588.0,0
2.977195960139144,588.0,0
2.9773051909859345,588.0,0
2.9774144218327256,588.0,0
2.977523652679517,588.0,0
2.977632883526308,588.0,0
2.977742114373099,588.0,0
2.9778513452198903,588.0,0
2.977960576066682,589.0,0
2.978069806913473,589.0,0
2.9781790377602637,588.0,0
2.978288268607055,589.0,0
2.978397499453846,589.0,0
2.978506730300637,589.0,0
2.9786159611474283,589.0,0
2.9787251919942195,590.0,0
2.9788344228410106,589.0,0
2.978943653687802,590.0,0
2.9790528845345925,590.0,0
2.979162115381384,590.0,0
2.9792713462281752,590.0,0
2.9793805770749664,590.0,0
2.9794898079217575,590.0,0
2.9795990387685487,590.0,0
2.97970826961534,590.0,0
2.9798175004621306,590.0,0
2.9799267313089217,589.0,0
2.980035962155713,589.0,0
2.980145193002504,590.0,0
2.980254423849295,590.0,0
2.9803636546960863,588.0,0
2.980472885542878,589.0,0
2.980582116389669,589.0,0
2.98069134723646,589.0,0
2.980800578083251,588.0,0
2.980909808930042,588.0,0
2.9810190397768332,588.0,0
2.9811282706236244,588.0,0
2.9812375014704156,588.0,0
2.9813467323172067,588.0,0
2.981455963163998,588.0,0
2.9815651940107886,588.0,0
2.98167442485758,588.0,0
2.9817836557043713,588.0,0
2.9818928865511625,588.0,0
2.9820021173979536,588.0,0
2.9821113482447448,588.0,0
2.982220579091536,588.0,0
2.9823298099383266,588.0,0
2.982439040785118,588.0,0
2.982548271631909,588.0,0
2.9826575024787,588.0,0
2.9827667333254912,588.0,0
2.9828759641722824,588.0,0
2.982985195019074,588.0,0
2.983094425865865,588.0,0
2.983203656712656,588.0,0
2.983312887559447,588.0,0
2.983422118406238,588.0,0
2.9835313492530293,588.0,0
2.9836405800998205,588.0,0
2.9837498109466116,589.0,0
2.9838590417934028,588.0,0
2.983968272640194,589.0,0
2.9840775034869846,589.0,0
2.9841867343337762,589.0,0
2.9842959651805674,589.0,0
2.9844051960273585,589.0,0
2.9845144268741497,589.0,0
2.984623657720941,589.0,0
2.984732888567732,590.0,0
2.9848421194145227,590.0,0
2.984951350261314,589.0,0
2.985060581108105,590.0,0
2.985169811954896,590.0,0
2.9852790428016873,590.0,0
2.9853882736484785,589.0,0
2.98549750449527,590.0,0
2.9856067353420612,590.0,0
2.985715966188852,590.0,0
2.985825197035643,590.0,0
2.9859344278824342,590.0,0
2.9860436587292254,590.0,0
2.9861528895760165,590.0,0
2.9862621204228077,590.0,0
2.986371351269599,590.0,0
2.98648058211639,589.0,0
2.9865898129631807,590.0,0
2.9866990438099723,590.0,0
2.9868082746567635,590.0,0
2.9869175055035546,589.0,0
2.9870267363503458,590.0,0
2.987135967197137,590.0,0
2.987245198043928,590.0,0
2.9873544288907192,589.0,0
2.98746365973751,590.0,0
2.987572890584301,590.0,0
2.9876821214310922,589.0,0
2.9877913522778834,590.0,0
2.9879005831246745,590.0,0
2.988009813971466,589.0,0
2.9881190448182573,590.0,0
2.988228275665048,590.0,0
2.988337506511839,589.0,0
2.9884467373586303,589.0,0
2.9885559682054215,590.0,0
2.9886651990522126,589.0,0
2.9887744298990038,589.0,0
2.988883660745795,589.0,0
2.988992891592586,590.0,0
2.989102122439377,588.0,0
2.9892113532861684,588.0,0
2.9893205841329595,588.0,0
2.9894298149797507,589.0,0
2.989539045826542,588.0,0
2.989648276673333,588.0,0
2.989757507520124,588.0,0
2.9898667383669153,588.0,0
2.989975969213706,588.0,0
2.990085200060497,588.0,0
2.9901944309072883,588.0,0
2.9903036617540795,588.0,0
2.9904128926008706,588.0,0
2.990522123447662,588.0,0
2.9906313542944534,588.0,0
2.990740585141244,588.0,0
2.9908498159880352,588.0,0
2.9909590468348264,588.0,0
2.9910682776816175,587.0,0
2.9911775085284087,588.0,0
2.9912867393752,588.0,0
2.991395970221991,587.0,0
2.991505201068782,587.0,0
2.991614431915573,588.0,0
2.9917236627623645,587.0,0
2.9918328936091556,587.0,0
2.9919421244559468,587.0,0
2.992051355302738,587.0,0
2.992160586149529,587.0,0
2.99226981699632,587.0,0
2.9923790478431114,588.0,0
2.992488278689902,587.0,0
2.9925975095366932,587.0,0
2.9927067403834844,588.0,0
2.9928159712302755,588.0,0
2.9929252020770667,588.0,0
2.9930344329238583,588.0,0
2.9931436637706494,588.0,0
2.99325289461744,588.0,0
2.9933621254642313,588.0,0
2.9934713563110225,588.0,0
2.9935805871578136,588.0,0
2.9936898180046048,587.0,0
2.993799048851396,588.0,0
2.993908279698187,588.0,0
2.9940175105449782,587.0,0
2.994126741391769,587.0,0
2.9942359722385605,587.0,0
2.9943452030853517,586.0,0
2.994454433932143,585.0,0
2.994563664778934,586.0,0
2.994672895625725,586.0,0
2.9947821264725163,585.0,0
2.9948913573193074,585.0,0
2.995000588166098,585.0,0
2.9951098190128893,585.0,0
2.9952190498596805,585.0,0
2.9953282807064716,585.0,0
2.9954375115532628,585.0,0
2.9955467424000544,584.0,0
2.9956559732468455,584.0,0
2.9957652040936367,585.0,0
2.9958744349404274,584.0,0
2.9959836657872185,584.0,0
2.9960928966340097,584.0,0
2.996202127480801,584.0,0
2.996311358327592,583.0,0
2.996420589174383,584.0,0
2.9965298200211743,584.0,0
2.996639050867965,583.0,0
2.9967482817147566,583.0,0
2.9968575125615478,584.0,0
2.996966743408339,583.0,0
2.99707597425513,583.0,0
2.997185205101921,583.0,0
2.9972944359487124,583.0,0
2.9974036667955035,583.0,0
2.9975128976422942,583.0,0
2.9976221284890854,583.0,0
2.9977313593358765,583.0,0
2.9978405901826677,583.0,0
2.997949821029459,583.0,0
2.9980590518762504,583.0,0
2.9981682827230416,583.0,0
2.9982775135698327,583.0,0
2.9983867444166235,583.0,0
2.9984959752634146,583.0,0
2.9986052061102058,583.0,0
2.998714436956997,583.0,0
2.998823667803788,583.0,0
2.998932898650579,583.0,0
2.9990421294973704,584.0,0
2.999151360344161,584.0,0
2.9992605911909527,583.0,0
2.999369822037744,583.0,0
2.999479052884535,584.0,0
2.999588283731326,583.0,0
2.9996975145781173,583.0,0
2.9998067454249084,584.0,0
2.9999159762716996,584.0,0
3.0000252071184903,583.0,0
3.0001344379652815,584.0,0
3.0002436688120726,584.0,0
3.0003528996588638,584.0,0
3.000462130505655,584.0,0
3.0005713613524465,584.0,0
3.0006805921992377,584.0,0
3.000789823046029,584.0,0
3.0008990538928195,584.0,0
3.0010082847396107,585.0,0
3.001117515586402,584.0,0
3.001226746433193,585.0,0
3.001335977279984,585.0,0
3.0014452081267753,585.0,0
3.0015544389735664,584.0,0
3.001663669820357,585.0,0
3.0017729006671487,585.0,0
3.00188213151394,584.0,0
3.001991362360731,584.0,0
3.002100593207522,585.0,0
3.0022098240543134,584.0,0
3.0023190549011045,584.0,0
3.0024282857478957,585.0,0
3.0025375165946864,584.0,0
3.0026467474414775,584.0,0
3.0027559782882687,584.0,0
3.00286520913506,584.0,0
3.002974439981851,584.0,0
3.0030836708286426,583.0,0
3.0031929016754337,584.0,0
3.003302132522225,584.0,0
3.0034113633690156,583.0,0
3.0035205942158067,583.0,0
3.003629825062598,583.0,0
3.003739055909389,583.0,0
3.00384828675618,583.0,0
3.0039575176029714,583.0,0
3.0040667484497625,583.0,0
3.0041759792965537,583.0,0
3.004285210143345,583.0,0
3.004394440990136,583.0,0
3.004503671836927,583.0,0
3.0046129026837183,583.0,0
3.0047221335305094,583.0,0
3.0048313643773006,583.0,0
3.0049405952240917,583.0,0
3.0050498260708824,583.0,0
3.0051590569176736,583.0,0
3.0052682877644648,583.0,0
3.005377518611256,583.0,0
3.005486749458047,583.0,0
3.0055959803048387,583.0,0
3.00570521115163,583.0,0
3.005814441998421,583.0,0
3.0059236728452117,583.0,0
3.006032903692003,583.0,0
3.006142134538794,583.0,0
3.006251365385585,583.0,0
3.0063605962323763,583.0,0
3.0064698270791674,583.0,0
3.0065790579259586,583.0,0
3.0066882887727497,583.0,0
3.006797519619541,583.0,0
3.006906750466332,583.0,0
3.007015981313123,583.0,0
3.0071252121599144,583.0,0
3.0072344430067055,583.0,0
3.0073436738534967,584.0,0
3.007452904700288,583.0,0
3.0075621355470785,583.0,0
3.0076713663938697,583.0,0
3.007780597240661,583.0,0
3.007889828087452,583.0,0
3.007999058934243,583.0,0
3.0081082897810347,583.0,0
3.008217520627826,583.0,0
3.008326751474617,583.0,0
3.0084359823214077,583.0,0
3.008545213168199,583.0,0
3.00865444401499,583.0,0
3.008763674861781,583.0,0
3.0088729057085724,583.0,0
3.0089821365553635,583.0,0
3.0090913674021547,583.0,0
3.009200598248946,583.0,0
3.009309829095737,583.0,0
3.009419059942528,583.0,0
3.0095282907893193,583.0,0
3.0096375216361104,583.0,0
3.0097467524829016,583.0,0
3.0098559833296927,583.0,0
3.009965214176484,583.0,0
3.010074445023275,583.0,0
3.0101836758700657,583.0,0
3.010292906716857,583.0,0
3.010402137563648,583.0,0
3.010511368410439,582.0,0
3.010620599257231,582.0,0
3.010729830104022,583.0,0
3.010839060950813,583.0,0
3.010948291797604,582.0,0
3.011057522644395,583.0,0
3.011166753491186,582.0,0
3.0112759843379773,582.0,0
3.0113852151847684,582.0,0
3.0114944460315596,583.0,0
3.0116036768783507,582.0,0
3.011712907725142,582.0,0
3.011822138571933,582.0,0
3.011931369418724,583.0,0
3.0120406002655153,582.0,0
3.0121498311123065,583.0,0
3.0122590619590977,583.0,0
3.012368292805889,583.0,0
3.01247752365268,583.0,0
3.012586754499471,583.0,0
3.012695985346262,583.0,0
3.012805216193053,583.0,0
3.012914447039844,583.0,0
3.0130236778866353,583.0,0
3.013132908733427,583.0,0
3.013242139580218,583.0,0
3.013351370427009,583.0,0
3.0134606012738,583.0,0
3.013569832120591,583.0,0
3.013679062967382,583.0,0
3.0137882938141733,583.0,0
3.0138975246609645,583.0,0
3.0140067555077557,583.0,0
3.014115986354547,583.0,0
3.014225217201338,583.0,0
3.014334448048129,583.0,0
3.0144436788949203,583.0,0
3.0145529097417114,583.0,0
3.0146621405885026,583.0,0
3.0147713714352937,583.0,0
3.014880602282085,583.0,0
3.014989833128876,583.0,0
3.015099063975667,583.0,0
3.015208294822458,584.0,0
3.015317525669249,584.0,0
3.01542675651604,584.0,0
3.0155359873628313,584.0,0
3.015645218209623,584.0,0
3.015754449056414,584.0,0
3.0158636799032053,584.0,0
3.015972910749996,585.0,0
3.016082141596787,584.0,0
3.0161913724435783,584.0,0
3.0163006032903694,585.0,0
3.0164098341371606,585.0,0
3.0165190649839517,584.0,0
3.016628295830743,584.0,0
3.016737526677534,584.0,0
3.016846757524325,584.0,0
3.0169559883711163,584.0,0
3.0170652192179075,584.0,0
3.0171744500646986,584.0,0
3.01728368091149,583.0,0
3.017392911758281,583.0,0
3.017502142605072,584.0,0
3.0176113734518633,584.0,0
3.017720604298654,583.0,0
3.017829835145445,583.0,0
3.0179390659922363,583.0,0
3.0180482968390274,583.0,0
3.018157527685819,583.0,0
3.01826675853261,583.0,0
3.0183759893794013,583.0,0
3.0184852202261925,583.0,0
3.018594451072983,583.0,0
3.0187036819197743,583.0,0
3.0188129127665655,583.0,0
3.0189221436133566,583.0,0
3.019031374460148,583.0,0
3.019140605306939,583.0,0
3.01924983615373,583.0,0
3.0193590670005213,583.0,0
3.0194682978473124,583.0,0
3.0195775286941036,583.0,0
3.0196867595408947,583.0,0
3.019795990387686,583.0,0
3.019905221234477,583.0,0
3.020014452081268,583.0,0
3.0201236829280593,583.0,0
3.02023291377485,583.0,0
3.020342144621641,583.0,0
3.0204513754684323,583.0,0
3.0205606063152235,583.0,0
3.020669837162015,583.0,0
3.0207790680088062,583.0,0
3.0208882988555974,582.0,0
3.0209975297023886,582.0,0
3.0211067605491793,583.0,0
3.0212159913959704,582.0,0
3.0213252222427616,582.0,0
3.0214344530895527,582.0,0
3.021543683936344,582.0,0
3.021652914783135,582.0,0
3.021762145629926,582.0,0
3.0218713764767173,582.0,0
3.0219806073235085,582.0,0
3.0220898381702996,582.0,0
3.022199069017091,582.0,0
3.022308299863882,582.0,0
3.022417530710673,582.0,0
3.0225267615574642,582.0,0
3.0226359924042554,582.0,0
3.022745223251046,582.0,0
3.0228544540978373,582.0,0
3.0229636849446284,582.0,0
3.0230729157914196,582.0,0
3.023182146638211,582.0,0
3.0232913774850023,583.0,0
3.0234006083317935,582.0,0
3.0235098391785846,582.0,0
3.0236190700253753,583.0,0
3.0237283008721665,583.0,0
3.0238375317189576,582.0,0
3.023946762565749,583.0,0
3.02405599341254,583.0,0
3.024165224259331,583.0,0
3.0242744551061223,582.0,0
3.0243836859529134,583.0,0
3.0244929167997046,583.0,0
3.0246021476464957,583.0,0
3.024711378493287,582.0,0
3.024820609340078,583.0,0
3.024929840186869,583.0,0
3.0250390710336603,583.0,0
3.0251483018804515,583.0,0
3.025257532727242,583.0,0
3.0253667635740333,582.0,0
3.0254759944208245,582.0,0
3.0255852252676156,582.0,0
3.0256944561144072,582.0,0
3.0258036869611984,582.0,0
3.0259129178079895,582.0,0
3.0260221486547807,582.0,0
3.0261313795015714,582.0,0
3.0262406103483626,582.0,0
3.0263498411951537,582.0,0
3.026459072041945,582.0,0
3.026568302888736,581.0,0
3.026677533735527,581.0,0
3.0267867645823183,581.0,0
3.0268959954291095,580.0,0
3.0270052262759006,580.0,0
3.027114457122692,580.0,0
3.027223687969483,580.0,0
3.027332918816274,580.0,0
3.0274421496630652,580.0,0
3.0275513805098564,580.0,0
3.0276606113566475,580.0,0
3.0277698422034383,580.0,0
3.0278790730502294,580.0,0
3.0279883038970206,579.0,0
3.0280975347438117,580.0,0
3.0282067655906033,580.0,0
3.0283159964373945,580.0,0
3.0284252272841856,580.0,0
3.0285344581309768,580.0,0
3.0286436889777675,580.0,0
3.0287529198245586,580.0,0
3.02886215067135,580.0,0
3.028971381518141,580.0,0
3.029080612364932,580.0,0
3.0291898432117232,581.0,0
3.0292990740585144,581.0,0
3.0294083049053055,582.0,0
3.0295175357520967,582.0,0
3.029626766598888,582.0,0
3.029735997445679,582.0,0
3.02984522829247,583.0,0
3.0299544591392613,582.0,0
3.0300636899860525,583.0,0
3.0301729208328436,583.0,0
3.0302821516796343,583.0,0
3.0303913825264255,583.0,0
3.0305006133732166,583.0,0
3.030609844220008,583.0,0
3.0307190750667994,583.0,0
3.0308283059135905,583.0,0
3.0309375367603817,583.0,0
3.031046767607173,583.0,0
3.0311559984539636,583.0,0
3.0312652293007547,583.0,0
3.031374460147546,583.0,0
3.031483690994337,583.0,0
3.031592921841128,583.0,0
3.0317021526879193,583.0,0
3.0318113835347105,583.0,0
3.0319206143815016,583.0,0
3.0320298452282928,583.0,0
3.032139076075084,583.0,0
3.032248306921875,583.0,0
3.0323575377686662,583.0,0
3.0324667686154574,583.0,0
3.0325759994622485,582.0,0
3.0326852303090397,583.0,0
3.0327944611558304,582.0,0
3.0329036920026216,582.0,0
3.0330129228494127,582.0,0
3.033122153696204,582.0,0
3.0332313845429955,581.0,0
3.0333406153897866,580.0,0
3.0334498462365778,581.0,0
3.033559077083369,580.0,0
3.0336683079301596,580.0,0
3.0337775387769508,580.0,0
3.033886769623742,580.0,0
3.033996000470533,579.0,0
3.0341052313173242,579.0,0
3.0342144621641154,579.0,0
3.0343236930109065,579.0,0
3.0344329238576977,579.0,0
3.034542154704489,579.0,0
3.03465138555128,579.0,0
3.034760616398071,579.0,0
3.0348698472448623,579.0,0
3.0349790780916535,579.0,0
3.0350883089384446,579.0,0
3.0351975397852358,579.0,0
3.035306770632027,579.0,0
3.0354160014788176,579.0,0
3.035525232325609,579.0,0
3.0356344631724,579.0,0
3.0357436940191915,579.0,0
3.0358529248659827,579.0,0
3.035962155712774,579.0,0
3.036071386559565,579.0,0
3.0361806174063557,579.0,0
3.036289848253147,579.0,0
3.036399079099938,579.0,0
3.036508309946729,579.0,0
3.0366175407935203,579.0,0
3.0367267716403115,578.0,0
3.0368360024871026,579.0,0
3.0369452333338938,579.0,0
3.037054464180685,577.0,0
3.037163695027476,577.0,0
3.0372729258742672,578.0,0
3.0373821567210584,577.0,0
3.0374913875678495,577.0,0
3.0376006184146407,577.0,0
3.037709849261432,577.0,0
3.037819080108223,576.0,0
3.0379283109550137,576.0,0
3.038037541801805,576.0,0
3.038146772648596,575.0,0
3.0382560034953876,575.0,0
3.0383652343421788,575.0,0
3.03847446518897,575.0,0
3.038583696035761,575.0,0
3.0386929268825518,575.0,0
3.038802157729343,575.0,0
3.038911388576134,574.0,0
3.0390206194229252,574.0,0
3.0391298502697164,574.0,0
3.0392390811165075,574.0,0
3.0393483119632987,573.0,0
3.03945754281009,574.0,0
3.039566773656881,574.0,0
3.039676004503672,573.0,0
3.0397852353504633,574.0,0
3.0398944661972545,574.0,0
3.0400036970440456,573.0,0
3.0401129278908368,573.0,0
3.040222158737628,574.0,0
3.040331389584419,574.0,0
3.0404406204312098,573.0,0
3.040549851278001,574.0,0
3.040659082124792,574.0,0
3.0407683129715837,573.0,0
3.040877543818375,573.0,0
3.040986774665166,574.0,0
3.041096005511957,574.0,0
3.0412052363587483,573.0,0
3.041314467205539,574.0,0
3.04142369805233,574.0,0
3.0415329288991213,573.0,0
3.0416421597459125,574.0,0
3.0417513905927036,574.0,0
3.0418606214394948,573.0,0
3.041969852286286,572.0,0
3.042079083133077,573.0,0
3.042188313979868,573.0,0
3.0422975448266594,572.0,0
3.0424067756734505,572.0,0
3.0425160065202417,572.0,0
3.042625237367033,572.0,0
3.042734468213824,572.0,0
3.042843699060615,572.0,0
3.042952929907406,572.0,0
3.043062160754197,571.0,0
3.043171391600988,572.0,0
3.0432806224477797,572.0,0
3.043389853294571,571.0,0
3.043499084141362,571.0,0
3.043608314988153,572.0,0
3.0437175458349444,571.0,0
3.043826776681735,571.0,0
3.043936007528526,571.0,0
3.0440452383753174,571.0,0
3.0441544692221085,570.0,0
3.0442637000688997,571.0,0
3.044372930915691,571.0,0
3.044482161762482,571.0,0
3.044591392609273,570.0,0
3.0447006234560643,571.0,0
3.0448098543028554,571.0,0
3.0449190851496466,571.0,0
3.0450283159964378,571.0,0
3.045137546843229,571.0,0
3.04524677769002,571.0,0
3.045356008536811,571.0,0
3.045465239383602,572.0,0
3.045574470230393,572.0,0
3.0456837010771842,571.0,0
3.045792931923976,572.0,0
3.045902162770767,572.0,0
3.046011393617558,572.0,0
3.0461206244643493,572.0,0
3.0462298553111404,572.0,0
3.046339086157931,572.0,0
3.0464483170047223,572.0,0
3.0465575478515134,572.0,0
3.0466667786983046,572.0,0
3.0467760095450958,572.0,0
3.046885240391887,572.0,0
3.046994471238678,572.0,0
3.047103702085469,572.0,0
3.0472129329322604,572.0,0
3.0473221637790515,572.0,0
3.0474313946258427,572.0,0
3.047540625472634,572.0,0
3.047649856319425,572.0,0
3.047759087166216,572.0,0
3.0478683180130073,571.0,0
3.047977548859798,571.0,0
3.048086779706589,572.0,0
3.0481960105533803,571.0,0
3.048305241400172,571.0,0
3.048414472246963,571.0,0
3.048523703093754,571.0,0
3.0486329339405454,571.0,0
3.0487421647873365,571.0,0
3.048851395634127,571.0,0
3.0489606264809184,571.0,0
3.0490698573277095,570.0,0
3.0491790881745007,571.0,0
3.049288319021292,571.0,0
3.049397549868083,570.0,0
3.049506780714874,571.0,0
3.0496160115616653,571.0,0
3.0497252424084564,571.0,0
3.0498344732552476,570.0,0
3.0499437041020387,571.0,0
3.05005293494883,571.0,0
3.050162165795621,570.0,0
3.050271396642412,570.0,0
3.0503806274892034,571.0,0
3.050489858335994,570.0,0
3.050599089182785,570.0,0
3.0507083200295764,571.0,0
3.050817550876368,571.0,0
3.050926781723159,571.0,0
3.0510360125699503,571.0,0
3.0511452434167414,572.0,0
3.0512544742635326,571.0,0
3.0513637051103233,571.0,0
3.0514729359571144,572.0,0
3.0515821668039056,572.0,0
3.0516913976506967,572.0,0
3.051800628497488,572.0,0
3.051909859344279,572.0,0
3.05201909019107,572.0,0
3.0521283210378614,572.0,0
3.0522375518846525,572.0,0
3.0523467827314437,572.0,0
3.052456013578235,572.0,0
3.052565244425026,574.0,0
3.052674475271817,573.0,0
3.0527837061186083,573.0,0
3.0528929369653994,574.0,0
3.05300216781219,575.0,0
3.0531113986589813,574.0,0
3.0532206295057724,575.0,0
3.053329860352564,575.0,0
3.053439091199355,575.0,0
3.0535483220461463,575.0,0
3.0536575528929375,576.0,0
3.0537667837397287,577.0,0
3.0538760145865194,576.0,0
3.0539852454333105,577.0,0
3.0540944762801017,577.0,0
3.054203707126893,577.0,0
3.054312937973684,577.0,0
3.054422168820475,577.0,0
3.0545313996672663,578.0,0
3.0546406305140574,577.0,0
3.0547498613608486,577.0,0
3.0548590922076397,577.0,0
3.054968323054431,577.0,0
3.055077553901222,577.0,0
3.055186784748013,577.0,0
3.0552960155948043,577.0,0
3.0554052464415955,576.0,0
3.055514477288386,576.0,0
3.0556237081351774,577.0,0
3.0557329389819685,576.0,0
3.05584216982876,576.0,0
3.0559514006755513,576.0,0
3.0560606315223424,575.0,0
3.0561698623691336,575.0,0
3.0562790932159247,576.0,0
3.0563883240627154,575.0,0
3.0564975549095066,575.0,0
3.0566067857562977,575.0,0
3.056716016603089,575.0,0
3.05682524744988,575.0,0
3.056934478296671,575.0,0
3.0570437091434624,575.0,0
3.0571529399902535,575.0,0
3.0572621708370447,574.0,0
3.057371401683836,575.0,0
3.057480632530627,575.0,0
3.057589863377418,574.0,0
3.0576990942242093,574.0,0
3.0578083250710004,574.0,0
3.0579175559177916,574.0,0
3.0580267867645827,574.0,0
3.0581360176113734,574.0,0
3.0582452484581646,574.0,0
3.058354479304956,574.0,0
3.0584637101517473,574.0,0
3.0585729409985385,574.0,0
3.0586821718453296,574.0,0
3.058791402692121,574.0,0
3.0589006335389115,574.0,0
3.0590098643857027,574.0,0
3.059119095232494,574.0,0
3.059228326079285,574.0,0
3.059337556926076,574.0,0
3.0594467877728673,574.0,0
3.0595560186196584,574.0,0
3.0596652494664496,574.0,0
3.0597744803132407,574.0,0
3.059883711160032,573.0,0
3.059992942006823,574.0,0
3.060102172853614,574.0,0
3.0602114037004053,574.0,0
3.0603206345471965,572.0,0
3.0604298653939876,574.0,0
3.060539096240779,573.0,0
3.0606483270875695,572.0,0
3.0607575579343607,572.0,0
3.0608667887811523,573.0,0
3.0609760196279434,573.0,0
3.0610852504747346,572.0,0
3.0611944813215257,572.0,0
3.061303712168317,573.0,0
3.0614129430151076,572.0,0
3.0615221738618987,572.0,0
3.06163140470869,573.0,0
3.061740635555481,573.0,0
3.061849866402272,572.0,0
3.0619590972490633,573.0,0
3.0620683280958545,573.0,0
3.0621775589426456,572.0,0
3.062286789789437,572.0,0
3.062396020636228,573.0,0
3.062505251483019,573.0,0
3.0626144823298103,572.0,0
3.0627237131766014,573.0,0
3.0628329440233926,574.0,0
3.0629421748701837,572.0,0
3.063051405716975,573.0,0
3.0631606365637656,573.0,0
3.0632698674105567,572.0,0
3.0633790982573483,572.0,0
3.0634883291041395,573.0,0
3.0635975599509306,572.0,0
3.063706790797722,572.0,0
3.063816021644513,572.0,0
3.0639252524913037,573.0,0
3.064034483338095,572.0,0
3.064143714184886,572.0,0
3.064252945031677,572.0,0
3.0643621758784683,572.0,0
3.0644714067252594,572.0,0
3.0645806375720506,572.0,0
3.0646898684188417,572.0,0
3.064799099265633,572.0,0
3.064908330112424,572.0,0
3.065017560959215,572.0,0
3.0651267918060063,572.0,0
3.0652360226527975,572.0,0
3.0653452534995886,572.0,0
3.06545448434638,572.0,0
3.065563715193171,571.0,0
3.0656729460399617,572.0,0
3.065782176886753,572.0,0
3.0658914077335444,572.0,0
3.0660006385803356,571.0,0
3.0661098694271267,572.0,0
3.066219100273918,572.0,0
3.066328331120709,571.0,0
3.0664375619675,571.0,0
3.066546792814291,572.0,0
3.066656023661082,571.0,0
3.066765254507873,571.0,0
3.0668744853546643,571.0,0
3.0669837162014555,571.0,0
3.0670929470482466,570.0,0
3.067202177895038,571.0,0
3.067311408741829,571.0,0
3.06742063958862,570.0,0
3.0675298704354113,570.0,0
3.0676391012822024,571.0,0
3.0677483321289936,570.0,0
3.0678575629757847,569.0,0
3.067966793822576,570.0,0
3.068076024669367,571.0,0
3.0681852555161577,569.0,0
3.068294486362949,570.0,0
3.0684037172097405,571.0,0
3.0685129480565316,570.0,0
3.068622178903323,570.0,0
3.068731409750114,571.0,0
3.068840640596905,571.0,0
3.0689498714436962,570.0,0
3.069059102290487,569.0,0
3.069168333137278,571.0,0
3.0692775639840693,569.0,0
3.0693867948308604,569.0,0
3.0694960256776516,570.0,0
3.0696052565244427,570.0,0
3.069714487371234,569.0,0
3.069823718218025,569.0,0
3.069932949064816,569.0,0
3.0700421799116073,569.0,0
3.0701514107583985,569.0,0
3.0702606416051896,569.0,0
3.070369872451981,569.0,0
3.070479103298772,569.0,0
3.070588334145563,569.0,0
3.070697564992354,570.0,0
3.070806795839145,569.0,0
3.0709160266859366,569.0,0
3.0710252575327277,570.0,0
3.071134488379519,570.0,0
3.07124371922631,569.0,0
3.071352950073101,571.0,0
3.0714621809198923,571.0,0
3.071571411766683,570.0,0
3.071680642613474,570.0,0
3.0717898734602653,571.0,0
3.0718991043070565,571.0,0
3.0720083351538476,571.0,0
3.072117566000639,571.0,0
3.07222679684743,572.0,0
3.072336027694221,571.0,0
3.0724452585410122,571.0,0
3.0725544893878034,572.0,0
3.0726637202345946,572.0,0
3.0727729510813857,572.0,0
3.072882181928177,572.0,0
3.072991412774968,572.0,0
3.073100643621759,572.0,0
3.07320987446855,572.0,0
3.073319105315341,574.0,0
3.0734283361621326,573.0,0
3.0735375670089238,574.0,0
3.073646797855715,574.0,0
3.073756028702506,574.0,0
3.0738652595492972,574.0,0
3.0739744903960884,575.0,0
3.074083721242879,575.0,0
3.0741929520896702,575.0,0
3.0743021829364614,575.0,0
3.0744114137832526,575.0,0
3.0745206446300437,575.0,0
3.074629875476835,575.0,0
3.074739106323626,575.0,0
3.074848337170417,576.0,0
3.0749575680172083,576.0,0
3.0750667988639995,576.0,0
3.0751760297107906,576.0,0
3.075285260557582,576.0,0
3.075394491404373,576.0,0
3.075503722251164,576.0,0
3.0756129530979552,576.0,0
3.075722183944746,576.0,0
3.075831414791537,575.0,0
3.0759406456383287,576.0,0
3.07604987648512,576.0,0
3.076159107331911,575.0,0
3.076268338178702,575.0,0
3.0763775690254933,575.0,0
3.0764867998722845,575.0,0
3.076596030719075,575.0,0
3.0767052615658663,575.0,0
3.0768144924126575,575.0,0
3.0769237232594486,575.0,0
3.07703295410624,575.0,0
3.077142184953031,575.0,0
3.077251415799822,574.0,0
3.0773606466466132,574.0,0
3.0774698774934044,574.0,0
3.0775791083401955,574.0,0
3.0776883391869867,574.0,0
3.077797570033778,574.0,0
3.077906800880569,574.0,0
3.07801603172736,573.0,0
3.0781252625741513,574.0,0
3.078234493420942,574.0,0
3.078343724267733,574.0,0
3.0784529551145248,573.0,0
3.078562185961316,574.0,0
3.078671416808107,574.0,0
3.0787806476548982,574.0,0
3.0788898785016894,574.0,0
3.0789991093484805,574.0,0
3.0791083401952712,574.0,0
3.0792175710420624,573.0,0
3.0793268018888535,574.0,0
3.0794360327356447,574.0,0
3.079545263582436,574.0,0
3.079654494429227,574.0,0
3.079763725276018,574.0,0
3.0798729561228093,574.0,0
3.0799821869696005,573.0,0
3.0800914178163916,574.0,0
3.0802006486631828,574.0,0
3.080309879509974,573.0,0
3.080419110356765,573.0,0
3.0805283412035562,574.0,0
3.0806375720503474,573.0,0
3.0807468028971385,573.0,0
3.0808560337439292,573.0,0
3.080965264590721,573.0,0
3.081074495437512,572.0,0
3.081183726284303,573.0,0
3.0812929571310943,573.0,0
3.0814021879778855,572.0,0
3.0815114188246766,572.0,0
3.0816206496714673,573.0,0
3.0817298805182585,573.0,0
3.0818391113650496,572.0,0
3.0819483422118408,573.0,0
3.082057573058632,573.0,0
3.082166803905423,572.0,0
3.0822760347522142,573.0,0
3.0823852655990054,573.0,0
3.0824944964457965,572.0,0
3.0826037272925877,572.0,0
3.082712958139379,573.0,0
3.08282218898617,572.0,0
3.082931419832961,572.0,0
3.0830406506797523,573.0,0
3.0831498815265435,573.0,0
3.0832591123733346,572.0,0
3.0833683432201253,573.0,0
3.083477574066917,573.0,0
3.083586804913708,573.0,0
3.083696035760499,572.0,0
3.0838052666072904,573.0,0
3.0839144974540815,573.0,0
3.0840237283008727,572.0,0
3.0841329591476634,573.0,0
3.0842421899944545,573.0,0
3.0843514208412457,572.0,0
3.084460651688037,572.0,0
3.084569882534828,573.0,0
3.084679113381619,573.0,0
3.0847883442284103,572.0,0
3.0848975750752015,572.0,0
3.0850068059219926,572.0,0
3.0851160367687838,572.0,0
3.085225267615575,572.0,0
3.085334498462366,573.0,0
3.0854437293091572,572.0,0
3.0855529601559484,572.0,0
3.0856621910027395,572.0,0
3.0857714218495307,573.0,0
3.0858806526963214,572.0,0
3.085989883543113,572.0,0
3.086099114389904,572.0,0
3.0862083452366953,572.0,0
3.0863175760834864,572.0,0
3.0864268069302776,572.0,0
3.0865360377770688,572.0,0
3.0866452686238595,572.0,0
3.0867544994706506,572.0,0
3.0868637303174418,572.0,0
3.086972961164233,572.0,0
3.087082192011024,572.0,0
3.0871914228578152,572.0,0
3.0873006537046064,572.0,0
3.0874098845513975,572.0,0
3.0875191153981887,572.0,0
3.08762834624498,573.0,0
3.087737577091771,572.0,0
3.087846807938562,572.0,0
3.0879560387853533,573.0,0
3.0880652696321444,573.0,0
3.0881745004789356,572.0,0
3.0882837313257268,573.0,0
3.0883929621725175,574.0,0
3.088502193019309,572.0,0
3.0886114238661,572.0,0
3.0887206547128914,573.0,0
3.0888298855596825,573.0,0
3.0889391164064737,572.0,0
3.089048347253265,572.0,0
3.089157578100056,572.0,0
3.0892668089468467,572.0,0
3.089376039793638,572.0,0
3.089485270640429,572.0,0
3.08959450148722,572.0,0
3.0897037323340113,571.0,0
3.0898129631808025,572.0,0
3.0899221940275936,572.0,0
3.0900314248743848,571.0,0
3.090140655721176,571.0,0
3.090249886567967,571.0,0
3.090359117414758,570.0,0
3.0904683482615494,569.0,0
3.0905775791083405,570.0,0
3.0906868099551317,569.0,0
3.090796040801923,568.0,0
3.0909052716487135,568.0,0
3.091014502495505,568.0,0
3.0911237333422963,568.0,0
3.0912329641890874,568.0,0
3.0913421950358786,568.0,0
3.0914514258826697,568.0,0
3.091560656729461,568.0,0
3.091669887576252,568.0,0
3.0917791184230428,568.0,0
3.091888349269834,567.0,0
3.091997580116625,566.0,0
3.092106810963416,567.0,0
3.0922160418102074,566.0,0
3.0923252726569985,566.0,0
3.0924345035037897,566.0,0
3.092543734350581,566.0,0
3.092652965197372,566.0,0
3.092762196044163,566.0,0
3.0928714268909543,566.0,0
3.0929806577377454,566.0,0
3.0930898885845366,566.0,0
3.0931991194313277,566.0,0
3.093308350278119,566.0,0
3.0934175811249096,566.0,0
3.093526811971701,566.0,0
3.0936360428184924,566.0,0
3.0937452736652835,566.0,0
3.0938545045120747,566.0,0
3.093963735358866,566.0,0
3.094072966205657,566.0,0
3.094182197052448,566.0,0
3.094291427899239,566.0,0
3.09440065874603,566.0,0
3.094509889592821,566.0,0
3.0946191204396123,566.0,0
3.0947283512864034,567.0,0
3.0948375821331946,566.0,0
3.0949468129799858,566.0,0
3.095056043826777,567.0,0
3.095165274673568,567.0,0
3.095274505520359,566.0,0
3.0953837363671504,567.0,0
3.0954929672139415,568.0,0
3.0956021980607327,567.0,0
3.095711428907524,567.0,0
3.095820659754315,568.0,0
3.0959298906011057,568.0,0
3.0960391214478973,568.0,0
3.0961483522946884,568.0,0
3.0962575831414796,568.0,0
3.0963668139882707,568.0,0
3.096476044835062,568.0,0
3.096585275681853,568.0,0
3.096694506528644,568.0,0
3.096803737375435,568.0,0
3.096912968222226,568.0,0
3.097022199069017,568.0,0
3.0971314299158084,568.0,0
3.0972406607625995,568.0,0
3.0973498916093907,568.0,0
3.097459122456182,568.0,0
3.0975683533029734,568.0,0
3.097677584149764,568.0,0
3.0977868149965553,568.0,0
3.0978960458433464,568.0,0
3.0980052766901376,568.0,0
3.0981145075369287,568.0,0
3.09822373838372,568.0,0
3.098332969230511,568.0,0
3.0984422000773018,568.0,0
3.0985514309240934,568.0,0
3.0986606617708845,568.0,0
3.0987698926176757,568.0,0
3.098879123464467,568.0,0
3.098988354311258,568.0,0
3.099097585158049,568.0,0
3.0992068160048403,568.0,0
3.099316046851631,568.0,0
3.099425277698422,568.0,0
3.0995345085452133,568.0,0
3.0996437393920044,568.0,0
3.0997529702387956,568.0,0
3.0998622010855867,568.0,0
3.099971431932378,568.0,0
3.1000806627791695,568.0,0
3.10018989362596,568.0,0
3.1002991244727514,568.0,0
3.1004083553195425,568.0,0
3.1005175861663337,568.0,0
3.100626817013125,568.0,0
3.100736047859916,568.0,0
3.100845278706707,568.0,0
3.100954509553498,568.0,0
3.1010637404002894,568.0,0
3.1011729712470806,568.0,0
3.1012822020938717,568.0,0
3.101391432940663,568.0,0
3.101500663787454,568.0,0
3.101609894634245,568.0,0
3.1017191254810363,568.0,0
3.101828356327827,568.0,0
3.101937587174618,568.0,0
3.1020468180214094,568.0,0
3.1021560488682005,568.0,0
3.1022652797149917,568.0,0
3.102374510561783,568.0,0
3.102483741408574,568.0,0
3.1025929722553656,568.0,0
3.1027022031021563,568.0,0
3.1028114339489474,568.0,0
3.1029206647957386,568.0,0
3.1030298956425297,568.0,0
3.103139126489321,568.0,0
3.103248357336112,568.0,0
3.103357588182903,568.0,0
3.1034668190296943,568.0,0
3.1035760498764855,568.0,0
3.1036852807232767,568.0,0
3.103794511570068,568.0,0
3.103903742416859,568.0,0
3.10401297326365,568.0,0
3.1041222041104413,568.0,0
3.1042314349572324,568.0,0
3.104340665804023,568.0,0
3.1044498966508143,569.0,0
3.1045591274976054,568.0,0
3.1046683583443966,568.0,0
3.1047775891911877,569.0,0
3.104886820037979,569.0,0
3.10499605088477,569.0,0
3.1051052817315616,569.0,0
3.1052145125783523,569.0,0
3.1053237434251435,569.0,0
3.1054329742719347,569.0,0
3.105542205118726,569.0,0
3.105651435965517,569.0,0
3.105760666812308,569.0,0
3.1058698976590993,569.0,0
3.1059791285058904,569.0,0
3.1060883593526816,569.0,0
3.1061975901994727,569.0,0
3.106306821046264,569.0,0
3.106416051893055,569.0,0
3.106525282739846,569.0,0
3.1066345135866373,569.0,0
3.1067437444334285,569.0,0
3.106852975280219,569.0,0
3.1069622061270104,569.0,0
3.1070714369738015,569.0,0
3.1071806678205927,569.0,0
3.107289898667384,569.0,0
3.107399129514175,569.0,0
3.107508360360966,569.0,0
3.1076175912077577,569.0,0
3.1077268220545484,569.0,0
3.1078360529013396,570.0,0
3.1079452837481307,569.0,0
3.108054514594922,569.0,0
3.108163745441713,569.0,0
3.108272976288504,570.0,0
3.1083822071352953,569.0,0
3.1084914379820865,569.0,0
3.1086006688288776,569.0,0
3.108709899675669,569.0,0
3.10881913052246,569.0,0
3.108928361369251,569.0,0
3.1090375922160423,569.0,0
3.1091468230628334,569.0,0
3.1092560539096246,569.0,0
3.1093652847564153,569.0,0
3.1094745156032064,569.0,0
3.1095837464499976,568.0,0
3.1096929772967887,569.0,0
3.10980220814358,569.0,0
3.109911438990371,569.0,0
3.110020669837162,569.0,0
3.110129900683954,569.0,0
3.1102391315307445,569.0,0
3.1103483623775356,569.0,0
3.110457593224327,569.0,0
3.110566824071118,570.0,0
3.110676054917909,569.0,0
3.1107852857647003,569.0,0
3.1108945166114914,570.0,0
3.1110037474582826,569.0,0
3.1111129783050737,569.0,0
3.111222209151865,570.0,0
3.111331439998656,570.0,0
3.111440670845447,569.0,0
3.1115499016922383,570.0,0
3.1116591325390295,570.0,0
3.1117683633858206,569.0,0
3.111877594232612,569.0,0
3.1119868250794025,570.0,0
3.1120960559261936,569.0,0
3.112205286772985,569.0,0
3.112314517619776,569.0,0
3.112423748466567,569.0,0
3.1125329793133583,569.0,0
3.11264221016015,569.0,0
3.1127514410069406,569.0,0
3.1128606718537317,569.0,0
3.112969902700523,569.0,0
3.113079133547314,569.0,0
3.113188364394105,568.0,0
3.1132975952408963,568.0,0
3.1134068260876875,568.0,0
3.1135160569344786,568.0,0
3.11362528778127,568.0,0
3.113734518628061,568.0,0
3.113843749474852,568.0,0
3.1139529803216432,568.0,0
3.1140622111684344,568.0,0
3.1141714420152256,568.0,0
3.1142806728620167,568.0,0
3.114389903708808,568.0,0
3.1144991345555986,568.0,0
3.1146083654023897,569.0,0
3.114717596249181,568.0,0
3.114826827095972,568.0,0
3.114936057942763,569.0,0
3.1150452887895543,569.0,0
3.115154519636346,568.0,0
3.1152637504831366,569.0,0
3.115372981329928,569.0,0
3.115482212176719,569.0,0
3.11559144302351,569.0,0
3.1157006738703013,569.0,0
3.1158099047170924,569.0,0
3.1159191355638836,569.0,0
3.1160283664106747,569.0,0
3.116137597257466,569.0,0
3.116246828104257,569.0,0
3.116356058951048,569.0,0
3.1164652897978393,569.0,0
3.1165745206446305,569.0,0
3.1166837514914216,569.0,0
3.116792982338213,569.0,0
3.116902213185004,569.0,0
3.1170114440317946,569.0,0
3.117120674878586,569.0,0
3.117229905725377,569.0,0
3.117339136572168,569.0,0
3.1174483674189593,569.0,0
3.1175575982657504,569.0,0
3.117666829112542,569.0,0
3.1177760599593327,569.0,0
3.117885290806124,568.0,0
3.117994521652915,569.0,0
3.118103752499706,569.0,0
3.1182129833464973,568.0,0
3.1183222141932885,569.0,0
3.1184314450400796,569.0,0
3.118540675886871,568.0,0
3.118649906733662,568.0,0
3.118759137580453,569.0,0
3.1188683684272442,569.0,0
3.1189775992740354,569.0,0
3.1190868301208265,569.0,0
3.1191960609676177,569.0,0
3.119305291814409,569.0,0
3.1194145226612,569.0,0
3.1195237535079907,569.0,0
3.119632984354782,569.0,0
3.119742215201573,568.0,0
3.119851446048364,569.0,0
3.1199606768951553,569.0,0
3.1200699077419465,568.0,0
3.120179138588738,568.0,0
3.1202883694355292,568.0,0
3.12039760028232,568.0,0
3.120506831129111,568.0,0
3.1206160619759022,568.0,0
3.1207252928226934,568.0,0
3.1208345236694846,568.0,0
3.1209437545162757,568.0,0
3.121052985363067,568.0,0
3.121162216209858,568.0,0
3.121271447056649,568.0,0
3.1213806779034403,568.0,0
3.1214899087502315,568.0,0
3.1215991395970226,568.0,0
3.1217083704438138,568.0,0
3.121817601290605,568.0,0
3.121926832137396,568.0,0
3.122036062984187,568.0,0
3.122145293830978,568.0,0
3.122254524677769,568.0,0
3.1223637555245602,568.0,0
3.1224729863713514,568.0,0
3.1225822172181426,568.0,0
3.122691448064934,568.0,0
3.1228006789117253,568.0,0
3.122909909758516,568.0,0
3.123019140605307,568.0,0
3.1231283714520983,568.0,0
3.1232376022988895,568.0,0
3.1233468331456806,568.0,0
3.1234560639924718,568.0,0
3.123565294839263,568.0,0
3.123674525686054,568.0,0
3.1237837565328452,568.0,0
3.1238929873796364,568.0,0
3.1240022182264275,568.0,0
3.1241114490732187,568.0,0
3.12422067992001,568.0,0
3.124329910766801,568.0,0
3.124439141613592,568.0,0
3.124548372460383,567.0,0
3.124657603307174,568.0,0
3.124766834153965,568.0,0
3.1248760650007563,567.0,0
3.1249852958475475,567.0,0
3.1250945266943386,568.0,0
3.1252037575411302,568.0,0
3.1253129883879214,567.0,0
3.125422219234712,567.0,0
3.1255314500815032,568.0,0
3.1256406809282944,567.0,0
3.1257499117750855,567.0,0
3.1258591426218767,568.0,0
3.125968373468668,568.0,0
3.126077604315459,567.0,0
3.12618683516225,568.0,0
3.1262960660090413,568.0,0
3.1264052968558325,567.0,0
3.1265145277026236,566.0,0
3.1266237585494148,567.0,0
3.126732989396206,567.0,0
3.126842220242997,566.0,0
3.1269514510897882,566.0,0
3.127060681936579,566.0,0
3.12716991278337,566.0,0
3.1272791436301612,566.0,0
3.1273883744769524,566.0,0
3.1274976053237435,565.0,0
3.1276068361705347,565.0,0
3.1277160670173263,566.0,0
3.1278252978641174,565.0,0
3.127934528710908,564.0,0
3.1280437595576993,564.0,0
3.1281529904044905,565.0,0
3.1282622212512816,564.0,0
3.1283714520980728,564.0,0
3.128480682944864,564.0,0
3.128589913791655,564.0,0
3.1286991446384462,563.0,0
3.1288083754852374,564.0,0
3.1289176063320285,563.0,0
3.1290268371788197,563.0,0
3.129136068025611,563.0,0
3.129245298872402,563.0,0
3.129354529719193,563.0,0
3.1294637605659843,563.0,0
3.129572991412775,563.0,0
3.129682222259566,563.0,0
3.1297914531063573,563.0,0
3.1299006839531485,562.0,0
3.1300099147999396,562.0,0
3.1301191456467308,562.0,0
3.1302283764935224,562.0,0
3.1303376073403135,562.0,0
3.1304468381871042,561.0,0
3.1305560690338954,561.0,0
3.1306652998806865,561.0,0
3.1307745307274777,561.0,0
3.130883761574269,561.0,0
3.13099299242106,561.0,0
3.131102223267851,561.0,0
3.1312114541146423,561.0,0
3.1313206849614335,561.0,0
3.1314299158082246,561.0,0
3.1315391466550158,561.0,0
3.131648377501807,561.0,0
3.131757608348598,561.0,0
3.131866839195389,561.0,0
3.1319760700421804,561.0,0
3.132085300888971,561.0,0
3.1321945317357622,561.0,0
3.1323037625825534,561.0,0
3.1324129934293445,561.0,0
3.1325222242761357,562.0,0
3.132631455122927,562.0,0
3.1327406859697184,562.0,0
3.1328499168165096,562.0,0
3.1329591476633003,563.0,0
3.1330683785100915,563.0,0
3.1331776093568826,562.0,0
3.1332868402036738,563.0,0
3.133396071050465,563.0,0
3.133505301897256,563.0,0
3.133614532744047,563.0,0
3.1337237635908384,563.0,0
3.1338329944376295,563.0,0
3.1339422252844207,563.0,0
3.134051456131212,563.0,0
3.134160686978003,563.0,0
3.134269917824794,562.0,0
3.1343791486715853,562.0,0
3.1344883795183764,563.0,0
3.1345976103651676,562.0,0
3.1347068412119583,562.0,0
3.1348160720587495,562.0,0
3.1349253029055406,562.0,0
3.1350345337523318,561.0,0
3.135143764599123,561.0,0
3.1352529954459145,562.0,0
3.1353622262927057,561.0,0
3.1354714571394964,561.0,0
3.1355806879862875,561.0,0
3.1356899188330787,561.0,0
3.13579914967987,561.0,0
3.135908380526661,561.0,0
3.136017611373452,561.0,0
3.1361268422202433,561.0,0
3.1362360730670344,561.0,0
3.1363453039138256,561.0,0
3.1364545347606168,561.0,0
3.136563765607408,561.0,0
3.136672996454199,561.0,0
3.13678222730099,561.0,0
3.1368914581477814,561.0,0
3.1370006889945725,561.0,0
3.1371099198413637,561.0,0
3.1372191506881544,561.0,0
3.1373283815349455,561.0,0
3.1374376123817367,561.0,0
3.137546843228528,561.0,0
3.137656074075319,561.0,0
3.1377653049221106,561.0,0
3.1378745357689017,561.0,0
3.1379837666156924,561.0,0
3.1380929974624836,561.0,0
3.1382022283092748,561.0,0
3.138311459156066,561.0,0
3.138420690002857,561.0,0
3.138529920849648,561.0,0
3.1386391516964394,562.0,0
3.1387483825432305,562.0,0
3.1388576133900217,562.0,0
3.138966844236813,562.0,0
3.139076075083604,562.0,0
3.139185305930395,562.0,0
3.1392945367771863,563.0,0
3.1394037676239774,563.0,0
3.1395129984707686,563.0,0
3.1396222293175597,563.0,0
3.1397314601643505,563.0,0
3.1398406910111416,563.0,0
3.1399499218579328,563.0,0
3.140059152704724,563.0,0
3.140168383551515,564.0,0
3.1402776143983067,563.0,0
3.140386845245098,564.0,0
3.1404960760918885,564.0,0
3.1406053069386797,564.0,0
3.140714537785471,564.0,0
3.140823768632262,564.0,0
3.140932999479053,565.0,0
3.1410422303258443,565.0,0
3.1411514611726354,565.0,0
3.1412606920194266,566.0,0
3.1413699228662177,566.0,0
3.141479153713009,566.0,0
3.1415883845598,566.0,0
3.141697615406591,566.0,0
3.1418068462533824,566.0,0
3.1419160771001735,566.0,0
3.1420253079469647,566.0,0
3.142134538793756,566.0,0
3.1422437696405465,566.0,0
3.1423530004873377,566.0,0
3.142462231334129,566.0,0
3.14257146218092,566.0,0
3.142680693027711,566.0,0
3.1427899238745027,567.0,0
3.142899154721294,567.0,0
3.143008385568085,567.0,0
3.1431176164148757,567.0,0
3.143226847261667,568.0,0
3.143336078108458,568.0,0
3.143445308955249,568.0,0
3.1435545398020404,568.0,0
3.1436637706488315,568.0,0
3.1437730014956227,568.0,0
3.143882232342414,568.0,0
3.143991463189205,568.0,0
3.144100694035996,568.0,0
3.1442099248827873,568.0,0
3.1443191557295784,568.0,0
3.1444283865763696,568.0,0
3.1445376174231607,568.0,0
3.144646848269952,568.0,0
3.1447560791167426,568.0,0
3.1448653099635338,568.0,0
3.144974540810325,568.0,0
3.145083771657116,568.0,0
3.145193002503907,568.0,0
3.145302233350699,568.0,0
3.14541146419749,568.0,0
3.145520695044281,568.0,0
3.145629925891072,568.0,0
3.145739156737863,568.0,0
3.145848387584654,568.0,0
3.1459576184314453,568.0,0
3.1460668492782364,568.0,0
3.1461760801250276,568.0,0
3.1462853109718187,568.0,0
3.14639454181861,568.0,0
3.146503772665401,568.0,0
3.146613003512192,568.0,0
3.1467222343589833,568.0,0
3.1468314652057745,568.0,0
3.1469406960525657,568.0,0
3.147049926899357,568.0,0
3.147159157746148,568.0,0
3.1472683885929387,568.0,0
3.14737761943973,568.0,0
3.147486850286521,568.0,0
3.147596081133312,568.0,0
3.1477053119801033,568.0,0
3.147814542826895,568.0,0
3.147923773673686,568.0,0
3.148033004520477,568.0,0
3.148142235367268,568.0,0
3.148251466214059,568.0,0
3.14836069706085,568.0,0
3.1484699279076414,568.0,0
3.1485791587544325,568.0,0
3.1486883896012237,568.0,0
3.148797620448015,568.0,0
3.148906851294806,568.0,0
3.149016082141597,568.0,0
3.1491253129883883,568.0,0
3.1492345438351794,568.0,0
3.1493437746819706,568.0,0
3.1494530055287617,567.0,0
3.149562236375553,567.0,0
3.149671467222344,567.0,0
3.1497806980691347,566.0,0
3.149889928915926,566.0,0
3.149999159762717,566.0,0
3.150108390609508,566.0,0
3.1502176214562994,566.0,0
3.150326852303091,566.0,0
3.150436083149882,566.0,0
3.1505453139966733,565.0,0
3.150654544843464,565.0,0
3.150763775690255,565.0,0
3.1508730065370463,565.0,0
3.1509822373838374,564.0,0
3.1510914682306286,564.0,0
3.1512006990774197,564.0,0
3.151309929924211,564.0,0
3.151419160771002,564.0,0
3.151528391617793,564.0,0
3.1516376224645843,564.0,0
3.1517468533113755,564.0,0
3.1518560841581666,563.0,0
3.151965315004958,564.0,0
3.152074545851749,563.0,0
3.15218377669854,563.0,0
3.152293007545331,563.0,0
3.152402238392122,563.0,0
3.152511469238913,563.0,0
3.1526207000857043,563.0,0
3.1527299309324954,563.0,0
3.152839161779287,562.0,0
3.152948392626078,562.0,0
3.1530576234728693,563.0,0
3.15316685431966,562.0,0
3.153276085166451,561.0,0
3.1533853160132423,562.0,0
3.1534945468600335,563.0,0
3.1536037777068247,562.0,0
3.153713008553616,562.0,0
3.153822239400407,562.0,0
3.153931470247198,563.0,0
3.1540407010939893,562.0,0
3.1541499319407804,562.0,0
3.1542591627875716,563.0,0
3.1543683936343627,562.0,0
3.154477624481154,562.0,0
3.154586855327945,563.0,0
3.154696086174736,562.0,0
3.154805317021527,561.0,0
3.154914547868318,562.0,0
3.155023778715109,563.0,0
3.1551330095619003,562.0,0
3.1552422404086915,561.0,0
3.155351471255483,562.0,0
3.1554607021022743,561.0,0
3.1555699329490654,561.0,0
3.155679163795856,561.0,0
3.1557883946426473,561.0,0
3.1558976254894384,561.0,0
3.1560068563362296,561.0,0
3.1561160871830207,561.0,0
3.156225318029812,561.0,0
3.156334548876603,560.0,0
3.156443779723394,560.0,0
3.1565530105701853,561.0,0
3.1566622414169765,560.0,0
3.1567714722637676,560.0,0
3.156880703110559,560.0,0
3.15698993395735,560.0,0
3.157099164804141,560.0,0
3.1572083956509323,560.0,0
3.1573176264977234,560.0,0
3.157426857344514,560.0,0
3.1575360881913053,560.0,0
3.1576453190380964,560.0,0
3.1577545498848876,560.0,0
3.157863780731679,560.0,0
3.1579730115784703,560.0,0
3.1580822424252615,560.0,0
3.158191473272052,560.0,0
3.1583007041188433,560.0,0
3.1584099349656345,561.0,0
3.1585191658124256,561.0,0
3.158628396659217,561.0,0
3.158737627506008,562.0,0
3.158846858352799,562.0,0
3.1589560891995903,562.0,0
3.1590653200463814,562.0,0
3.1591745508931726,563.0,0
3.1592837817399637,563.0,0
3.159393012586755,563.0,0
3.159502243433546,564.0,0
3.159611474280337,564.0,0
3.1597207051271283,564.0,0
3.1598299359739195,564.0,0
3.15993916682071,566.0,0
3.1600483976675013,565.0,0
3.1601576285142925,566.0,0
3.1602668593610836,566.0,0
3.1603760902078752,566.0,0
3.1604853210546664,566.0,0
3.1605945519014575,567.0,0
3.1607037827482483,568.0,0
3.1608130135950394,567.0,0
3.1609222444418306,568.0,0
3.1610314752886217,568.0,0
3.161140706135413,568.0,0
3.161249936982204,568.0,0
3.161359167828995,568.0,0
3.1614683986757863,568.0,0
3.1615776295225775,568.0,0
3.1616868603693686,568.0,0
3.16179609121616,568.0,0
3.161905322062951,568.0,0
3.162014552909742,568.0,0
3.1621237837565332,569.0,0
3.1622330146033244,568.0,0
3.1623422454501156,568.0,0
3.1624514762969063,569.0,0
3.1625607071436974,569.0,0
3.1626699379904886,568.0,0
3.1627791688372797,568.0,0
3.1628883996840713,569.0,0
3.1629976305308625,568.0,0
3.1631068613776536,568.0,0
3.1632160922244443,568.0,0
3.1633253230712355,568.0,0
3.1634345539180266,568.0,0
3.163543784764818,568.0,0
3.163653015611609,568.0,0
3.1637622464584,568.0,0
3.1638714773051912,568.0,0
3.1639807081519824,568.0,0
3.1640899389987736,568.0,0
3.1641991698455647,568.0,0
3.164308400692356,568.0,0
3.164417631539147,568.0,0
3.164526862385938,568.0,0
3.1646360932327293,568.0,0
3.1647453240795205,568.0,0
3.1648545549263116,568.0,0
3.1649637857731023,566.0,0
3.1650730166198935,567.0,0
3.1651822474666846,567.0,0
3.165291478313476,566.0,0
3.1654007091602674,566.0,0
3.1655099400070585,567.0,0
3.1656191708538497,566.0,0
3.165728401700641,566.0,0
3.1658376325474316,566.0,0
3.1659468633942227,566.0,0
3.166056094241014,566.0,0
3.166165325087805,566.0,0
3.166274555934596,566.0,0
3.1663837867813873,566.0,0
3.1664930176281785,566.0,0
3.1666022484749696,566.0,0
3.166711479321761,566.0,0
3.166820710168552,566.0,0
3.166929941015343,566.0,0
3.1670391718621342,566.0,0
3.1671484027089254,566.0,0
3.1672576335557165,566.0,0
3.1673668644025077,566.0,0
3.1674760952492984,566.0,0
3.1675853260960896,566.0,0
3.1676945569428807,566.0,0
3.167803787789672,566.0,0
3.1679130186364635,566.0,0
3.1680222494832546,565.0,0
3.1681314803300458,566.0,0
3.168240711176837,565.0,0
3.1683499420236276,565.0,0
3.168459172870419,565.0,0
3.16856840371721,565.0,0
3.168677634564001,564.0,0
3.1687868654107922,564.0,0
3.1688960962575834,564.0,0
3.1690053271043745,564.0,0
3.1691145579511657,564.0,0
3.169223788797957,564.0,0
3.169333019644748,564.0,0
3.169442250491539,564.0,0
3.1695514813383303,564.0,0
3.1696607121851215,564.0,0
3.1697699430319126,564.0,0
3.1698791738787038,564.0,0
3.1699884047254945,565.0,0
3.1700976355722856,564.0,0
3.170206866419077,564.0,0
3.170316097265868,566.0,0
3.1704253281126595,565.0,0
3.1705345589594507,565.0,0
3.170643789806242,565.0,0
3.170753020653033,566.0,0
3.1708622514998237,565.0,0
3.170971482346615,565.0,0
3.171080713193406,566.0,0
3.171189944040197,566.0,0
3.1712991748869883,565.0,0
3.1714084057337795,566.0,0
3.1715176365805706,566.0,0
3.1716268674273618,566.0,0
3.171736098274153,566.0,0
3.171845329120944,567.0,0
3.1719545599677352,566.0,0
3.1720637908145264,566.0,0
3.1721730216613175,567.0,0
3.1722822525081087,567.0,0
3.1723914833549,566.0,0
3.1725007142016906,567.0,0
3.1726099450484817,568.0,0
3.172719175895273,568.0,0
3.172828406742064,567.0,0
3.1729376375888556,568.0,0
3.1730468684356468,568.0,0
3.173156099282438,568.0,0
3.173265330129229,568.0,0
3.1733745609760198,568.0,0
3.173483791822811,568.0,0
3.173593022669602,568.0,0
3.1737022535163932,568.0,0
3.1738114843631844,568.0,0
3.1739207152099755,568.0,0
3.1740299460567667,568.0,0
3.174139176903558,568.0,0
3.174248407750349,568.0,0
3.17435763859714,567.0,0
3.1744668694439313,567.0,0
3.1745761002907225,567.0,0
3.1746853311375136,566.0,0
3.1747945619843048,566.0,0
3.174903792831096,566.0,0
3.1750130236778866,566.0,0
3.175122254524678,566.0,0
3.175231485371469,566.0,0
3.17534071621826,566.0,0
3.1754499470650517,565.0,0
3.175559177911843,566.0,0
3.175668408758634,566.0,0
3.175777639605425,566.0,0
3.175886870452216,566.0,0
3.175996101299007,566.0,0
3.176105332145798,565.0,0
3.1762145629925893,565.0,0
3.1763237938393805,566.0,0
3.1764330246861716,566.0,0
3.1765422555329628,564.0,0
3.176651486379754,565.0,0
3.176760717226545,566.0,0
3.1768699480733362,564.0,0
3.1769791789201274,564.0,0
3.1770884097669185,566.0,0
3.1771976406137097,565.0,0
3.177306871460501,564.0,0
3.177416102307292,565.0,0
3.1775253331540827,566.0,0
3.177634564000874,565.0,0
3.177743794847665,565.0,0
3.177853025694456,566.0,0
3.1779622565412478,566.0,0
3.178071487388039,566.0,0
3.17818071823483,566.0,0
3.178289949081621,566.0,0
3.178399179928412,566.0,0
3.178508410775203,566.0,0
3.1786176416219942,566.0,0
3.1787268724687854,566.0,0
3.1788361033155765,566.0,0
3.1789453341623677,566.0,0
3.179054565009159,567.0,0
3.17916379585595,566.0,0
3.179273026702741,566.0,0
3.1793822575495323,567.0,0
3.1794914883963235,567.0,0
3.1796007192431146,566.0,0
3.1797099500899058,567.0,0
3.179819180936697,567.0,0
3.179928411783488,567.0,0
3.1800376426302788,567.0,0
3.18014687347707,568.0,0
3.180256104323861,568.0,0
3.1803653351706522,568.0,0
3.180474566017444,568.0,0
3.180583796864235,568.0,0
3.180693027711026,568.0,0
3.1808022585578173,567.0,0
3.180911489404608,568.0,0
3.181020720251399,568.0,0
3.1811299510981903,567.0,0
3.1812391819449815,567.0,0
3.1813484127917726,567.0,0
3.1814576436385638,567.0,0
3.181566874485355,566.0,0
3.181676105332146,566.0,0
3.181785336178937,566.0,0
3.1818945670257284,566.0,0
3.1820037978725195,566.0,0
3.1821130287193107,566.0,0
3.182222259566102,566.0,0
3.182331490412893,565.0,0
3.182440721259684,566.0,0
3.1825499521064753,566.0,0
3.182659182953266,564.0,0
3.182768413800057,564.0,0
3.1828776446468483,564.0,0
3.18298687549364,564.0,0
3.183096106340431,563.0,0
3.183205337187222,564.0,0
3.1833145680340134,563.0,0
3.183423798880804,563.0,0
3.183533029727595,563.0,0
3.1836422605743864,563.0,0
3.1837514914211775,563.0,0
3.1838607222679687,563.0,0
3.18396995311476,563.0,0
3.184079183961551,563.0,0
3.184188414808342,562.0,0
3.1842976456551333,562.0,0
3.1844068765019244,562.0,0
3.1845161073487156,562.0,0
3.1846253381955067,562.0,0
3.184734569042298,562.0,0
3.184843799889089,562.0,0
3.18495303073588,561.0,0
3.1850622615826714,561.0,0
3.185171492429462,562.0,0
3.1852807232762532,562.0,0
3.1853899541230444,561.0,0
3.185499184969836,562.0,0
3.185608415816627,562.0,0
3.1857176466634183,561.0,0
3.1858268775102094,561.0,0
3.185936108357,562.0,0
3.1860453392037913,562.0,0
3.1861545700505824,561.0,0
3.1862638008973736,562.0,0
3.1863730317441648,562.0,0
3.186482262590956,561.0,0
3.186591493437747,561.0,0
3.186700724284538,562.0,0
3.1868099551313294,561.0,0
3.1869191859781205,561.0,0
3.1870284168249117,561.0,0
3.187137647671703,561.0,0
3.187246878518494,561.0,0
3.187356109365285,561.0,0
3.1874653402120763,561.0,0
3.1875745710588674,561.0,0
3.187683801905658,561.0,0
3.1877930327524493,561.0,0
3.1879022635992404,561.0,0
3.188011494446032,561.0,0
3.188120725292823,561.0,0
3.1882299561396144,562.0,0
3.1883391869864055,561.0,0
3.1884484178331967,562.0,0
3.1885576486799874,562.0,0
3.1886668795267785,562.0,0
3.1887761103735697,562.0,0
3.188885341220361,563.0,0
3.188994572067152,563.0,0
3.189103802913943,563.0,0
3.1892130337607343,563.0,0
3.1893222646075254,563.0,0
3.1894314954543166,563.0,0
3.1895407263011077,563.0,0
3.189649957147899,563.0,0
3.18975918799469,563.0,0
3.189868418841481,563.0,0
3.1899776496882724,563.0,0
3.1900868805350635,563.0,0
3.190196111381854,563.0,0
3.1903053422286454,563.0,0
3.1904145730754365,563.0,0
3.190523803922228,563.0,0
3.1906330347690193,563.0,0
3.1907422656158104,563.0,0
3.1908514964626016,563.0,0
3.1909607273093927,563.0,0
3.1910699581561834,563.0,0
3.1911791890029746,563.0,0
3.1912884198497657,563.0,0
3.191397650696557,563.0,0
3.191506881543348,563.0,0
3.191616112390139,563.0,0
3.1917253432369304,563.0,0
3.1918345740837215,563.0,0
3.1919438049305127,563.0,0
3.192053035777304,562.0,0
3.192162266624095,561.0,0
3.192271497470886,561.0,0
3.1923807283176773,562.0,0
3.1924899591644684,561.0,0
3.1925991900112596,560.0,0
3.1927084208580503,560.0,0
3.1928176517048414,560.0,0
3.1929268825516326,560.0,0
3.193036113398424,560.0,0
3.1931453442452153,560.0,0
3.1932545750920065,559.0,0
3.1933638059387977,559.0,0
3.193473036785589,559.0,0
3.1935822676323795,558.0,0
3.1936914984791707,558.0,0
3.193800729325962,558.0,0
3.193909960172753,558.0,0
3.194019191019544,557.0,0
3.1941284218663353,557.0,0
3.1942376527131264,557.0,0
3.1943468835599176,557.0,0
3.1944561144067087,556.0,0
3.1945653452535,557.0,0
3.194674576100291,557.0,0
3.194783806947082,557.0,0
3.1948930377938733,557.0,0
3.1950022686406645,557.0,0
3.1951114994874557,557.0,0
3.1952207303342464,557.0,0
3.1953299611810375,557.0,0
3.1954391920278287,558.0,0
3.1955484228746203,557.0,0
3.1956576537214114,558.0,0
3.1957668845682026,558.0,0
3.1958761154149937,558.0,0
3.195985346261785,557.0,0
3.1960945771085756,558.0,0
3.1962038079553667,558.0,0
3.196313038802158,557.0,0
3.196422269648949,557.0,0
3.19653150049574,558.0,0
3.1966407313425313,557.0,0
3.1967499621893225,557.0,0
3.196859193036114,557.0,0
3.196968423882905,558.0,0
3.197077654729696,556.0,0
3.197186885576487,557.0,0
3.1972961164232783,557.0,0
3.1974053472700694,557.0,0
3.1975145781168606,556.0,0
3.1976238089636517,557.0,0
3.1977330398104424,556.0,0
3.1978422706572336,556.0,0
3.1979515015040247,556.0,0
3.1980607323508163,556.0,0
3.1981699631976075,556.0,0
3.1982791940443986,556.0,0
3.19838842489119,556.0,0
3.198497655737981,556.0,0
3.1986068865847717,556.0,0
3.198716117431563,556.0,0
3.198825348278354,556.0,0
3.198934579125145,556.0,0
3.1990438099719363,556.0,0
3.1991530408187274,556.0,0
3.1992622716655186,556.0,0
3.19937150251231,556.0,0
3.199480733359101,556.0,0
3.199589964205892,557.0,0
3.199699195052683,556.0,0
3.1998084258994743,556.0,0
3.1999176567462655,556.0,0
3.2000268875930566,556.0,0
3.200136118439848,556.0,0
3.2002453492866385,556.0,0
3.2003545801334297,556.0,0
3.200463810980221,556.0,0
3.2005730418270124,556.0,0
3.2006822726738036,556.0,0
3.2007915035205947,556.0,0
3.200900734367386,556.0,0
3.201009965214177,556.0,0
3.2011191960609677,556.0,0
3.201228426907759,556.0,0
3.20133765775455,556.0,0
3.201446888601341,556.0,0
3.2015561194481323,556.0,0
3.2016653502949235,556.0,0
3.2017745811417146,556.0,0
3.2018838119885062,555.0,0
3.201993042835297,556.0,0
3.202102273682088,555.0,0
3.2022115045288793,555.0,0
3.2023207353756704,555.0,0
3.2024299662224616,556.0,0
3.2025391970692527,555.0,0
3.202648427916044,555.0,0
3.2027576587628346,556.0,0
3.2028668896096257,555.0,0
3.202976120456417,556.0,0
3.2030853513032085,556.0,0
3.2031945821499996,556.0,0
3.203303812996791,556.0,0
3.203413043843582,556.0,0
3.203522274690373,556.0,0
3.203631505537164,556.0,0
3.203740736383955,557.0,0
3.203849967230746,557.0,0
3.2039591980775373,558.0,0
3.2040684289243284,558.0,0
3.2041776597711196,559.0,0
3.2042868906179107,559.0,0
3.2043961214647023,559.0,0
3.204505352311493,559.0,0
3.204614583158284,560.0,0
3.2047238140050753,560.0,0
3.2048330448518665,560.0,0
3.2049422756986576,560.0,0
3.205051506545449,561.0,0
3.20516073739224,561.0,0
3.205269968239031,561.0,0
3.205379199085822,562.0,0
3.205488429932613,562.0,0
3.2055976607794046,562.0,0
3.2057068916261957,563.0,0
3.205816122472987,563.0,0
3.205925353319778,563.0,0
3.206034584166569,563.0,0
3.20614381501336,563.0,0
3.206253045860151,563.0,0
3.206362276706942,563.0,0
3.2064715075537333,563.0,0
3.2065807384005245,563.0,0
3.2066899692473156,563.0,0
3.206799200094107,563.0,0
3.2069084309408984,564.0,0
3.207017661787689,563.0,0
3.2071268926344803,563.0,0
3.2072361234812714,563.0,0
3.2073453543280626,563.0,0
3.2074545851748537,563.0,0
3.207563816021645,563.0,0
3.207673046868436,563.0,0
3.207782277715227,563.0,0
3.207891508562018,563.0,0
3.208000739408809,563.0,0
3.2081099702556006,563.0,0
3.208219201102392,563.0,0
3.208328431949183,562.0,0
3.208437662795974,563.0,0
3.2085468936427652,563.0,0
3.208656124489556,561.0,0
3.208765355336347,562.0,0
3.2088745861831383,562.0,0
3.2089838170299294,561.0,0
3.2090930478767206,561.0,0
3.2092022787235117,562.0,0
3.209311509570303,561.0,0
3.2094207404170945,561.0,0
3.209529971263885,561.0,0
3.2096392021106763,561.0,0
3.2097484329574675,560.0,0
3.2098576638042586,560.0,0
3.20996689465105,561.0,0
3.210076125497841,561.0,0
3.210185356344632,560.0,0
3.2102945871914232,560.0,0
3.210403818038214,560.0,0
3.210513048885005,560.0,0
3.2106222797317967,560.0,0
3.210731510578588,560.0,0
3.210840741425379,560.0,0
3.21094997227217,560.0,0
3.2110592031189613,560.0,0
3.211168433965752,560.0,0
3.211277664812543,560.0,0
3.2113868956593343,560.0,0
3.2114961265061255,560.0,0
3.2116053573529166,559.0,0
3.211714588199708,559.0,0
3.211823819046499,560.0,0
3.2119330498932905,559.0,0
3.2120422807400812,558.0,0
3.2121515115868724,559.0,0
3.2122607424336636,559.0,0
3.2123699732804547,558.0,0
3.212479204127246,558.0,0
3.212588434974037,559.0,0
3.212697665820828,558.0,0
3.2128068966676193,558.0,0
3.21291612751441,558.0,0
3.213025358361201,558.0,0
3.2131345892079928,557.0,0
3.213243820054784,557.0,0
3.213353050901575,558.0,0
3.2134622817483662,557.0,0
3.2135715125951574,557.0,0
3.2136807434419485,557.0,0
3.2137899742887392,558.0,0
3.2138992051355304,556.0,0
3.2140084359823216,557.0,0
3.2141176668291127,557.0,0
3.214226897675904,556.0,0
3.214336128522695,556.0,0
3.2144453593694866,558.0,0
3.2145545902162773,557.0,0
3.2146638210630685,556.0,0
3.2147730519098596,556.0,0
3.2148822827566508,558.0,0
3.214991513603442,556.0,0
3.215100744450233,556.0,0
3.2152099752970242,557.0,0
3.2153192061438154,557.0,0
3.215428436990606,556.0,0
3.2155376678373973,556.0,0
3.215646898684189,557.0,0
3.21575612953098,556.0,0
3.215865360377771,556.0,0
3.2159745912245623,557.0,0
3.2160838220713535,556.0,0
3.2161930529181446,556.0,0
3.2163022837649353,556.0,0
3.2164115146117265,556.0,0
3.2165207454585176,556.0,0
3.216629976305309,556.0,0
3.2167392071521,556.0,0
3.216848437998891,556.0,0
3.2169576688456827,556.0,0
3.2170668996924734,556.0,0
3.2171761305392645,556.0,0
3.2172853613860557,556.0,0
3.217394592232847,556.0,0
3.217503823079638,557.0,0
3.217613053926429,557.0,0
3.2177222847732203,557.0,0
3.2178315156200115,557.0,0
3.217940746466802,558.0,0
3.2180499773135933,558.0,0
3.218159208160385,558.0,0
3.218268439007176,558.0,0
3.2183776698539672,558.0,0
3.2184869007007584,558.0,0
3.2185961315475495,558.0,0
3.2187053623943407,559.0,0
3.2188145932411314,558.0,0
3.2189238240879225,558.0,0
3.2190330549347137,559.0,0
3.219142285781505,559.0,0
3.219251516628296,559.0,0
3.219360747475087,559.0,0
3.2194699783218788,559.0,0
3.21957920916867,559.0,0
3.2196884400154606,559.0,0
3.2197976708622518,559.0,0
3.219906901709043,559.0,0
3.220016132555834,558.0,0
3.2201253634026252,558.0,0
3.2202345942494164,558.0,0
3.2203438250962075,558.0,0
3.2204530559429982,558.0,0
3.2205622867897894,558.0,0
3.220671517636581,558.0,0
3.220780748483372,558.0,0
3.2208899793301633,557.0,0
3.2209992101769545,557.0,0
3.2211084410237456,557.0,0
3.2212176718705368,557.0,0
3.2213269027173275,557.0,0
3.2214361335641186,557.0,0
3.2215453644109098,556.0,0
3.221654595257701,557.0,0
3.221763826104492,556.0,0
3.2218730569512832,556.0,0
3.221982287798075,556.0,0
3.222091518644866,556.0,0
3.2222007494916567,556.0,0
3.222309980338448,556.0,0
3.222419211185239,556.0,0
3.22252844203203,556.0,0
3.2226376728788213,556.0,0
3.2227469037256125,556.0,0
3.2228561345724036,555.0,0
3.2229653654191943,555.0,0
3.2230745962659855,555.0,0
3.223183827112777,555.0,0
3.223293057959568,555.0,0
3.2234022888063594,554.0,0
3.2235115196531505,554.0,0
3.2236207504999417,555.0,0
3.223729981346733,553.0,0
3.2238392121935235,554.0,0
3.2239484430403147,554.0,0
3.224057673887106,553.0,0
3.224166904733897,553.0,0
3.224276135580688,554.0,0
3.2243853664274793,554.0,0
3.224494597274271,553.0,0
3.224603828121062,554.0,0
3.2247130589678528,555.0,0
3.224822289814644,554.0,0
3.224931520661435,555.0,0
3.2250407515082262,555.0,0
3.2251499823550174,555.0,0
3.2252592132018085,555.0,0
3.2253684440485997,556.0,0
3.2254776748953904,555.0,0
3.2255869057421815,555.0,0
3.225696136588973,555.0,0
3.2258053674357643,556.0,0
3.2259145982825554,555.0,0
3.2260238291293466,555.0,0
3.2261330599761378,555.0,0
3.226242290822929,555.0,0
3.2263515216697196,555.0,0
3.2264607525165108,555.0,0
3.226569983363302,555.0,0
3.226679214210093,555.0,0
3.2267884450568842,554.0,0
3.2268976759036754,554.0,0
3.227006906750467,554.0,0
3.227116137597258,553.0,0
3.227225368444049,553.0,0
3.22733459929084,554.0,0
3.227443830137631,553.0,0
3.2275530609844223,553.0,0
3.2276622918312134,553.0,0
3.2277715226780046,554.0,0
3.2278807535247958,553.0,0
3.227989984371587,553.0,0
3.2280992152183776,553.0,0
3.228208446065169,553.0,0
3.2283176769119604,553.0,0
3.2284269077587515,554.0,0
3.2285361386055427,554.0,0
3.228645369452334,554.0,0
3.228754600299125,555.0,0
3.2288638311459157,555.0,0
3.228973061992707,555.0,0
3.229082292839498,555.0,0
3.229191523686289,556.0,0
3.2293007545330803,556.0,0
3.2294099853798715,555.0,0
3.229519216226663,556.0,0
3.229628447073454,556.0,0
3.229737677920245,556.0,0
3.229846908767036,556.0,0
3.229956139613827,557.0,0
3.2300653704606184,556.0,0
3.2301746013074095,556.0,0
3.2302838321542007,557.0,0
3.230393063000992,558.0,0
3.230502293847783,557.0,0
3.2306115246945737,558.0,0
3.2307207555413653,558.0,0
3.2308299863881564,558.0,0
3.2309392172349476,558.0,0
3.2310484480817387,559.0,0
3.23115767892853,559.0,0
3.231266909775321,559.0,0
3.2313761406221118,559.0,0
3.231485371468903,560.0,0
3.231594602315694,559.0,0
3.231703833162485,559.0,0
3.2318130640092764,560.0,0
3.2319222948560675,560.0,0
3.232031525702859,560.0,0
3.2321407565496503,560.0,0
3.232249987396441,560.0,0
3.232359218243232,560.0,0
3.2324684490900233,559.0,0
3.2325776799368144,560.0,0
3.2326869107836056,559.0,0
3.2327961416303967,559.0,0
3.232905372477188,559.0,0
3.233014603323979,559.0,0
3.2331238341707698,558.0,0
3.2332330650175614,558.0,0
3.2333422958643525,559.0,0
3.2334515267111437,558.0,0
3.233560757557935,558.0,0
3.233669988404726,558.0,0
3.233779219251517,558.0,0
3.233888450098308,558.0,0
3.233997680945099,557.0,0
3.23410691179189,558.0,0
3.2342161426386813,557.0,0
3.2343253734854724,557.0,0
3.2344346043322636,557.0,0
3.234543835179055,557.0,0
3.2346530660258463,556.0,0
3.234762296872637,556.0,0
3.234871527719428,556.0,0
3.2349807585662194,556.0,0
3.2350899894130105,556.0,0
3.2351992202598017,556.0,0
3.235308451106593,556.0,0
3.235417681953384,556.0,0
3.235526912800175,556.0,0
3.235636143646966,556.0,0
3.2357453744937574,555.0,0
3.2358546053405486,555.0,0
3.2359638361873397,555.0,0
3.236073067034131,555.0,0
3.236182297880922,554.0,0
3.236291528727713,555.0,0
3.2364007595745043,555.0,0
3.236509990421295,554.0,0
3.236619221268086,553.0,0
3.2367284521148774,555.0,0
3.2368376829616685,554.0,0
3.2369469138084597,553.0,0
3.2370561446552513,554.0,0
3.2371653755020424,554.0,0
3.237274606348833,553.0,0
3.2373838371956243,553.0,0
3.2374930680424154,554.0,0
3.2376022988892066,553.0,0
3.2377115297359977,553.0,0
3.237820760582789,553.0,0
3.23792999142958,553.0,0
3.238039222276371,553.0,0
3.238148453123162,553.0,0
3.2382576839699535,553.0,0
3.2383669148167447,553.0,0
3.238476145663536,553.0,0
3.238585376510327,553.0,0
3.238694607357118,553.0,0
3.2388038382039093,552.0,0
3.2389130690507004,552.0,0
3.239022299897491,553.0,0
3.2391315307442823,553.0,0
3.2392407615910734,552.0,0
3.2393499924378646,553.0,0
3.2394592232846557,553.0,0
3.2395684541314473,552.0,0
3.2396776849782385,553.0,0
3.239786915825029,553.0,0
3.2398961466718204,553.0,0
3.2400053775186115,553.0,0
3.2401146083654027,554.0,0
3.240223839212194,554.0,0
3.240333070058985,554.0,0
3.240442300905776,555.0,0
3.2405515317525673,555.0,0
3.240660762599358,555.0,0
3.2407699934461496,555.0,0
3.2408792242929407,556.0,0
3.240988455139732,556.0,0
3.241097685986523,556.0,0
3.241206916833314,556.0,0
3.2413161476801053,556.0,0
3.2414253785268965,556.0,0
3.241534609373687,556.0,0
3.2416438402204784,556.0,0
3.2417530710672695,556.0,0
3.2418623019140607,556.0,0
3.241971532760852,557.0,0
3.2420807636076434,556.0,0
3.2421899944544346,556.0,0
3.2422992253012257,556.0,0
3.2424084561480164,556.0,0
3.2425176869948076,556.0,0
3.2426269178415987,556.0,0
3.24273614868839,556.0,0
3.242845379535181,556.0,0
3.242954610381972,555.0,0
3.2430638412287633,556.0,0
3.243173072075554,556.0,0
3.2432823029223457,555.0,0
3.243391533769137,555.0,0
3.243500764615928,555.0,0
3.243609995462719,555.0,0
3.2437192263095103,554.0,0
3.2438284571563014,554.0,0
3.2439376880030926,554.0,0
3.2440469188498833,553.0,0
3.2441561496966744,553.0,0
3.2442653805434656,554.0,0
3.2443746113902567,553.0,0
3.244483842237048,553.0,0
3.2445930730838395,553.0,0
3.2447023039306306,553.0,0
3.244811534777422,553.0,0
3.2449207656242125,552.0,0
3.2450299964710037,552.0,0
3.245139227317795,552.0,0
3.245248458164586,552.0,0
3.245357689011377,552.0,0
3.2454669198581683,552.0,0
3.2455761507049594,552.0,0
3.24568538155175,552.0,0
3.2457946123985417,552.0,0
3.245903843245333,552.0,0
3.246013074092124,552.0,0
3.246122304938915,553.0,0
3.2462315357857063,553.0,0
3.2463407666324975,553.0,0
3.2464499974792886,553.0,0
3.2465592283260793,553.0,0
3.2466684591728705,553.0,0
3.2467776900196617,553.0,0
3.246886920866453,554.0,0
3.246996151713244,555.0,0
3.2471053825600356,554.0,0
3.2472146134068267,555.0,0
3.247323844253618,555.0,0
3.2474330751004086,555.0,0
3.2475423059471997,555.0,0
3.247651536793991,556.0,0
3.247760767640782,556.0,0
3.247869998487573,556.0,0
3.2479792293343643,556.0,0
3.2480884601811555,556.0,0
3.248197691027946,556.0,0
3.248306921874738,556.0,0
3.248416152721529,556.0,0
3.24852538356832,556.0,0
3.2486346144151113,556.0,0
3.2487438452619024,556.0,0
3.2488530761086936,557.0,0
3.2489623069554847,557.0,0
3.2490715378022754,557.0,0
3.2491807686490666,558.0,0
3.2492899994958577,558.0,0
3.249399230342649,558.0,0
3.24950846118944,558.0,0
3.2496176920362316,558.0,0
3.249726922883023,558.0,0
3.249836153729814,559.0,0
3.2499453845766046,559.0,0
3.2500546154233962,559.0,0
3.250163846270187,559.0,0
3.2502730771169785,560.0,0
3.2503823079637693,560.0,0
3.25049153881056,560.0,1
3.2506007696573516,560.0,0
3.2507100005041423,560.0,0
3.250819231350934,560.0,0
3.250928462197725,560.0,0
3.251037693044516,560.0,0
3.2511469238913073,560.0,0
3.251256154738098,560.0,0
3.2513653855848896,560.0,0
3.2514746164316803,560.0,0
3.251583847278472,560.0,0
3.2516930781252626,560.0,0
3.2518023089720542,560.0,0
3.251911539818845,559.0,0
3.252020770665636,559.0,0
3.2521300015124277,559.0,0
3.2522392323592184,558.0,0
3.25234846320601,558.0,0
3.2524576940528007,558.0,0
3.2525669248995923,558.0,0
3.252676155746383,557.0,0
3.2527853865931746,558.0,0
3.2528946174399653,557.0,0
3.253003848286756,557.0,0
3.2531130791335476,556.0,0
3.2532223099803383,557.0,0
3.25333154082713,556.0,0
3.253440771673921,556.0,0
3.2535500025207122,556.0,0
3.2536592333675034,556.0,0
3.253768464214294,556.0,0
3.2538776950610857,556.0,0
3.2539869259078764,556.0,0
3.254096156754668,556.0,0
3.2542053876014587,556.0,0
3.2543146184482503,556.0,0
3.254423849295041,556.0,0
3.254533080141832,556.0,0
3.2546423109886238,556.0,0
3.2547515418354145,556.0,0
3.254860772682206,556.0,0
3.254970003528997,556.0,0
3.2550792343757884,556.0,0
3.255188465222579,556.0,0
3.2552976960693707,556.0,0
3.2554069269161614,556.0,0
3.255516157762952,556.0,0
3.2556253886097437,556.0,0
3.2557346194565344,555.0,0
3.255843850303326,556.0,0
3.255953081150117,556.0,0
3.2560623119969083,555.0,0
3.2561715428436995,555.0,0
3.25628077369049,555.0,0
3.256390004537282,555.0,0
3.2564992353840725,554.0,0
3.256608466230864,554.0,0
3.256717697077655,554.0,0
3.2568269279244464,553.0,0
3.256936158771237,553.0,0
3.2570453896180283,553.0,0
3.25715462046482,553.0,0
3.2572638513116106,552.0,0
3.257373082158402,553.0,0
3.257482313005193,552.0,0
3.2575915438519845,552.0,0
3.257700774698775,552.0,0
3.2578100055455668,552.0,0
3.2579192363923575,551.0,0
3.258028467239148,551.0,0
3.25813769808594,551.0,0
3.2582469289327305,551.0,0
3.258356159779522,551.0,0
3.2584653906263132,551.0,0
3.2585746214731044,552.0,0
3.2586838523198955,552.0,0
3.2587930831666863,552.0,0
3.258902314013478,553.0,0
3.2590115448602686,552.0,0
3.25912077570706,552.0,0
3.259230006553851,553.0,0
3.2593392374006425,553.0,0
3.259448468247433,553.0,0
3.2595576990942243,553.0,0
3.259666929941016,553.0,0
3.2597761607878066,554.0,0
3.2598853916345982,553.0,0
3.259994622481389,554.0,0
3.2601038533281805,555.0,0
3.2602130841749712,554.0,0
3.260322315021763,554.0,0
3.2604315458685535,555.0,0
3.2605407767153443,554.0,0
3.260650007562136,554.0,0
3.2607592384089266,555.0,0
3.260868469255718,555.0,0
3.2609777001025093,554.0,0
3.2610869309493005,555.0,0
3.2611961617960916,555.0,0
3.2613053926428823,555.0,0
3.261414623489674,555.0,0
3.2615238543364646,556.0,0
3.2616330851832562,556.0,0
3.261742316030047,555.0,0
3.2618515468768385,555.0,0
3.2619607777236292,556.0,0
3.262070008570421,555.0,0
3.262179239417212,555.0,0
3.2622884702640027,556.0,0
3.2623977011107943,556.0,0
3.262506931957585,555.0,0
3.2626161628043766,556.0,0
3.2627253936511673,556.0,0
3.262834624497959,556.0,0
3.2629438553447496,556.0,0
3.2630530861915403,556.0,0
3.263162317038332,556.0,0
3.2632715478851226,556.0,0
3.2633807787319142,556.0,0
3.2634900095787054,556.0,0
3.2635992404254965,556.0,0
3.2637084712722877,556.0,0
3.2638177021190784,556.0,0
3.26392693296587,556.0,0
3.2640361638126607,556.0,0
3.2641453946594523,556.0,0
3.264254625506243,556.0,0
3.2643638563530346,556.0,0
3.2644730871998253,555.0,0
3.264582318046617,556.0,0
3.264691548893408,556.0,0
3.2648007797401988,555.0,0
3.2649100105869904,555.0,0
3.265019241433781,556.0,0
3.2651284722805727,555.0,0
3.2652377031273634,555.0,0
3.265346933974155,555.0,0
3.2654561648209457,555.0,0
3.2655653956677364,555.0,0
3.265674626514528,555.0,0
3.2657838573613187,555.0,0
3.2658930882081103,555.0,0
3.2660023190549015,555.0,0
3.2661115499016926,555.0,0
3.2662207807484838,555.0,0
3.2663300115952745,555.0,0
3.266439242442066,555.0,0
3.266548473288857,555.0,0
3.2666577041356484,555.0,0
3.266766934982439,555.0,0
3.2668761658292307,555.0,0
3.2669853966760214,555.0,0
3.267094627522813,554.0,0
3.267203858369604,555.0,0
3.267313089216395,555.0,0
3.2674223200631864,554.0,0
3.267531550909977,553.0,0
3.2676407817567688,555.0,0
3.2677500126035595,553.0,0
3.267859243450351,553.0,0
3.2679684742971418,554.0,0
3.2680777051439325,553.0,0
3.268186935990724,553.0,0
3.268296166837515,553.0,0
3.2684053976843064,554.0,0
3.2685146285310975,553.0,0
3.2686238593778887,553.0,0
3.26873309022468,553.0,0
3.2688423210714705,553.0,0
3.268951551918262,552.0,0
3.269060782765053,553.0,0
3.2691700136118444,553.0,0
3.269279244458635,552.0,0
3.2693884753054268,553.0,0
3.2694977061522175,553.0,0
3.269606936999009,552.0,0
3.2697161678458,552.0,0
3.269825398692591,552.0,0
3.2699346295393825,552.0,0
3.2700438603861732,552.0,0
3.270153091232965,552.0,0
3.2702623220797555,552.0,0
3.270371552926547,551.0,0
3.270480783773338,551.0,0
3.2705900146201285,551.0,0
3.27069924546692,551.0,0
3.270808476313711,551.0,0
3.2709177071605025,551.0,0
3.2710269380072936,551.0,0
3.2711361688540848,551.0,0
3.271245399700876,551.0,0
3.2713546305476666,551.0,0
3.271463861394458,551.0,0
3.271573092241249,551.0,0
3.2716823230880405,551.0,0
3.2717915539348312,552.0,0
3.271900784781623,552.0,0
3.2720100156284135,552.0,0
3.272119246475205,552.0,0
3.2722284773219963,553.0,0
3.272337708168787,552.0,0
3.2724469390155786,553.0,0
3.2725561698623693,553.0,0
3.272665400709161,553.0,0
3.2727746315559516,553.0,0
3.272883862402743,553.0,0
3.272993093249534,553.0,0
3.2731023240963246,553.0,0
3.273211554943116,553.0,0
3.273320785789907,554.0,0
3.2734300166366985,553.0,0
3.2735392474834897,553.0,0
3.273648478330281,553.0,0
3.273757709177072,554.0,0
3.2738669400238627,553.0,0
3.2739761708706543,553.0,0
3.274085401717445,553.0,0
3.2741946325642366,553.0,0
3.2743038634110273,553.0,0
3.274413094257819,554.0,0
3.2745223251046096,553.0,0
3.274631555951401,553.0,0
3.2747407867981924,553.0,0
3.274850017644983,553.0,0
3.2749592484917747,553.0,0
3.2750684793385654,553.0,0
3.275177710185357,553.0,0
3.2752869410321477,553.0,0
3.2753961718789393,552.0,0
3.27550540272573,553.0,0
3.2756146335725207,553.0,0
3.2757238644193123,552.0,0
3.275833095266103,552.0,0
3.2759423261128946,553.0,0
3.2760515569596858,552.0,0
3.276160787806477,552.0,0
3.276270018653268,552.0,0
3.2763792495000588,552.0,0
3.2764884803468504,551.0,0
3.276597711193641,552.0,0
3.2767069420404327,552.0,0
3.2768161728872234,552.0,0
3.276925403734015,551.0,0
3.2770346345808057,552.0,0
3.2771438654275973,552.0,0
3.2772530962743884,551.0,0
3.277362327121179,551.0,0
3.2774715579679707,552.0,0
3.2775807888147614,551.0,0
3.277690019661553,551.0,0
3.2777992505083438,551.0,0
3.2779084813551354,551.0,0
3.278017712201926,551.0,0
3.2781269430487168,551.0,0
3.2782361738955084,551.0,0
3.278345404742299,551.0,0
3.2784546355890907,551.0,0
3.278563866435882,551.0,0
3.278673097282673,551.0,0
3.278782328129464,551.0,0
3.2788915589762557,551.0,0
3.2790007898230464,551.0,0
3.279110020669837,550.0,0
3.2792192515166287,550.0,0
3.2793284823634195,551.0,0
3.279437713210211,550.0,0
3.2795469440570018,550.0,0
3.2796561749037934,550.0,0
3.2797654057505845,550.0,0
3.279874636597375,550.0,0
3.279983867444167,549.0,0
3.2800930982909575,550.0,0
3.280202329137749,549.0,0
3.28031155998454,548.0,0
3.2804207908313314,550.0,0
3.280530021678122,549.0,0
3.280639252524913,548.0,0
3.2807484833717044,548.0,0
3.280857714218495,548.0,0
3.2809669450652867,548.0,0
3.281076175912078,548.0,0
3.281185406758869,549.0,0
3.28129463760566,548.0,0
3.281403868452452,548.0,0
3.2815130992992425,548.0,0
3.281622330146033,548.0,0
3.281731560992825,548.0,0
3.2818407918396155,548.0,0
3.281950022686407,548.0,0
3.282059253533198,548.0,0
3.2821684843799894,547.0,0
3.2822777152267806,548.0,0
3.2823869460735713,548.0,0
3.282496176920363,548.0,0
3.2826054077671536,548.0,0
3.282714638613945,548.0,0
3.282823869460736,548.0,0
3.2829331003075275,548.0,0
3.283042331154318,548.0,0
3.283151562001109,548.0,0
3.2832607928479005,547.0,0
3.283370023694691,548.0,0
3.283479254541483,548.0,0
3.283588485388274,548.0,0
3.283697716235065,547.0,0
3.2838069470818563,548.0,0
3.283916177928648,548.0,0
3.2840254087754386,547.0,0
3.2841346396222293,548.0,0
3.284243870469021,548.0,0
3.2843531013158116,548.0,0
3.284462332162603,548.0,0
3.284571563009394,548.0,0
3.2846807938561855,548.0,0
3.2847900247029767,548.0,0
3.2848992555497674,549.0,0
3.285008486396559,549.0,0
3.2851177172433497,549.0,0
3.2852269480901413,548.0,0
3.285336178936932,550.0,0
3.2854454097837236,550.0,0
3.2855546406305143,549.0,0
3.285663871477305,550.0,0
3.2857731023240966,550.0,0
3.2858823331708873,550.0,0
3.285991564017679,550.0,0
3.28610079486447,550.0,0
3.286210025711261,550.0,0
3.2863192565580523,550.0,0
3.286428487404844,551.0,0
3.2865377182516347,551.0,0
3.2866469490984254,550.0,0
3.286756179945217,550.0,0
3.2868654107920077,551.0,0
3.2869746416387993,551.0,0
3.28708387248559,551.0,0
3.2871931033323816,551.0,0
3.2873023341791727,551.0,0
3.2874115650259634,550.0,0
3.287520795872755,551.0,0
3.2876300267195457,551.0,0
3.2877392575663373,551.0,0
3.287848488413128,550.0,0
3.2879577192599196,551.0,0
3.2880669501067104,551.0,0
3.288176180953501,550.0,0
3.2882854118002927,551.0,0
3.2883946426470834,551.0,0
3.288503873493875,550.0,0
3.288613104340666,550.0,0
3.2887223351874573,550.0,0
3.2888315660342484,550.0,0
3.28894079688104,549.0,0
3.2890500277278307,550.0,0
3.2891592585746214,550.0,0
3.289268489421413,549.0,0
3.2893777202682037,548.0,0
3.2894869511149953,548.0,0
3.289596181961786,548.0,0
3.2897054128085776,548.0,0
3.289814643655369,548.0,0
3.2899238745021595,548.0,0
3.290033105348951,547.0,0
3.290142336195742,547.0,0
3.2902515670425334,547.0,0
3.290360797889324,548.0,0
3.2904700287361157,547.0,0
3.2905792595829064,547.0,0
3.290688490429697,547.0,0
3.2907977212764887,547.0,0
3.2909069521232794,547.0,0
3.291016182970071,547.0,0
3.291125413816862,547.0,0
3.2912346446636533,547.0,0
3.2913438755104445,547.0,0
3.291453106357236,548.0,0
3.291562337204027,547.0,0
3.2916715680508175,548.0,0
3.291780798897609,548.0,0
3.2918900297444,548.0,0
3.2919992605911914,548.0,0
3.292108491437982,548.0,0
3.2922177222847737,548.0,0
3.292326953131565,549.0,0
3.2924361839783556,548.0,0
3.292545414825147,550.0,0
3.292654645671938,549.0,0
3.2927638765187295,549.0,0
3.29287310736552,550.0,0
3.292982338212312,550.0,0
3.2930915690591025,550.0,0
3.293200799905894,550.0,0
3.293310030752685,550.0,0
3.2934192615994755,550.0,0
3.293528492446267,550.0,0
3.2936377232930583,550.0,0
3.2937469541398494,550.0,0
3.2938561849866406,550.0,0
3.293965415833432,550.0,0
3.294074646680223,550.0,0
3.2941838775270136,550.0,0
3.294293108373805,550.0,0
3.294402339220596,550.0,0
3.2945115700673875,550.0,0
3.294620800914178,550.0,0
3.29473003176097,550.0,0
3.294839262607761,550.0,0
3.2949484934545517,550.0,0
3.2950577243013432,550.0,0
3.295166955148134,550.0,0
3.2952761859949256,550.0,0
3.2953854168417163,550.0,0
3.295494647688508,550.0,0
3.2956038785352986,550.0,0
3.29571310938209,549.0,0
3.295822340228881,550.0,0
3.2959315710756716,550.0,0
3.296040801922463,549.0,0
3.2961500327692543,549.0,0
3.2962592636160455,550.0,0
3.2963684944628366,548.0,0
3.2964777253096282,548.0,0
3.296586956156419,549.0,0
3.2966961870032097,549.0,0
3.2968054178500013,548.0,0
3.296914648696792,548.0,0
3.2970238795435836,549.0,0
3.2971331103903743,549.0,0
3.297242341237166,548.0,0
3.297351572083957,550.0,0
3.2974608029307477,549.0,0
3.2975700337775393,548.0,0
3.29767926462433,549.0,0
3.2977884954711216,550.0,0
3.2978977263179123,548.0,0
3.298006957164704,548.0,0
3.2981161880114946,549.0,0
3.2982254188582862,548.0,0
3.298334649705077,548.0,0
3.2984438805518677,548.0,0
3.2985531113986593,548.0,0
3.2986623422454504,547.0,0
3.2987715730922416,547.0,0
3.2988808039390327,547.0,0
3.2989900347858243,547.0,0
3.299099265632615,547.0,0
3.2992084964794057,547.0,0
3.2993177273261973,547.0,0
3.299426958172988,546.0,0
3.2995361890197796,547.0,0
3.2996454198665703,547.0,0
3.299754650713362,546.0,0
3.299863881560153,545.0,0
3.299973112406944,546.0,0
3.3000823432537354,545.0,0
3.300191574100526,545.0,0
3.3003008049473177,545.0,0
3.3004100357941084,545.0,0
3.3005192666409,545.0,0
3.3006284974876907,545.0,0
3.3007377283344823,545.0,0
3.300846959181273,545.0,0
3.3009561900280637,544.0,0
3.3010654208748553,544.0,0
3.3011746517216465,545.0,0
3.3012838825684376,544.0,0
3.301393113415229,544.0,0
3.3015023442620204,544.0,0
3.301611575108811,544.0,0
3.301720805955602,544.0,0
3.3018300368023934,544.0,0
3.301939267649184,545.0,0
3.3020484984959757,544.0,0
3.3021577293427664,544.0,0
3.302266960189558,545.0,0
3.302376191036349,545.0,0
3.30248542188314,544.0,0
3.3025946527299315,545.0,0
3.302703883576722,545.0,0
3.3028131144235138,545.0,0
3.3029223452703045,545.0,0
3.303031576117096,545.0,0
3.303140806963887,545.0,0
3.3032500378106784,545.0,0
3.303359268657469,545.0,0
3.30346849950426,545.0,0
3.3035777303510514,545.0,0
3.3036869611978426,545.0,0
3.3037961920446337,545.0,0
3.303905422891425,545.0,0
3.3040146537382165,545.0,0
3.304123884585007,545.0,0
3.304233115431798,545.0,0
3.3043423462785895,544.0,0
3.30445157712538,544.0,0
3.3045608079721718,545.0,0
3.3046700388189625,544.0,0
3.304779269665754,544.0,0
3.3048885005125452,545.0,0
3.304997731359336,544.0,0
3.3051069622061275,544.0,0
3.3052161930529182,544.0,0
3.30532542389971,545.0,0
3.3054346547465006,544.0,0
3.305543885593292,544.0,0
3.305653116440083,544.0,0
3.3057623472868745,544.0,0
3.305871578133665,543.0,0
3.305980808980456,544.0,0
3.3060900398272475,544.0,0
3.3061992706740386,543.0,0
3.30630850152083,543.0,0
3.306417732367621,544.0,0
3.3065269632144125,543.0,0
3.3066361940612032,543.0,0
3.306745424907994,543.0,0
3.3068546557547855,544.0,0
3.3069638866015763,543.0,0
3.307073117448368,543.0,0
3.3071823482951586,544.0,0
3.30729157914195,543.0,0
3.3074008099887413,543.0,0
3.307510040835532,544.0,0
3.3076192716823236,544.0,0
3.3077285025291143,543.0,0
3.307837733375906,544.0,0
3.3079469642226966,544.0,0
3.3080561950694882,544.0,0
3.308165425916279,544.0,0
3.3082746567630705,544.0,0
3.3083838876098612,544.0,0
3.308493118456652,544.0,0
3.3086023493034435,544.0,0
3.3087115801502347,544.0,0
3.308820810997026,544.0,0
3.308930041843817,544.0,0
3.3090392726906086,545.0,0
3.3091485035373993,545.0,0
3.30925773438419,545.0,0
3.3093669652309816,545.0,0
3.3094761960777723,545.0,0
3.309585426924564,545.0,0
3.3096946577713546,545.0,0
3.3098038886181462,546.0,0
3.3099131194649374,545.0,0
3.3100223503117285,546.0,0
3.3101315811585197,546.0,0
3.3102408120053104,546.0,0
3.310350042852102,546.0,0
3.3104592736988927,547.0,0
3.3105685045456843,547.0,0
3.310677735392475,547.0,0
3.3107869662392666,547.0,0
3.3108961970860573,547.0,0
3.311005427932848,547.0,0
3.3111146587796396,547.0,0
3.3112238896264308,547.0,0
3.311333120473222,548.0,0
3.311442351320013,547.0,0
3.3115515821668047,547.0,0
3.3116608130135954,548.0,0
3.311770043860386,548.0,0
3.3118792747071777,548.0,0
3.3119885055539684,548.0,0
3.31209773640076,548.0,0
3.3122069672475507,548.0,0
3.3123161980943423,548.0,0
3.3124254289411335,549.0,0
3.3125346597879246,549.0,0
3.3126438906347158,548.0,0
3.3127531214815065,549.0,0
3.312862352328298,550.0,0
3.3129715831750888,550.0,0
3.3130808140218804,550.0,0
3.313190044868671,550.0,0
3.3132992757154627,551.0,0
3.3134085065622534,550.0,0
3.313517737409044,551.0,0
3.3136269682558357,551.0,0
3.313736199102627,551.0,0
3.313845429949418,551.0,0
3.313954660796209,551.0,0
3.3140638916430007,551.0,0
3.3141731224897915,551.0,0
3.314282353336582,551.0,0
3.3143915841833738,551.0,0
3.3145008150301645,551.0,0
3.314610045876956,551.0,0
3.3147192767237468,551.0,0
3.3148285075705384,551.0,0
3.3149377384173295,551.0,0
3.3150469692641207,551.0,0
3.315156200110912,551.0,0
3.3152654309577025,551.0,0
3.315374661804494,551.0,0
3.315483892651285,551.0,0
3.3155931234980764,551.0,0
3.315702354344867,551.0,0
3.3158115851916588,551.0,0
3.3159208160384495,551.0,0
3.31603004688524,551.0,0
3.3161392777320318,551.0,0
3.316248508578823,551.0,0
3.316357739425614,551.0,0
3.3164669702724052,550.0,0
3.316576201119197,550.0,0
3.3166854319659875,551.0,0
3.3167946628127782,550.0,0
3.31690389365957,550.0,0
3.3170131245063605,550.0,0
3.317122355353152,550.0,0
3.317231586199943,549.0,0
3.3173408170467344,550.0,0
3.3174500478935256,550.0,0
3.3175592787403168,548.0,0
3.317668509587108,548.0,0
3.3177777404338986,548.0,0
3.31788697128069,548.0,0
3.317996202127481,547.0,0
3.3181054329742725,547.0,0
3.3182146638210632,547.0,0
3.318323894667855,547.0,0
3.3184331255146455,547.0,0
3.3185423563614362,547.0,0
3.318651587208228,545.0,0
3.318760818055019,545.0,0
3.31887004890181,545.0,0
3.3189792797486013,545.0,0
3.319088510595393,544.0,0
3.3191977414421836,544.0,0
3.3193069722889743,544.0,0
3.319416203135766,544.0,0
3.3195254339825566,543.0,0
3.319634664829348,544.0,0
3.319743895676139,543.0,0
3.3198531265229305,543.0,0
3.3199623573697217,544.0,0
3.320071588216513,544.0,0
3.320180819063304,543.0,0
3.3202900499100947,544.0,0
3.3203992807568863,544.0,0
3.320508511603677,543.0,0
3.3206177424504686,543.0,0
3.3207269732972593,544.0,0
3.320836204144051,544.0,0
3.3209454349908416,543.0,0
3.3210546658376323,544.0,0
3.321163896684424,544.0,0
3.321273127531215,544.0,0
3.321382358378006,544.0,0
3.3214915892247974,544.0,0
3.321600820071589,544.0,0
3.3217100509183797,544.0,0
3.3218192817651704,545.0,0
3.321928512611962,545.0,0
3.3220377434587527,545.0,0
3.3221469743055443,545.0,0
3.322256205152335,545.0,0
3.3223654359991266,545.0,0
3.3224746668459177,545.0,0
3.322583897692709,546.0,0
3.3226931285395,546.0,0
3.3228023593862908,546.0,0
3.3229115902330824,546.0,0
3.323020821079873,547.0,0
3.3231300519266647,547.0,0
3.3232392827734554,547.0,0
3.323348513620247,547.0,0
3.3234577444670377,547.0,0
3.3235669753138284,547.0,0
3.32367620616062,547.0,0
3.323785437007411,548.0,0
3.3238946678542023,548.0,0
3.3240038987009934,548.0,0
3.324113129547785,549.0,0
3.3242223603945757,550.0,0
3.3243315912413673,549.0,0
3.324440822088158,550.0,0
3.3245500529349488,550.0,0
3.3246592837817404,550.0,0
3.324768514628531,550.0,0
3.3248777454753227,551.0,0
3.324986976322114,551.0,0
3.325096207168905,551.0,0
3.325205438015696,551.0,0
3.325314668862487,552.0,0
3.3254238997092784,552.0,0
3.325533130556069,553.0,0
3.3256423614028607,553.0,0
3.3257515922496514,554.0,0
3.325860823096443,554.0,0
3.3259700539432338,555.0,0
3.3260792847900245,556.0,0
3.326188515636816,556.0,0
3.326297746483607,556.0,0
3.3264069773303984,558.0,0
3.3265162081771895,558.0,0
3.326625439023981,558.0,0
3.326734669870772,559.0,0
3.3268439007175634,560.0,0
3.326953131564354,560.0,0
3.327062362411145,561.0,0
3.3271715932579364,561.0,0
3.327280824104727,562.0,0
3.3273900549515187,563.0,0
3.32749928579831,563.0,0
3.327608516645101,564.0,0
3.327717747491892,564.0,0
3.327826978338683,566.0,0
3.3279362091854745,567.0,0
3.328045440032265,567.0,0
3.328154670879057,568.0,0
3.3282639017258475,568.0,0
3.328373132572639,569.0,0
3.32848236341943,569.0,0
3.3285915942662205,571.0,0
3.328700825113012,571.0,0
3.3288100559598033,572.0,0
3.3289192868065944,572.0,0
3.3290285176533856,573.0,0
3.329137748500177,574.0,0
3.329246979346968,574.0,0
3.3293562101937595,575.0,0
3.32946544104055,575.0,0
3.329574671887341,575.0,0
3.3296839027341325,576.0,0
3.329793133580923,576.0,0
3.329902364427715,577.0,0
3.330011595274506,577.0,0
3.330120826121297,578.0,0
3.3302300569680883,579.0,0
3.330339287814879,579.0,0
3.3304485186616706,579.0,0
3.3305577495084613,580.0,0
3.330666980355253,580.0,0
3.3307762112020436,580.0,0
3.330885442048835,581.0,0
3.330994672895626,582.0,0
3.3311039037424166,582.0,0
3.331213134589208,583.0,0
3.3313223654359994,583.0,0
3.3314315962827905,583.0,0
3.3315408271295817,583.0,0
3.3316500579763733,584.0,0
3.331759288823164,585.0,0
3.3318685196699556,585.0,0
3.3319777505167463,586.0,0
3.332086981363537,587.0,0
3.3321962122103286,587.0,0
3.3323054430571193,588.0,0
3.332414673903911,588.0,0
3.332523904750702,590.0,0
3.332633135597493,590.0,0
3.3327423664442843,590.0,0
3.332851597291075,591.0,0
3.3329608281378666,591.0,0
3.3330700589846574,592.0,0
3.333179289831449,593.0,0
3.3332885206782397,593.0,0
3.3333977515250313,594.0,0
3.333506982371822,595.0,0
3.3336162132186127,595.0,0
3.3337254440654043,595.0,0
3.3338346749121954,596.0,0
3.3339439057589866,598.0,0
3.3340531366057777,598.0,0
3.3341623674525693,599.0,0
3.33427159829936,600.0,0
3.3343808291461516,600.0,0
3.3344900599929423,601.0,0
3.334599290839733,602.0,0
3.3347085216865247,603.0,0
3.3348177525333154,604.0,0
3.334926983380107,604.0,0
3.335036214226898,605.0,0
3.3351454450736893,606.0,0
3.3352546759204804,606.0,0
3.335363906767271,607.0,0
3.3354731376140627,608.0,0
3.3355823684608534,608.0,0
3.335691599307645,609.0,0
3.3358008301544357,609.0,0
3.3359100610012273,611.0,0
3.336019291848018,611.0,0
3.3361285226948088,611.0,0
3.3362377535416003,612.0,0
3.3363469843883915,612.0,0
3.3364562152351827,613.0,0
3.336565446081974,614.0,0
3.3366746769287654,615.0,0
3.336783907775556,615.0,0
3.3368931386223477,615.0,0
3.3370023694691384,615.0,0
3.337111600315929,616.0,0
3.3372208311627207,617.0,0
3.3373300620095114,617.0,0
3.337439292856303,618.0,0
3.337548523703094,619.0,0
3.3376577545498853,619.0,0
3.3377669853966765,620.0,0
3.337876216243467,620.0,0
3.337985447090259,620.0,0
3.3380946779370495,621.0,0
3.338203908783841,622.0,0
3.338313139630632,622.0,0
3.3384223704774234,623.0,0
3.338531601324214,624.0,0
3.338640832171005,624.0,0
3.3387500630177964,624.0,0
3.3388592938645876,625.0,0
3.3389685247113787,625.0,0
3.33907775555817,626.0,0
3.3391869864049615,626.0,0
3.339296217251752,627.0,0
3.339405448098544,627.0,0
3.3395146789453345,627.0,0
3.339623909792125,628.0,0
3.339733140638917,628.0,0
3.3398423714857075,628.0,0
3.339951602332499,630.0,0
3.3400608331792903,630.0,0
3.3401700640260814,630.0,0
3.3402792948728726,631.0,0
3.3403885257196633,632.0,0
3.340497756566455,632.0,0
3.3406069874132456,632.0,0
3.340716218260037,632.0,0
3.340825449106828,633.0,0
3.3409346799536195,633.0,0
3.34104391080041,634.0,0
3.341153141647202,635.0,0
3.3412623724939925,635.0,0
3.3413716033407836,636.0,0
3.341480834187575,636.0,0
3.341590065034366,638.0,0
3.3416992958811575,638.0,0
3.3418085267279483,638.0,0
3.34191775757474,639.0,0
3.3420269884215306,639.0,0
3.3421362192683213,640.0,0
3.342245450115113,641.0,0
3.3423546809619036,643.0,0
3.342463911808695,643.0,0
3.3425731426554863,643.0,0
3.3426823735022775,644.0,0
3.3427916043490686,644.0,0
3.3429008351958593,646.0,0
3.343010066042651,647.0,0
3.3431192968894416,647.0,0
3.3432285277362332,647.0,0
3.343337758583024,648.0,0
3.3434469894298156,649.0,0
3.3435562202766063,649.0,0
3.343665451123398,650.0,0
3.3437746819701886,651.0,0
3.3438839128169797,651.0,0
3.343993143663771,652.0,0
3.344102374510562,652.0,0
3.3442116053573536,652.0,0
3.3443208362041443,652.0,0
3.344430067050936,654.0,0
3.3445392978977266,654.0,0
3.3446485287445173,655.0,0
3.344757759591309,655.0,0
3.3448669904380997,656.0,0
3.3449762212848912,657.0,0
3.3450854521316824,657.0,0
3.3451946829784736,658.0,0
3.3453039138252647,659.0,0
3.3454131446720554,659.0,0
3.345522375518847,660.0,0
3.3456316063656377,662.0,0
3.3457408372124293,662.0,0
3.34585006805922,662.0,0
3.3459592989060116,664.0,0
3.3460685297528023,664.0,0
3.346177760599594,664.0,0
3.3462869914463846,665.0,0
3.346396222293176,666.0,0
3.346505453139967,667.0,0
3.346614683986758,668.0,0
3.3467239148335497,668.0,0
3.3468331456803404,669.0,0
3.346942376527132,670.0,0
3.3470516073739227,670.0,0
3.3471608382207134,671.0,0
3.347270069067505,671.0,0
3.3473792999142957,673.0,0
3.3474885307610873,673.0,0
3.3475977616078785,674.0,0
3.3477069924546696,675.0,0
3.347816223301461,675.0,0
3.3479254541482515,676.0,0
3.348034684995043,677.0,0
3.348143915841834,678.0,0
3.3482531466886254,679.0,0
3.348362377535416,679.0,0
3.3484716083822077,680.0,0
3.3485808392289984,681.0,0
3.34869007007579,682.0,0
3.3487993009225807,683.0,0
3.348908531769372,684.0,0
3.349017762616163,684.0,0
3.349126993462954,685.0,0
3.3492362243097458,686.0,0
3.3493454551565365,687.0,0
3.349454686003328,687.0,0
3.349563916850119,688.0,0
3.3496731476969095,688.0,0
3.349782378543701,689.0,0
3.349891609390492,690.0,0
3.3500008402372834,691.0,0
3.3501100710840745,691.0,0
3.3502193019308657,692.0,0
3.350328532777657,692.0,0
3.3504377636244476,694.0,0
3.350546994471239,694.0,0
3.35065622531803,695.0,0
3.3507654561648215,696.0,0
3.350874687011612,696.0,0
3.3509839178584038,696.0,0
3.3510931487051945,697.0,0
3.351202379551986,697.0,0
3.351311610398777,699.0,0
3.351420841245568,699.0,0
3.351530072092359,700.0,0
3.3516393029391502,700.0,0
3.351748533785942,700.0,0
3.3518577646327326,701.0,0
3.351966995479524,702.0,0
3.352076226326315,702.0,0
3.3521854571731056,703.0,0
3.352294688019897,704.0,0
3.352403918866688,704.0,0
3.3525131497134795,704.0,0
3.3526223805602706,705.0,0
3.3527316114070618,706.0,0
3.352840842253853,707.0,0
3.3529500731006436,707.0,0
3.3530593039474352,707.0,0
3.353168534794226,708.0,0
3.3532777656410175,708.0,0
3.3533869964878082,709.0,0
3.3534962273346,710.0,0
3.3536054581813906,711.0,0
3.353714689028182,711.0,0
3.353823919874973,711.0,0
3.353933150721764,712.0,0
3.354042381568555,713.0,0
3.3541516124153463,714.0,0
3.354260843262138,715.0,0
3.3543700741089286,716.0,0
3.35447930495572,716.0,0
3.354588535802511,718.0,0
3.3546977666493016,718.0,0
3.3548069974960932,719.0,0
3.354916228342884,719.0,0
3.3550254591896755,721.0,0
3.3551346900364667,721.0,0
3.355243920883258,723.0,0
3.355353151730049,723.0,0
3.3554623825768406,724.0,0
3.3555716134236313,725.0,0
3.355680844270422,727.0,0
3.3557900751172136,728.0,0
3.3558993059640043,728.0,0
3.356008536810796,729.0,0
3.3561177676575866,730.0,0
3.3562269985043782,731.0,0
3.356336229351169,732.0,0
3.35644546019796,732.0,0
3.3565546910447512,734.0,0
3.3566639218915424,734.0,0
3.356773152738334,736.0,0
3.3568823835851247,736.0,0
3.3569916144319163,737.0,0
3.357100845278707,739.0,0
3.3572100761254977,739.0,0
3.3573193069722893,740.0,0
3.35742853781908,742.0,0
3.3575377686658716,743.0,0
3.3576469995126628,743.0,0
3.357756230359454,743.0,0
3.357865461206245,745.0,0
3.3579746920530367,747.0,0
3.3580839228998274,747.0,0
3.358193153746618,748.0,0
3.3583023845934097,750.0,0
3.3584116154402004,750.0,0
3.358520846286992,751.0,0
3.3586300771337827,752.0,0
3.3587393079805743,753.0,0
3.358848538827365,753.0,0
3.358957769674156,755.0,0
3.3590670005209473,755.0,0
3.3591762313677385,756.0,0
3.35928546221453,758.0,0
3.3593946930613208,759.0,0
3.3595039239081124,760.0,0
3.359613154754903,760.0,0
3.359722385601694,761.0,0
3.3598316164484854,763.0,0
3.359940847295276,764.0,0
3.3600500781420677,764.0,0
3.360159308988859,765.0,0
3.36026853983565,766.0,0
3.360377770682441,768.0,0
3.3604870015292327,768.0,0
3.3605962323760235,768.0,0
3.360705463222814,770.0,0
3.3608146940696058,771.0,0
3.3609239249163965,771.0,0
3.361033155763188,772.0,0
3.3611423866099788,774.0,0
3.3612516174567704,774.0,0
3.361360848303561,775.0,0
3.3614700791503522,775.0,0
3.3615793099971434,776.0,0
3.3616885408439345,776.0,0
3.361797771690726,777.0,0
3.361907002537517,779.0,0
3.3620162333843084,779.0,0
3.362125464231099,780.0,0
3.36223469507789,781.0,0
3.3623439259246815,782.0,0
3.362453156771472,782.0,0
3.3625623876182638,783.0,0
3.362671618465055,784.0,0
3.362780849311846,784.0,0
3.362890080158637,785.0,0
3.362999311005429,786.0,0
3.3631085418522195,787.0,0
3.3632177726990102,787.0,0
3.363327003545802,788.0,0
3.3634362343925925,788.0,0
3.363545465239384,790.0,0
3.363654696086175,791.0,0
3.3637639269329664,792.0,0
3.363873157779757,792.0,0
3.3639823886265483,792.0,0
3.3640916194733395,793.0,0
3.3642008503201306,793.0,0
3.364310081166922,794.0,0
3.364419312013713,796.0,0
3.3645285428605045,796.0,0
3.364637773707295,796.0,0
3.364747004554086,797.0,0
3.3648562354008775,798.0,0
3.3649654662476682,798.0,0
3.36507469709446,799.0,0
3.365183927941251,800.0,0
3.365293158788042,800.0,0
3.3654023896348333,801.0,0
3.365511620481625,802.0,0
3.3656208513284156,803.0,0
3.3657300821752063,803.0,0
3.365839313021998,804.0,0
3.3659485438687886,805.0,0
3.36605777471558,806.0,0
3.366167005562371,807.0,0
3.3662762364091625,807.0,0
3.3663854672559532,807.0,0
3.3664946981027444,808.0,0
3.3666039289495355,810.0,0
3.3667131597963267,811.0,0
3.3668223906431183,812.0,0
3.366931621489909,812.0,0
3.3670408523367006,814.0,0
3.3671500831834913,814.0,0
3.367259314030282,815.0,0
3.3673685448770736,816.0,0
3.3674777757238643,816.0,0
3.367587006570656,816.0,0
3.367696237417447,817.0,0
3.367805468264238,818.0,0
3.3679146991110294,818.0,0
3.368023929957821,819.0,0
3.3681331608046117,820.0,0
3.3682423916514024,820.0,0
3.368351622498194,822.0,0
3.3684608533449847,822.0,0
3.3685700841917763,822.0,0
3.368679315038567,824.0,0
3.3687885458853586,824.0,0
3.3688977767321493,824.0,0
3.3690070075789404,825.0,0
3.3691162384257316,827.0,0
3.3692254692725228,827.0,0
3.3693347001193144,828.0,0
3.369443930966105,829.0,0
3.3695531618128967,830.0,0
3.3696623926596874,830.0,0
3.369771623506478,831.0,0
3.3698808543532697,832.0,0
3.3699900852000604,832.0,0
3.370099316046852,834.0,0
3.370208546893643,835.0,0
3.3703177777404343,835.0,0
3.3704270085872254,836.0,0
3.370536239434017,838.0,0
3.3706454702808077,838.0,0
3.3707547011275985,839.0,0
3.37086393197439,840.0,0
3.3709731628211808,841.0,0
3.3710823936679724,841.0,0
3.371191624514763,844.0,0
3.3713008553615547,844.0,0
3.3714100862083454,844.0,0
3.3715193170551365,846.0,0
3.3716285479019277,847.0,0
3.371737778748719,847.0,0
3.3718470095955104,848.0,0
3.371956240442301,849.0,0
3.3720654712890927,849.0,0
3.3721747021358834,850.0,0
3.372283932982675,852.0,0
3.3723931638294657,852.0,0
3.3725023946762565,852.0,0
3.372611625523048,854.0,0
3.372720856369839,855.0,0
3.3728300872166304,856.0,0
3.3729393180634215,856.0,0
3.373048548910213,857.0,0
3.373157779757004,857.0,0
3.3732670106037945,858.0,0
3.373376241450586,860.0,0
3.373485472297377,860.0,0
3.3735947031441684,860.0,0
3.373703933990959,862.0,0
3.3738131648377507,862.0,0
3.3739223956845414,863.0,0
3.3740316265313326,864.0,0
3.3741408573781237,864.0,0
3.374250088224915,865.0,0
3.3743593190717065,866.0,0
3.374468549918497,867.0,0
3.374577780765289,867.0,0
3.3746870116120795,868.0,0
3.374796242458871,870.0,0
3.374905473305662,870.0,0
3.3750147041524525,871.0,0
3.375123934999244,871.0,0
3.3752331658460353,872.0,0
3.3753423966928264,873.0,0
3.3754516275396176,874.0,0
3.375560858386409,875.0,0
3.3756700892332,875.0,0
3.3757793200799906,876.0,0
3.375888550926782,877.0,0
3.375997781773573,878.0,0
3.3761070126203645,878.0,0
3.376216243467155,879.0,0
3.376325474313947,880.0,0
3.3764347051607375,880.0,0
3.3765439360075287,881.0,0
3.37665316685432,882.0,0
3.376762397701111,882.0,0
3.3768716285479026,883.0,0
3.3769808593946933,883.0,0
3.377090090241485,883.0,0
3.3771993210882756,884.0,0
3.377308551935067,886.0,0
3.377417782781858,886.0,0
3.3775270136286486,886.0,0
3.37763624447544,887.0,0
3.3777454753222313,888.0,0
3.3778547061690225,888.0,0
3.3779639370158137,888.0,0
3.3780731678626053,889.0,0
3.378182398709396,889.0,0
3.3782916295561867,889.0,0
3.3784008604029783,891.0,0
3.378510091249769,891.0,0
3.3786193220965606,892.0,0
3.3787285529433513,892.0,0
3.378837783790143,892.0,0
3.3789470146369336,892.0,0
3.3790562454837247,894.0,0
3.379165476330516,894.0,0
3.379274707177307,894.0,0
3.3793839380240986,895.0,0
3.3794931688708894,896.0,0
3.379602399717681,896.0,0
3.3797116305644717,897.0,0
3.3798208614112633,898.0,0
3.379930092258054,899.0,0
3.3800393231048447,899.0,0
3.3801485539516363,900.0,0
3.3802577847984274,900.0,0
3.3803670156452186,902.0,0
3.3804762464920097,903.0,0
3.3805854773388013,903.0,0
3.380694708185592,904.0,0
3.3808039390323827,905.0,0
3.3809131698791743,907.0,0
3.381022400725965,908.0,0
3.3811316315727566,908.0,0
3.3812408624195474,910.0,0
3.381350093266339,910.0,0
3.3814593241131297,911.0,0
3.381568554959921,912.0,0
3.381677785806712,913.0,0
3.381787016653503,914.0,0
3.3818962475002947,915.0,0
3.3820054783470854,916.0,0
3.382114709193877,916.0,0
3.3822239400406677,918.0,0
3.3823331708874593,919.0,0
3.38244240173425,920.0,0
3.3825516325810407,920.0,0
3.3826608634278323,921.0,0
3.3827700942746235,921.0,0
3.3828793251214146,923.0,0
3.382988555968206,924.0,0
3.3830977868149974,924.0,0
3.383207017661788,924.0,0
3.383316248508579,925.0,0
3.3834254793553704,926.0,0
3.383534710202161,926.0,0
3.3836439410489527,927.0,0
3.3837531718957434,927.0,0
3.383862402742535,928.0,0
3.3839716335893257,928.0,0
3.384080864436117,929.0,0
3.384190095282908,929.0,0
3.384299326129699,930.0,0
3.384408556976491,931.0,0
3.3845177878232815,931.0,0
3.384627018670073,931.0,0
3.384736249516864,932.0,0
3.3848454803636554,932.0,0
3.384954711210446,934.0,0
3.385063942057237,934.0,0
3.3851731729040284,934.0,0
3.3852824037508196,935.0,0
3.3853916345976107,935.0,0
3.385500865444402,935.0,0
3.3856100962911935,936.0,0
3.385719327137984,936.0,0
3.385828557984775,937.0,0
3.3859377888315665,938.0,0
3.386047019678357,939.0,0
3.386156250525149,940.0,0
3.3862654813719395,940.0,0
3.386374712218731,941.0,0
3.386483943065522,942.0,0
3.3865931739123134,942.0,0
3.386702404759104,943.0,0
3.3868116356058953,944.0,0
3.386920866452687,944.0,0
3.3870300972994776,945.0,0
3.387139328146269,946.0,0
3.38724855899306,946.0,0
3.3873577898398515,947.0,0
3.387467020686642,948.0,0
3.387576251533433,948.0,0
3.3876854823802245,949.0,0
3.3877947132270156,950.0,0
3.387903944073807,951.0,0
3.388013174920598,952.0,0
3.3881224057673895,952.0,0
3.3882316366141803,952.0,0
3.388340867460971,953.0,0
3.3884500983077626,954.0,0
3.3885593291545533,955.0,0
3.388668560001345,955.0,0
3.3887777908481356,956.0,0
3.388887021694927,956.0,0
3.388996252541718,956.0,0
3.3891054833885095,957.0,0
3.3892147142353,958.0,0
3.3893239450820913,958.0,0
3.389433175928883,958.0,0
3.3895424067756736,960.0,0
3.3896516376224652,960.0,0
3.389760868469256,960.0,0
3.3898700993160475,960.0,0
3.3899793301628383,961.0,0
3.390088561009629,962.0,0
3.3901977918564206,962.0,0
3.3903070227032117,963.0,0
3.390416253550003,963.0,0
3.390525484396794,963.0,0
3.3906347152435856,964.0,0
3.3907439460903763,965.0,0
3.390853176937167,966.0,0
3.3909624077839586,966.0,0
3.3910716386307493,967.0,0
3.391180869477541,967.0,0
3.3912901003243316,967.0,0
3.3913993311711232,967.0,0
3.391508562017914,968.0,0
3.3916177928647055,969.0,0
3.3917270237114963,969.0,0
3.3918362545582874,970.0,0
3.391945485405079,971.0,0
3.3920547162518697,971.0,0
3.3921639470986613,972.0,0
3.392273177945452,972.0,0
3.3923824087922436,973.0,0
3.3924916396390343,974.0,0
3.392600870485825,974.0,0
3.3927101013326166,975.0,0
3.392819332179408,975.0,0
3.392928563026199,975.0,0
3.39303779387299,976.0,0
3.3931470247197817,977.0,0
3.3932562555665724,978.0,0
3.393365486413363,979.0,0
3.3934747172601547,979.0,0
3.3935839481069454,980.0,0
3.393693178953737,980.0,0
3.3938024098005277,981.0,0
3.3939116406473193,982.0,0
3.39402087149411,982.0,0
3.3941301023409016,983.0,0
3.3942393331876923,984.0,0
3.3943485640344835,984.0,0
3.394457794881275,984.0,0
3.394567025728066,985.0,0
3.3946762565748574,985.0,0
3.394785487421648,986.0,0
3.3948947182684397,987.0,0
3.3950039491152304,988.0,0
3.395113179962021,988.0,0
3.3952224108088127,988.0,0
3.395331641655604,988.0,0
3.395440872502395,989.0,0
3.395550103349186,989.0,0
3.3956593341959778,990.0,0
3.3957685650427685,990.0,0
3.395877795889559,991.0,0
3.3959870267363508,991.0,0
3.3960962575831415,992.0,0
3.396205488429933,992.0,0
3.396314719276724,992.0,0
3.3964239501235154,992.0,0
3.396533180970306,993.0,0
3.3966424118170977,994.0,0
3.3967516426638884,994.0,0
3.3968608735106796,995.0,0
3.396970104357471,995.0,0
3.397079335204262,995.0,0
3.3971885660510535,996.0,0
3.397297796897844,996.0,0
3.3974070277446358,998.0,0
3.3975162585914265,998.0,0
3.397625489438217,999.0,0
3.397734720285009,999.0,0
3.3978439511318,999.0,0
3.397953181978591,1000.0,0
3.3980624128253822,1001.0,0
3.398171643672174,1001.0,0
3.3982808745189645,1002.0,0
3.3983901053657553,1003.0,0
3.398499336212547,1004.0,0
3.3986085670593376,1004.0,0
3.398717797906129,1005.0,0
3.39882702875292,1006.0,0
3.3989362595997115,1006.0,0
3.399045490446502,1007.0,0
3.3991547212932938,1008.0,0
3.3992639521400845,1008.0,0
3.3993731829868756,1009.0,0
3.3994824138336672,1009.0,0
3.399591644680458,1010.0,0
3.3997008755272495,1011.0,0
3.3998101063740402,1011.0,0
3.399919337220832,1012.0,0
3.4000285680676225,1012.0,0
3.4001377989144133,1012.0,0
3.400247029761205,1014.0,0
3.400356260607996,1014.0,0
3.400465491454787,1015.0,0
3.4005747223015783,1015.0,0
3.40068395314837,1015.0,0
3.4007931839951606,1015.0,0
3.4009024148419513,1015.0,0
3.401011645688743,1015.0,0
3.4011208765355336,1015.0,0
3.4012301073823252,1015.0,0
3.401339338229116,1015.0,0
3.4014485690759075,1015.0,0
3.4015577999226982,1015.0,0
3.40166703076949,1015.0,0
3.4017762616162806,1015.0,0
3.4018854924630717,1015.0,0
3.4019947233098633,1015.0,0
3.402103954156654,1015.0,0
3.4022131850034456,1015.0,0
3.4023224158502363,1015.0,0
3.402431646697028,1015.0,0
3.4025408775438186,1015.0,0
3.4026501083906093,1015.0,0
3.402759339237401,1015.0,0
3.402868570084192,1015.0,0
3.4029778009309832,1015.0,0
3.4030870317777744,1015.0,0
3.403196262624566,1015.0,0
3.4033054934713567,1015.0,0
3.4034147243181483,1015.0,0
3.403523955164939,1015.0,0
3.4036331860117297,1015.0,0
3.4037424168585213,1015.0,0
3.403851647705312,1015.0,0
3.4039608785521036,1015.0,0
3.4040701093988943,1015.0,0
3.404179340245686,1015.0,0
3.4042885710924766,1015.0,0
3.4043978019392678,1015.0,0
3.4045070327860594,1015.0,0
3.40461626363285,1015.0,0
3.4047254944796417,1015.0,0
3.4048347253264324,1015.0,0
3.404943956173224,1015.0,0
3.4050531870200147,1015.0,0
3.4051624178668054,1015.0,0
3.405271648713597,1015.0,0
3.405380879560388,1015.0,0
3.4054901104071793,1015.0,0
3.4055993412539705,1015.0,0
3.405708572100762,1015.0,0
3.4058178029475528,1015.0,0
3.4059270337943444,1015.0,0
3.406036264641135,1015.0,0
3.406145495487926,1015.0,0
3.4062547263347174,1015.0,0
3.406363957181508,1015.0,0
3.4064731880282997,1015.0,0
3.4065824188750904,1015.0,0
3.406691649721882,1015.0,0
3.4068008805686727,1015.0,0
3.406910111415464,1015.0,0
3.4070193422622554,1015.0,0
3.407128573109046,1015.0,0
3.4072378039558378,1015.0,0
3.4073470348026285,1015.0,0
3.40745626564942,1015.0,0
3.4075654964962108,1015.0,0
3.4076747273430015,1015.0,0
3.407783958189793,1015.0,0
3.4078931890365842,1015.0,0
3.4080024198833754,1015.0,0
3.4081116507301665,1015.0,0
3.408220881576958,1015.0,0
3.408330112423749,1015.0,0
3.4084393432705404,1015.0,0
3.408548574117331,1015.0,0
3.408657804964122,1015.0,0
3.4087670358109134,1015.0,0
3.408876266657704,1015.0,0
3.4089854975044958,1015.0,0
3.4090947283512865,1015.0,0
3.409203959198078,1015.0,0
3.4093131900448688,1015.0,0
3.40942242089166,1015.0,0
3.4095316517384515,1015.0,0
3.4096408825852422,1015.0,0
3.409750113432034,1015.0,0
3.4098593442788245,1015.0,0
3.409968575125616,1015.0,0
3.410077805972407,1015.0,0
3.4101870368191975,1015.0,0
3.410296267665989,1015.0,0
3.4104054985127803,1015.0,0
3.4105147293595715,1015.0,0
3.4106239602063626,1015.0,0
3.410733191053154,1015.0,0
3.410842421899945,1015.0,0
3.4109516527467365,1015.0,0
3.411060883593527,1015.0,0
3.411170114440318,1015.0,0
3.4112793452871095,1015.0,0
3.4113885761339002,1015.0,0
3.411497806980692,1015.0,0
3.4116070378274825,1015.0,0
3.411716268674274,1015.0,0
3.411825499521065,1015.0,0
3.411934730367856,1015.0,0
3.4120439612146476,1015.0,0
3.4121531920614383,1015.0,0
3.41226242290823,1015.0,0
3.4123716537550206,1015.0,0
3.412480884601812,1015.0,0
3.412590115448603,1015.0,0
3.4126993462953936,1015.0,0
3.412808577142185,1015.0,0
3.4129178079889764,1015.0,0
3.4130270388357675,1015.0,0
3.4131362696825587,1015.0,0
3.4132455005293503,1015.0,0
3.413354731376141,1015.0,0
3.4134639622229326,1015.0,0
3.4135731930697233,1015.0,0
3.413682423916514,1015.0,0
3.4137916547633056,1015.0,0
3.4139008856100963,1015.0,0
3.414010116456888,1015.0,0
3.4141193473036786,1015.0,0
3.41422857815047,1015.0,0
3.414337808997261,1015.0,0
3.414447039844052,1015.0,0
3.4145562706908437,1015.0,0
3.4146655015376344,1015.0,0
3.414774732384426,1015.0,0
3.4148839632312167,1015.0,0
3.4149931940780083,1015.0,0
3.415102424924799,1015.0,0
3.4152116557715897,1014.0,0
3.4153208866183813,1015.0,0
3.4154301174651724,1015.0,0
3.4155393483119636,1015.0,0
3.4156485791587547,1015.0,0
3.4157578100055463,1015.0,0
3.415867040852337,1015.0,0
3.4159762716991287,1015.0,0
3.4160855025459194,1015.0,0
3.41619473339271,1015.0,0
3.4163039642395017,1015.0,0
3.4164131950862924,1015.0,0
3.416522425933084,1015.0,0
3.4166316567798747,1014.0,0
3.4167408876266663,1015.0,0
3.416850118473457,1015.0,0
3.416959349320248,1015.0,0
3.4170685801670397,1015.0,0
3.4171778110138304,1014.0,0
3.417287041860622,1015.0,0
3.4173962727074128,1015.0,0
3.4175055035542043,1015.0,0
3.417614734400995,1014.0,0
3.4177239652477867,1015.0,0
3.4178331960945774,1015.0,0
3.4179424269413685,1015.0,0
3.4180516577881597,1015.0,0
3.418160888634951,1015.0,0
3.4182701194817424,1014.0,0
3.418379350328533,1015.0,0
3.4184885811753247,1015.0,0
3.4185978120221154,1015.0,0
3.418707042868906,1014.0,0
3.4188162737156977,1015.0,0
3.4189255045624884,1015.0,0
3.41903473540928,1015.0,0
3.4191439662560708,1015.0,0
3.4192531971028624,1014.0,0
3.419362427949653,1015.0,0
3.419471658796444,1014.0,0
3.419580889643236,1015.0,0
3.4196901204900265,1015.0,0
3.419799351336818,1015.0,0
3.419908582183609,1014.0,0
3.4200178130304004,1015.0,0
3.420127043877191,1015.0,0
3.4202362747239827,1015.0,0
3.4203455055707734,1014.0,0
3.4204547364175646,1015.0,0
3.4205639672643557,1015.0,0
3.420673198111147,1015.0,0
3.4207824289579385,1015.0,0
3.420891659804729,1014.0,0
3.421000890651521,1015.0,0
3.4211101214983115,1015.0,0
3.421219352345102,1015.0,0
3.421328583191894,1014.0,0
3.4214378140386845,1014.0,0
3.421547044885476,1015.0,0
3.421656275732267,1015.0,0
3.4217655065790584,1015.0,0
3.421874737425849,1014.0,0
3.4219839682726403,1015.0,0
3.422093199119432,1015.0,0
3.4222024299662226,1015.0,0
3.422311660813014,1015.0,0
3.422420891659805,1014.0,0
3.4225301225065965,1015.0,0
3.422639353353387,1015.0,0
3.422748584200179,1015.0,0
3.4228578150469695,1015.0,0
3.4229670458937607,1015.0,0
3.423076276740552,1014.0,0
3.423185507587343,1014.0,0
3.4232947384341346,1014.0,0
3.4234039692809253,1014.0,0
3.423513200127717,1015.0,0
3.4236224309745076,1015.0,0
3.4237316618212983,1015.0,0
3.42384089266809,1015.0,0
3.4239501235148806,1015.0,0
3.424059354361672,1014.0,0
3.424168585208463,1015.0,0
3.4242778160552545,1015.0,0
3.424387046902045,1014.0,0
3.4244962777488364,1014.0,0
3.424605508595628,1015.0,0
3.4247147394424187,1014.0,0
3.4248239702892103,1015.0,0
3.424933201136001,1014.0,0
3.4250424319827926,1014.0,0
3.4251516628295833,1014.0,0
3.425260893676375,1015.0,0
3.4253701245231656,1015.0,0
3.4254793553699567,1014.0,0
3.425588586216748,1015.0,0
3.425697817063539,1014.0,0
3.4258070479103306,1015.0,0
3.4259162787571213,1015.0,0
3.426025509603913,1014.0,0
3.4261347404507037,1014.0,0
3.4262439712974944,1015.0,0
3.426353202144286,1015.0,0
3.4264624329910767,1014.0,0
3.4265716638378683,1015.0,0
3.426680894684659,1015.0,0
3.4267901255314506,1015.0,0
3.4268993563782413,1015.0,0
3.4270085872250324,1014.0,0
3.427117818071824,1015.0,0
3.4272270489186147,1014.0,0
3.4273362797654063,1015.0,0
3.427445510612197,1015.0,0
3.4275547414589886,1014.0,0
3.4276639723057793,1014.0,0
3.427773203152571,1015.0,0
3.4278824339993617,1015.0,0
3.427991664846153,1014.0,0
3.428100895692944,1014.0,0
3.428210126539735,1015.0,0
3.4283193573865267,1014.0,0
3.4284285882333174,1015.0,0
3.428537819080109,1015.0,0
3.4286470499268997,1014.0,0
3.4287562807736904,1015.0,0
3.428865511620482,1015.0,0
3.4289747424672727,1015.0,0
3.4290839733140643,1014.0,0
3.429193204160855,1014.0,0
3.4293024350076466,1015.0,0
3.4294116658544374,1014.0,0
3.4295208967012285,1015.0,0
3.42963012754802,1014.0,0
3.429739358394811,1014.0,0
3.4298485892416024,1014.0,0
3.429957820088393,1015.0,0
3.4300670509351847,1014.0,0
3.4301762817819754,1014.0,0
3.430285512628767,1014.0,0
3.4303947434755577,1015.0,0
3.430503974322349,1014.0,0
3.43061320516914,1014.0,0
3.430722436015931,1014.0,0
3.430831666862723,1015.0,0
3.4309408977095135,1015.0,0
3.431050128556305,1014.0,0
3.431159359403096,1014.0,0
3.4312685902498865,1015.0,0
3.431377821096678,1014.0,0
3.431487051943469,1015.0,0
3.4315962827902604,1015.0,0
3.431705513637051,1014.0,0
3.4318147444838427,1014.0,0
3.4319239753306334,1015.0,0
3.4320332061774246,1015.0,0
3.432142437024216,1015.0,0
3.432251667871007,1014.0,0
3.4323608987177985,1014.0,0
3.432470129564589,1015.0,0
3.432579360411381,1015.0,0
3.4326885912581715,1015.0,0
3.432797822104963,1014.0,0
3.432907052951754,1014.0,0
3.433016283798545,1014.0,0
3.433125514645336,1015.0,0
3.4332347454921273,1015.0,0
3.433343976338919,1014.0,0
3.4334532071857096,1015.0,0
3.433562438032501,1014.0,0
3.433671668879292,1015.0,0
3.4337808997260826,1014.0,0
3.433890130572874,1014.0,0
3.433999361419665,1015.0,0
3.4341085922664565,1015.0,0
3.434217823113247,1014.0,0
3.434327053960039,1014.0,0
3.4344362848068295,1014.0,0
3.434545515653621,1015.0,0
3.4346547465004122,1015.0,0
3.434763977347203,1015.0,0
3.4348732081939946,1014.0,0
3.4349824390407853,1014.0,0
3.435091669887577,1015.0,0
3.4352009007343676,1014.0,0
3.435310131581159,1015.0,0
3.43541936242795,1014.0,0
3.435528593274741,1014.0,0
3.435637824121532,1015.0,0
3.4357470549683233,1015.0,0
3.435856285815115,1014.0,0
3.4359655166619056,1014.0,0
3.4360747475086972,1014.0,0
3.436183978355488,1014.0,0
3.4362932092022787,1015.0,0
3.4364024400490703,1014.0,0
3.436511670895861,1014.0,0
3.4366209017426526,1014.0,0
3.4367301325894433,1015.0,0
3.436839363436235,1014.0,0
3.4369485942830256,1014.0,0
3.437057825129817,1015.0,0
3.4371670559766083,1014.0,0
3.437276286823399,1015.0,0
3.4373855176701906,1014.0,0
3.4374947485169813,1014.0,0
3.437603979363773,1015.0,0
3.4377132102105636,1014.0,0
3.4378224410573552,1015.0,0
3.437931671904146,1014.0,0
3.438040902750937,1014.0,0
3.4381501335977283,1015.0,0
3.4382593644445194,1014.0,0
3.438368595291311,1015.0,0
3.4384778261381017,1014.0,0
3.4385870569848933,1014.0,0
3.438696287831684,1015.0,0
3.4388055186784747,1014.0,0
3.4389147495252663,1014.0,0
3.439023980372057,1014.0,0
3.4391332112188486,1014.0,0
3.4392424420656393,1015.0,0
3.439351672912431,1015.0,0
3.4394609037592216,1014.0,0
3.4395701346060132,1014.0,0
3.4396793654528044,1014.0,0
3.439788596299595,1015.0,0
3.4398978271463867,1015.0,0
3.4400070579931774,1014.0,0
3.440116288839969,1015.0,0
3.4402255196867597,1015.0,0
3.4403347505335513,1015.0,0
3.440443981380342,1015.0,0
3.440553212227133,1014.0,0
3.4406624430739243,1015.0,0
3.4407716739207155,1014.0,0
3.440880904767507,1015.0,0
3.440990135614298,1015.0,0
3.4410993664610894,1014.0,0
3.44120859730788,1014.0,0
3.441317828154671,1015.0,0
3.4414270590014624,1014.0,0
3.441536289848253,1014.0,0
3.4416455206950447,1014.0,0
3.4417547515418354,1014.0,0
3.441863982388627,1015.0,0
3.4419732132354177,1014.0,0
3.4420824440822093,1014.0,0
3.4421916749290005,1015.0,0
3.442300905775791,1015.0,0
3.4424101366225828,1015.0,0
3.4425193674693735,1014.0,0
3.442628598316165,1014.0,0
3.442737829162956,1015.0,0
3.4428470600097474,1014.0,0
3.442956290856538,1015.0,0
3.4430655217033292,1015.0,0
3.4431747525501204,1014.0,0
3.4432839833969116,1014.0,0
3.443393214243703,1015.0,0
3.443502445090494,1015.0,0
3.4436116759372855,1014.0,0
3.443720906784076,1014.0,0
3.443830137630867,1015.0,0
3.4439393684776585,1015.0,0
3.444048599324449,1015.0,0
3.4441578301712408,1014.0,0
3.4442670610180315,1014.0,0
3.444376291864823,1015.0,0
3.444485522711614,1015.0,0
3.4445947535584054,1015.0,0
3.4447039844051965,1014.0,0
3.4448132152519872,1014.0,0
3.444922446098779,1015.0,0
3.4450316769455696,1015.0,0
3.445140907792361,1015.0,0
3.445250138639152,1014.0,0
3.4453593694859435,1014.0,0
3.445468600332734,1015.0,0
3.4455778311795253,1015.0,0
3.4456870620263165,1014.0,0
3.4457962928731076,1015.0,0
3.445905523719899,1014.0,0
3.44601475456669,1015.0,0
3.4461239854134815,1015.0,0
3.4462332162602722,1014.0,0
3.446342447107063,1015.0,0
3.4464516779538545,1014.0,0
3.4465609088006453,1015.0,0
3.446670139647437,1015.0,0
3.4467793704942276,1015.0,0
3.446888601341019,1014.0,0
3.44699783218781,1015.0,0
3.4471070630346015,1015.0,0
3.4472162938813926,1015.0,0
3.4473255247281833,1014.0,0
3.447434755574975,1015.0,0
3.4475439864217656,1014.0,0
3.4476532172685572,1015.0,0
3.447762448115348,1015.0,0
3.4478716789621395,1014.0,0
3.4479809098089302,1015.0,0
3.4480901406557214,1014.0,0
3.4481993715025125,1015.0,0
3.4483086023493037,1014.0,0
3.4484178331960953,1014.0,0
3.448527064042886,1015.0,0
3.4486362948896776,1015.0,0
3.4487455257364683,1015.0,0
3.44885475658326,1014.0,0
3.4489639874300506,1014.0,0
3.4490732182768413,1015.0,0
3.449182449123633,1014.0,0
3.4492916799704236,1014.0,0
3.4494009108172152,1014.0,0
3.449510141664006,1015.0,0
3.4496193725107975,1015.0,0
3.4497286033575887,1015.0,0
3.4498378342043794,1015.0,0
3.449947065051171,1014.0,0
3.4500562958979617,1015.0,0
3.4501655267447533,1015.0,0
3.450274757591544,1015.0,0
3.4503839884383356,1014.0,0
3.4504932192851263,1014.0,0
3.4506024501319175,1015.0,0
3.4507116809787086,1015.0,0
3.4508209118254998,1015.0,0
3.4509301426722914,1014.0,0
3.451039373519082,1014.0,0
3.4511486043658737,1014.0,0
3.4512578352126644,1015.0,0
3.451367066059456,1014.0,0
3.4514762969062467,1015.0,0
3.4515855277530374,1015.0,0
3.451694758599829,1015.0,0
3.4518039894466197,1015.0,0
3.4519132202934113,1014.0,0
3.452022451140202,1015.0,0
3.4521316819869936,1015.0,0
3.4522409128337848,1015.0,0
3.4523501436805755,1015.0,0
3.452459374527367,1014.0,0
3.4525686053741578,1015.0,0
3.4526778362209494,1014.0,0
3.45278706706774,1015.0,0
3.4528962979145317,1015.0,0
3.4530055287613224,1014.0,0
3.4531147596081135,1014.0,0
3.4532239904549047,1015.0,0
3.453333221301696,1015.0,0
3.4534424521484874,1015.0,0
3.453551682995278,1015.0,0
3.4536609138420697,1014.0,0
3.4537701446888605,1015.0,0
3.453879375535652,1015.0,0
3.4539886063824428,1015.0,0
3.4540978372292335,1014.0,0
3.454207068076025,1014.0,0
3.4543162989228158,1015.0,0
3.4544255297696074,1015.0,0
3.454534760616398,1014.0,0
3.4546439914631897,1015.0,0
3.454753222309981,1015.0,0
3.4548624531567715,1014.0,0
3.454971684003563,1015.0,0
3.455080914850354,1014.0,0
3.4551901456971454,1015.0,0
3.455299376543936,1015.0,0
3.4554086073907277,1015.0,0
3.4555178382375185,1015.0,0
3.4556270690843096,1014.0,0
3.4557362999311008,1015.0,0
3.455845530777892,1015.0,0
3.4559547616246835,1015.0,0
3.4560639924714742,1014.0,0
3.456173223318266,1015.0,0
3.4562824541650565,1015.0,0
3.456391685011848,1015.0,0
3.456500915858639,1015.0,0
3.4566101467054295,1014.0,0
3.456719377552221,1015.0,0
3.456828608399012,1014.0,0
3.4569378392458034,1015.0,0
3.457047070092594,1015.0,0
3.4571563009393858,1014.0,0
3.457265531786177,1015.0,0
3.4573747626329676,1015.0,0
3.457483993479759,1015.0,0
3.45759322432655,1015.0,0
3.4577024551733415,1014.0,0
3.4578116860201322,1015.0,0
3.457920916866924,1014.0,0
3.4580301477137145,1015.0,0
3.4581393785605057,1015.0,0
3.458248609407297,1015.0,0
3.458357840254088,1015.0,0
3.4584670711008796,1015.0,0
3.4585763019476703,1015.0,0
3.458685532794462,1015.0,0
3.4587947636412526,1015.0,0
3.458903994488044,1015.0,0
3.459013225334835,1015.0,0
3.4591224561816256,1015.0,0
3.459231687028417,1015.0,0
3.459340917875208,1015.0,0
3.4594501487219995,1015.0,0
3.4595593795687902,1015.0,0
3.459668610415582,1015.0,0
3.459777841262373,1015.0,0
3.4598870721091637,1015.0,0
3.4599963029559553,1015.0,0
3.460105533802746,1015.0,0
3.4602147646495376,1015.0,0
3.4603239954963283,1014.0,0
3.46043322634312,1015.0,0
3.4605424571899106,1015.0,0
3.4606516880367018,1015.0,0
3.460760918883493,1014.0,0
3.460870149730284,1015.0,0
3.4609793805770757,1015.0,0
3.4610886114238664,1015.0,0
3.461197842270658,1015.0,0
3.4613070731174487,1014.0,0
3.4614163039642403,1015.0,0
3.461525534811031,1015.0,0
3.4616347656578217,1015.0,0
3.4617439965046133,1015.0,0
3.461853227351404,1015.0,0
3.4619624581981956,1015.0,0
3.4620716890449863,1015.0,0
3.462180919891778,1015.0,0
3.462290150738569,1015.0,0
3.4623993815853598,1015.0,0
3.4625086124321514,1014.0,0
3.462617843278942,1015.0,0
3.4627270741257337,1015.0,0
3.4628363049725244,1014.0,0
3.462945535819316,1015.0,0
3.4630547666661067,1015.0,0
3.4631639975128983,1015.0,0
3.463273228359689,1015.0,0
3.46338245920648,1014.0,0
3.4634916900532717,1015.0,0
3.4636009209000624,1015.0,0
3.463710151746854,1015.0,0
3.4638193825936447,1015.0,0
3.4639286134404363,1015.0,0
3.464037844287227,1015.0,0
3.4641470751340178,1015.0,0
3.4642563059808094,1015.0,0
3.4643655368276,1015.0,0
3.4644747676743917,1015.0,0
3.4645839985211824,1015.0,0
3.464693229367974,1015.0,0
3.464802460214765,1015.0,0
3.464911691061556,1015.0,0
3.4650209219083474,1015.0,0
3.465130152755138,1015.0,0
3.4652393836019297,1015.0,0
3.4653486144487204,1015.0,0
3.465457845295512,1015.0,0
3.4655670761423027,1015.0,0
3.4656763069890943,1015.0,0
3.465785537835885,1015.0,0
3.465894768682676,1015.0,0
3.466003999529468,1015.0,0
3.4661132303762585,1015.0,0
3.46622246122305,1015.0,0
3.466331692069841,1015.0,0
3.4664409229166324,1015.0,0
3.466550153763423,1015.0,0
3.466659384610214,1015.0,0
3.4667686154570054,1015.0,0
3.466877846303796,1015.0,0
3.4669870771505877,1015.0,0
3.4670963079973784,1015.0,0
3.46720553884417,1015.0,0
3.467314769690961,1015.0,0
3.467424000537752,1015.0,0
3.4675332313845435,1015.0,0
3.467642462231334,1015.0,0
3.467751693078126,1015.0,0
3.4678609239249165,1015.0,0
3.467970154771708,1015.0,0
3.468079385618499,1015.0,0
3.4681886164652904,1015.0,0
3.468297847312081,1015.0,0
3.4684070781588723,1015.0,0
3.468516309005664,1015.0,0
3.4686255398524546,1015.0,0
3.468734770699246,1015.0,0
3.468844001546037,1015.0,0
3.4689532323928285,1015.0,0
3.469062463239619,1015.0,0
3.46917169408641,1015.0,0
3.4692809249332015,1015.0,0
3.469390155779992,1015.0,0
3.469499386626784,1015.0,0
3.4696086174735745,1015.0,0
3.469717848320366,1015.0,0
3.4698270791671573,1015.0,0
3.469936310013948,1015.0,0
3.4700455408607396,1015.0,0
3.4701547717075303,1015.0,0
3.470264002554322,1015.0,0
3.4703732334011126,1015.0,0
3.470482464247904,1015.0,0
3.470591695094695,1015.0,0
3.4707009259414865,1015.0,0
3.470810156788277,1015.0,0
3.4709193876350684,1015.0,0
3.47102861848186,1015.0,0
3.4711378493286507,1015.0,0
3.4712470801754423,1015.0,0
3.471356311022233,1015.0,0
3.4714655418690246,1015.0,0
3.4715747727158153,1015.0,0
3.471684003562606,1015.0,0
3.4717932344093976,1015.0,0
3.4719024652561883,1015.0,0
3.47201169610298,1015.0,0
3.4721209269497706,1015.0,0
3.472230157796562,1015.0,0
3.4723393886433533,1015.0,0
3.472448619490144,1015.0,0
3.4725578503369356,1015.0,0
3.4726670811837264,1015.0,0
3.472776312030518,1015.0,0
3.4728855428773087,1015.0,0
3.4729947737241003,1015.0,0
3.473104004570891,1015.0,0
3.4732132354176826,1015.0,0
3.4733224662644733,1015.0,0
3.4734316971112644,1015.0,0
3.473540927958056,1015.0,0
3.4736501588048467,1015.0,0
3.4737593896516383,1015.0,0
3.473868620498429,1015.0,0
3.4739778513452206,1015.0,0
3.4740870821920113,1015.0,0
3.474196313038802,1015.0,0
3.4743055438855937,1015.0,0
3.4744147747323844,1015.0,0
3.474524005579176,1015.0,0
3.4746332364259667,1015.0,0
3.4747424672727583,1015.0,0
3.4748516981195494,1015.0,0
3.47496092896634,1015.0,0
3.4750701598131317,1015.0,0
3.4751793906599224,1015.0,0
3.475288621506714,1015.0,0
3.4753978523535047,1015.0,0
3.4755070832002963,1015.0,0
3.475616314047087,1015.0,0
3.4757255448938786,1015.0,0
3.4758347757406693,1015.0,0
3.4759440065874605,1015.0,0
3.476053237434252,1015.0,0
3.476162468281043,1015.0,0
3.4762716991278344,1015.0,0
3.476380929974625,1015.0,0
3.4764901608214167,1015.0,0
3.4765993916682074,1015.0,0
3.476708622514998,1015.0,0
3.4768178533617897,1015.0,0
3.4769270842085804,1015.0,0
3.477036315055372,1015.0,0
3.4771455459021627,1014.0,0
3.4772547767489543,1013.0,0
3.4773640075957455,1012.0,0
3.477473238442536,1012.0,0
3.477582469289328,1011.0,0
3.4776917001361185,1011.0,0
3.47780093098291,1011.0,0
3.477910161829701,1011.0,0
3.4780193926764924,1010.0,0
3.478128623523283,1009.0,0
3.4782378543700747,1009.0,0
3.4783470852168654,1009.0,0
3.4784563160636566,1008.0,0
3.478565546910448,1008.0,0
3.478674777757239,1008.0,0
3.4787840086040305,1007.0,0
3.478893239450821,1006.0,0
3.479002470297613,1006.0,0
3.4791117011444035,1005.0,0
3.479220931991194,1004.0,0
3.479330162837986,1004.0,0
3.4794393936847765,1003.0,0
3.479548624531568,1003.0,0
3.479657855378359,1003.0,0
3.4797670862251504,1002.0,0
3.4798763170719416,1001.0,0
3.4799855479187327,1001.0,0
3.480094778765524,1000.0,0
3.4802040096123146,999.0,0
3.480313240459106,999.0,0
3.480422471305897,999.0,0
3.4805317021526885,998.0,0
3.480640932999479,998.0,0
3.480750163846271,998.0,0
3.4808593946930615,997.0,0
3.4809686255398526,996.0,0
3.4810778563866442,996.0,0
3.481187087233435,995.0,0
3.4812963180802265,995.0,0
3.4814055489270173,995.0,0
3.481514779773809,995.0,0
3.4816240106205996,994.0,0
3.4817332414673903,994.0,0
3.481842472314182,993.0,0
3.4819517031609726,993.0,0
3.482060934007764,992.0,0
3.482170164854555,992.0,0
3.4822793957013465,991.0,0
3.4823886265481376,992.0,0
3.482497857394929,991.0,0
3.48260708824172,990.0,0
3.4827163190885106,990.0,0
3.4828255499353022,989.0,0
3.482934780782093,988.0,0
3.4830440116288846,988.0,0
3.4831532424756753,988.0,0
3.483262473322467,987.0,0
3.4833717041692576,987.0,0
3.4834809350160487,987.0,0
3.4835901658628403,986.0,0
3.483699396709631,986.0,0
3.4838086275564226,985.0,0
3.4839178584032133,984.0,0
3.484027089250005,984.0,0
3.4841363200967956,984.0,0
3.4842455509435863,984.0,0
3.484354781790378,984.0,0
3.4844640126371687,983.0,0
3.4845732434839602,982.0,0
3.484682474330751,982.0,0
3.4847917051775426,982.0,0
3.4849009360243337,980.0,0
3.485010166871125,980.0,0
3.485119397717916,980.0,0
3.4852286285647067,979.0,0
3.4853378594114983,979.0,0
3.485447090258289,979.0,0
3.4855563211050806,978.0,0
3.4856655519518713,978.0,0
3.485774782798663,977.0,0
3.4858840136454536,976.0,0
3.485993244492245,976.0,0
3.4861024753390364,976.0,0
3.486211706185827,975.0,0
3.4863209370326187,975.0,0
3.4864301678794094,975.0,0
3.486539398726201,974.0,0
3.4866486295729917,974.0,0
3.4867578604197824,974.0,0
3.486867091266574,974.0,0
3.4869763221133647,973.0,0
3.4870855529601563,973.0,0
3.487194783806947,972.0,0
3.4873040146537386,972.0,0
3.48741324550053,972.0,0
3.487522476347321,971.0,0
3.487631707194112,971.0,0
3.487740938040903,971.0,0
3.4878501688876944,970.0,0
3.487959399734485,969.0,0
3.4880686305812767,969.0,0
3.4881778614280674,969.0,0
3.488287092274859,968.0,0
3.4883963231216497,967.0,0
3.488505553968441,967.0,0
3.4886147848152325,967.0,0
3.488724015662023,967.0,0
3.4888332465088148,967.0,0
3.4889424773556055,966.0,0
3.489051708202397,966.0,0
3.489160939049188,966.0,0
3.4892701698959785,964.0,0
3.48937940074277,964.0,0
3.489488631589561,964.0,0
3.4895978624363524,963.0,0
3.489707093283143,963.0,0
3.4898163241299347,963.0,0
3.489925554976726,963.0,0
3.490034785823517,962.0,0
3.490144016670308,962.0,0
3.490253247517099,961.0,0
3.4903624783638905,961.0,0
3.490471709210681,961.0,0
3.4905809400574728,961.0,0
3.4906901709042635,960.0,0
3.490799401751055,960.0,0
3.490908632597846,960.0,0
3.491017863444637,959.0,0
3.4911270942914285,959.0,0
3.4912363251382192,959.0,0
3.491345555985011,958.0,0
3.4914547868318015,958.0,0
3.491564017678593,958.0,0
3.491673248525384,957.0,0
3.4917824793721746,957.0,0
3.491891710218966,956.0,0
3.492000941065757,956.0,0
3.4921101719125485,956.0,0
3.492219402759339,956.0,0
3.4923286336061308,955.0,0
3.492437864452922,955.0,0
3.492547095299713,954.0,0
3.4926563261465042,953.0,0
3.492765556993295,953.0,0
3.4928747878400865,952.0,0
3.4929840186868772,952.0,0
3.493093249533669,952.0,0
3.4932024803804596,952.0,0
3.493311711227251,951.0,0
3.493420942074042,950.0,0
3.493530172920833,950.0,0
3.4936394037676246,948.0,0
3.4937486346144153,948.0,0
3.493857865461207,947.0,0
3.4939670963079976,947.0,0
3.494076327154789,946.0,0
3.49418555800158,946.0,0
3.4942947888483715,945.0,0
3.4944040196951622,944.0,0
3.494513250541953,944.0,0
3.4946224813887445,944.0,0
3.4947317122355352,943.0,0
3.494840943082327,942.0,0
3.494950173929118,942.0,0
3.495059404775909,941.0,0
3.4951686356227003,941.0,0
3.495277866469491,941.0,0
3.4953870973162826,940.0,0
3.4954963281630733,940.0,0
3.495605559009865,940.0,0
3.4957147898566556,939.0,0
3.495824020703447,939.0,0
3.495933251550238,938.0,0
3.496042482397029,937.0,0
3.4961517132438207,937.0,0
3.4962609440906114,937.0,0
3.496370174937403,936.0,0
3.4964794057841937,936.0,0
3.4965886366309853,935.0,0
3.496697867477776,935.0,0
3.4968070983245676,935.0,0
3.4969163291713583,934.0,0
3.497025560018149,934.0,0
3.4971347908649406,934.0,0
3.4972440217117313,933.0,0
3.497353252558523,932.0,0
3.497462483405314,932.0,0
3.4975717142521052,932.0,0
3.4976809450988964,931.0,0
3.497790175945687,931.0,0
3.4978994067924787,931.0,0
3.4980086376392694,930.0,0
3.498117868486061,930.0,0
3.4982270993328517,929.0,0
3.4983363301796433,929.0,0
3.498445561026434,928.0,0
3.498554791873225,928.0,0
3.4986640227200168,928.0,0
3.4987732535668075,927.0,0
3.498882484413599,927.0,0
3.4989917152603898,927.0,0
3.4991009461071814,926.0,0
3.499210176953972,926.0,0
3.4993194078007637,926.0,0
3.4994286386475544,924.0,0
3.499537869494345,924.0,0
3.4996471003411367,924.0,0
3.4997563311879274,924.0,0
3.499865562034719,923.0,0
3.49997479288151,923.0,0
3.5000840237283013,922.0,0
3.5001932545750924,921.0,0
3.500302485421883,921.0,0
3.5004117162686748,920.0,0
3.5005209471154655,920.0,0
3.500630177962257,920.0,0
3.5007394088090478,920.0,0
3.5008486396558394,919.0,0
3.50095787050263,918.0,0
3.5010671013494212,918.0,0
3.501176332196213,918.0,0
3.5012855630430035,916.0,0
3.501394793889795,916.0,0
3.501504024736586,916.0,0
3.5016132555833774,915.0,0
3.501722486430168,915.0,0
3.5018317172769597,915.0,0
3.5019409481237505,914.0,0
3.502050178970541,913.0,0
3.5021594098173328,913.0,0
3.5022686406641235,913.0,0
3.502377871510915,912.0,0
3.502487102357706,912.0,0
3.5025963332044974,911.0,0
3.5027055640512885,911.0,0
3.5028147948980792,911.0,0
3.502924025744871,910.0,0
3.5030332565916615,909.0,0
3.503142487438453,909.0,0
3.503251718285244,908.0,0
3.5033609491320354,908.0,0
3.503470179978826,908.0,0
3.5035794108256173,908.0,0
3.503688641672409,907.0,0
3.5037978725191996,906.0,0
3.503907103365991,906.0,0
3.504016334212782,906.0,0
3.5041255650595735,905.0,0
3.504234795906364,905.0,0
3.504344026753156,905.0,0
3.5044532575999465,904.0,0
3.5045624884467372,904.0,0
3.504671719293529,904.0,0
3.5047809501403195,903.0,0
3.504890180987111,903.0,0
3.5049994118339023,903.0,0
3.5051086426806934,903.0,0
3.5052178735274846,903.0,0
3.5053271043742753,902.0,0
3.505436335221067,902.0,0
3.5055455660678576,902.0,0
3.505654796914649,901.0,0
3.50576402776144,901.0,0
3.5058732586082315,900.0,0
3.505982489455022,900.0,0
3.5060917203018134,900.0,0
3.506200951148605,899.0,0
3.5063101819953957,899.0,0
3.5064194128421873,899.0,0
3.506528643688978,899.0,0
3.5066378745357696,898.0,0
3.5067471053825603,898.0,0
3.506856336229352,897.0,0
3.5069655670761426,897.0,0
3.5070747979229333,897.0,0
3.507184028769725,896.0,0
3.5072932596165156,896.0,0
3.507402490463307,895.0,0
3.5075117213100984,896.0,0
3.5076209521568895,895.0,0
3.5077301830036807,894.0,0
3.5078394138504714,894.0,0
3.507948644697263,894.0,0
3.5080578755440537,893.0,0
3.5081671063908453,892.0,0
3.508276337237636,892.0,0
3.5083855680844276,892.0,0
3.5084947989312183,892.0,0
3.5086040297780094,892.0,0
3.508713260624801,891.0,0
3.5088224914715918,890.0,0
3.5089317223183834,889.0,0
3.509040953165174,889.0,0
3.5091501840119657,888.0,0
3.5092594148587564,888.0,0
3.509368645705548,888.0,0
3.5094778765523387,888.0,0
3.5095871073991294,888.0,0
3.509696338245921,887.0,0
3.5098055690927117,886.0,0
3.5099147999395033,886.0,0
3.5100240307862944,886.0,0
3.5101332616330856,884.0,0
3.5102424924798767,884.0,0
3.5103517233266675,884.0,0
3.510460954173459,883.0,0
3.5105701850202498,883.0,0
3.5106794158670414,883.0,0
3.510788646713832,882.0,0
3.5108978775606237,881.0,0
3.5110071084074144,881.0,0
3.511116339254206,881.0,0
3.511225570100997,880.0,0
3.511334800947788,880.0,0
3.5114440317945794,880.0,0
3.51155326264137,880.0,0
3.5116624934881617,880.0,0
3.5117717243349524,880.0,0
3.511880955181744,879.0,0
3.5119901860285347,879.0,0
3.5120994168753255,879.0,0
3.512208647722117,878.0,0
3.5123178785689078,878.0,0
3.5124271094156994,878.0,0
3.5125363402624905,878.0,0
3.5126455711092817,877.0,0
3.512754801956073,878.0,0
3.5128640328028635,877.0,0
3.512973263649655,876.0,0
3.513082494496446,876.0,0
3.5131917253432374,876.0,0
3.513300956190028,876.0,0
3.5134101870368197,876.0,0
3.5135194178836104,876.0,0
3.513628648730402,876.0,0
3.513737879577193,876.0,0
3.513847110423984,876.0,0
3.5139563412707755,876.0,0
3.514065572117566,876.0,0
3.514174802964358,876.0,0
3.5142840338111485,876.0,0
3.51439326465794,875.0,0
3.514502495504731,876.0,0
3.5146117263515215,875.0,0
3.514720957198313,875.0,0
3.514830188045104,875.0,0
3.5149394188918954,875.0,0
3.5150486497386866,873.0,0
3.5151578805854777,874.0,0
3.515267111432269,873.0,0
3.5153763422790596,872.0,0
3.515485573125851,873.0,0
3.515594803972642,872.0,0
3.5157040348194335,871.0,0
3.515813265666224,871.0,0
3.515922496513016,871.0,0
3.5160317273598065,871.0,0
3.516140958206598,871.0,0
3.5162501890533893,871.0,0
3.51635941990018,870.0,0
3.5164686507469716,870.0,0
3.5165778815937623,870.0,0
3.516687112440554,869.0,0
3.5167963432873446,868.0,0
3.516905574134136,869.0,0
3.517014804980927,868.0,0
3.5171240358277176,867.0,0
3.517233266674509,867.0,0
3.5173424975213,867.0,0
3.5174517283680915,867.0,0
3.5175609592148827,867.0,0
3.517670190061674,867.0,0
3.517779420908465,866.0,0
3.5178886517552557,865.0,0
3.5179978826020473,865.0,0
3.518107113448838,865.0,0
3.5182163442956296,864.0,0
3.5183255751424203,864.0,0
3.518434805989212,864.0,0
3.5185440368360026,863.0,0
3.518653267682794,864.0,0
3.5187624985295853,863.0,0
3.518871729376376,863.0,0
3.5189809602231676,863.0,0
3.5190901910699584,863.0,0
3.51919942191675,862.0,0
3.5193086527635407,862.0,0
3.5194178836103323,862.0,0
3.519527114457123,861.0,0
3.5196363453039137,860.0,0
3.5197455761507053,861.0,0
3.519854806997496,860.0,0
3.5199640378442876,860.0,0
3.5200732686910787,860.0,0
3.52018249953787,860.0,0
3.520291730384661,859.0,0
3.5204009612314517,859.0,0
3.5205101920782433,859.0,0
3.520619422925034,857.0,0
3.5207286537718256,857.0,0
3.5208378846186164,857.0,0
3.520947115465408,856.0,0
3.5210563463121987,856.0,0
3.5211655771589903,856.0,0
3.5212748080057814,856.0,0
3.521384038852572,856.0,0
3.5214932696993637,856.0,0
3.5216025005461544,854.0,0
3.521711731392946,854.0,0
3.5218209622397367,854.0,0
3.5219301930865283,853.0,0
3.522039423933319,852.0,0
3.5221486547801097,852.0,0
3.5222578856269013,852.0,0
3.522367116473692,851.0,0
3.5224763473204836,851.0,0
3.522585578167275,851.0,0
3.522694809014066,850.0,0
3.522804039860857,850.0,0
3.522913270707648,850.0,0
3.5230225015544394,849.0,0
3.52313173240123,849.0,0
3.5232409632480217,849.0,0
3.5233501940948124,848.0,0
3.523459424941604,848.0,0
3.5235686557883947,848.0,0
3.5236778866351863,848.0,0
3.5237871174819775,847.0,0
3.523896348328768,847.0,0
3.52400557917556,847.0,0
3.5241148100223505,847.0,0
3.524224040869142,846.0,0
3.524333271715933,846.0,0
3.5244425025627244,846.0,0
3.524551733409515,845.0,0
3.524660964256306,845.0,0
3.5247701951030974,845.0,0
3.524879425949888,844.0,0
3.5249886567966797,844.0,0
3.525097887643471,844.0,0
3.525207118490262,843.0,0
3.525316349337053,843.0,0
3.5254255801838448,843.0,0
3.5255348110306355,842.0,0
3.525644041877426,842.0,0
3.525753272724218,841.0,0
3.5258625035710085,841.0,0
3.5259717344178,840.0,0
3.526080965264591,840.0,0
3.5261901961113824,840.0,0
3.5262994269581736,839.0,0
3.5264086578049643,839.0,0
3.526517888651756,839.0,0
3.5266271194985466,839.0,0
3.526736350345338,839.0,0
3.526845581192129,838.0,0
3.5269548120389205,838.0,0
3.527064042885711,838.0,0
3.527173273732502,838.0,0
3.5272825045792935,836.0,0
3.527391735426084,836.0,0
3.527500966272876,836.0,0
3.527610197119667,836.0,0
3.527719427966458,835.0,0
3.5278286588132493,835.0,0
3.527937889660041,835.0,0
3.5280471205068316,835.0,0
3.5281563513536223,834.0,0
3.528265582200414,834.0,0
3.5283748130472046,833.0,0
3.528484043893996,833.0,0
3.528593274740787,832.0,0
3.5287025055875785,832.0,0
3.5288117364343696,831.0,0
3.5289209672811603,831.0,0
3.529030198127952,831.0,0
3.5291394289747426,831.0,0
3.5292486598215342,830.0,0
3.529357890668325,830.0,0
3.5294671215151165,829.0,0
3.5295763523619073,828.0,0
3.529685583208698,828.0,0
3.5297948140554896,828.0,0
3.5299040449022803,828.0,0
3.530013275749072,828.0,0
3.530122506595863,827.0,0
3.530231737442654,826.0,0
3.5303409682894453,826.0,0
3.530450199136237,825.0,0
3.5305594299830276,825.0,0
3.5306686608298183,825.0,0
3.53077789167661,824.0,0
3.5308871225234006,824.0,0
3.5309963533701922,824.0,0
3.531105584216983,824.0,0
3.5312148150637745,823.0,0
3.5313240459105657,823.0,0
3.5314332767573564,822.0,0
3.531542507604148,822.0,0
3.5316517384509387,821.0,0
3.5317609692977303,821.0,0
3.531870200144521,820.0,0
3.5319794309913126,819.0,0
3.5320886618381033,819.0,0
3.532197892684894,819.0,0
3.5323071235316856,819.0,0
3.5324163543784763,819.0,0
3.532525585225268,819.0,0
3.532634816072059,818.0,0
3.5327440469188502,817.0,0
3.5328532777656414,817.0,0
3.532962508612433,817.0,0
3.5330717394592237,817.0,0
3.5331809703060144,816.0,0
3.533290201152806,816.0,0
3.5333994319995967,816.0,0
3.5335086628463883,816.0,0
3.533617893693179,816.0,0
3.5337271245399706,816.0,0
3.5338363553867618,815.0,0
3.5339455862335525,815.0,0
3.534054817080344,815.0,0
3.534164047927135,814.0,0
3.5342732787739264,814.0,0
3.534382509620717,814.0,0
3.5344917404675087,813.0,0
3.5346009713142994,814.0,0
3.53471020216109,813.0,0
3.5348194330078817,812.0,0
3.5349286638546724,812.0,0
3.535037894701464,812.0,0
3.535147125548255,812.0,0
3.5352563563950463,812.0,0
3.5353655872418375,812.0,0
3.535474818088629,812.0,0
3.5355840489354198,811.0,0
3.5356932797822105,811.0,0
3.535802510629002,810.0,0
3.535911741475793,809.0,0
3.5360209723225844,809.0,0
3.536130203169375,809.0,0
3.5362394340161667,808.0,0
3.536348664862958,808.0,0
3.5364578957097486,808.0,0
3.53656712655654,808.0,0
3.536676357403331,807.0,0
3.5367855882501225,807.0,0
3.536894819096913,807.0,0
3.5370040499437048,806.0,0
3.5371132807904955,806.0,0
3.537222511637286,806.0,0
3.537331742484078,804.0,0
3.5374409733308685,804.0,0
3.53755020417766,804.0,0
3.5376594350244512,803.0,0
3.5377686658712424,803.0,0
3.5378778967180335,803.0,0
3.537987127564825,802.0,0
3.538096358411616,801.0,0
3.5382055892584066,801.0,0
3.538314820105198,801.0,0
3.538424050951989,800.0,0
3.5385332817987805,800.0,0
3.538642512645571,800.0,0
3.5387517434923628,799.0,0
3.538860974339154,799.0,0
3.5389702051859446,799.0,0
3.5390794360327362,799.0,0
3.539188666879527,798.0,0
3.5392978977263185,798.0,0
3.5394071285731092,798.0,0
3.539516359419901,797.0,0
3.5396255902666915,798.0,0
3.5397348211134823,797.0,0
3.539844051960274,796.0,0
3.5399532828070646,796.0,0
3.540062513653856,796.0,0
3.5401717445006473,796.0,0
3.5402809753474385,796.0,0
3.5403902061942296,796.0,0
3.540499437041021,795.0,0
3.540608667887812,794.0,0
3.5407178987346026,795.0,0
3.5408271295813942,793.0,0
3.540936360428185,793.0,0
3.5410455912749765,793.0,0
3.5411548221217672,792.0,0
3.541264052968559,792.0,0
3.54137328381535,792.0,0
3.5414825146621407,792.0,0
3.5415917455089323,791.0,0
3.541700976355723,791.0,0
3.5418102072025146,790.0,0
3.5419194380493053,790.0,0
3.542028668896097,790.0,0
3.5421378997428876,789.0,0
3.542247130589679,787.0,0
3.54235636143647,787.0,0
3.5424655922832606,787.0,0
3.5425748231300522,787.0,0
3.5426840539768434,786.0,0
3.5427932848236345,785.0,0
3.5429025156704257,785.0,0
3.5430117465172173,784.0,0
3.543120977364008,784.0,0
3.5432302082107987,783.0,0
3.5433394390575903,783.0,0
3.543448669904381,783.0,0
3.5435579007511726,782.0,0
3.5436671315979633,781.0,0
3.543776362444755,781.0,0
3.543885593291546,781.0,0
3.5439948241383368,780.0,0
3.5441040549851284,780.0,0
3.544213285831919,780.0,0
3.5443225166787107,780.0,0
3.5444317475255014,779.0,0
3.544540978372293,780.0,0
3.5446502092190837,779.0,0
3.5447594400658753,779.0,0
3.544868670912666,779.0,0
3.5449779017594567,779.0,0
3.5450871326062483,777.0,0
3.5451963634530395,777.0,0
3.5453055942998306,778.0,0
3.5454148251466218,777.0,0
3.5455240559934134,777.0,0
3.545633286840204,777.0,0
3.5457425176869948,777.0,0
3.5458517485337864,776.0,0
3.545960979380577,776.0,0
3.5460702102273687,776.0,0
3.5461794410741594,775.0,0
3.546288671920951,775.0,0
3.546397902767742,775.0,0
3.546507133614533,775.0,0
3.5466163644613244,775.0,0
3.546725595308115,775.0,0
3.5468348261549068,775.0,0
3.5469440570016975,774.0,0
3.547053287848489,775.0,0
3.5471625186952798,774.0,0
3.5472717495420714,774.0,0
3.547380980388862,774.0,0
3.547490211235653,774.0,0
3.5475994420824444,772.0,0
3.5477086729292355,772.0,0
3.5478179037760267,773.0,0
3.547927134622818,772.0,0
3.5480363654696094,771.0,0
3.5481455963164,772.0,0
3.548254827163191,771.0,0
3.5483640580099824,771.0,0
3.548473288856773,771.0,0
3.5485825197035648,771.0,0
3.5486917505503555,770.0,0
3.548800981397147,770.0,0
3.548910212243938,770.0,0
3.549019443090729,769.0,0
3.5491286739375205,769.0,0
3.5492379047843112,770.0,0
3.549347135631103,769.0,0
3.5494563664778935,768.0,0
3.549565597324685,769.0,0
3.549674828171476,768.0,0
3.5497840590182674,768.0,0
3.549893289865058,768.0,0
3.550002520711849,768.0,0
3.5501117515586404,768.0,0
3.5502209824054316,768.0,0
3.5503302132522228,768.0,0
3.550439444099014,766.0,0
3.5505486749458055,766.0,0
3.550657905792596,766.0,0
3.550767136639387,765.0,0
3.5508763674861785,765.0,0
3.5509855983329692,766.0,0
3.551094829179761,764.0,0
3.5512040600265515,764.0,0
3.551313290873343,764.0,0
3.5514225217201343,764.0,0
3.551531752566925,764.0,0
3.5516409834137166,764.0,0
3.5517502142605073,764.0,0
3.551859445107299,763.0,0
3.5519686759540896,763.0,0
3.552077906800881,763.0,0
3.552187137647672,762.0,0
3.5522963684944635,762.0,0
3.552405599341254,762.0,0
3.552514830188045,761.0,0
3.5526240610348365,760.0,0
3.5527332918816277,761.0,0
3.552842522728419,760.0,0
3.55295175357521,760.0,0
3.5530609844220016,760.0,0
3.5531702152687923,760.0,0
3.553279446115583,760.0,0
3.5533886769623746,760.0,0
3.5534979078091653,760.0,0
3.553607138655957,760.0,0
3.5537163695027476,759.0,0
3.553825600349539,759.0,0
3.5539348311963304,758.0,0
3.554044062043121,758.0,0
3.5541532928899127,758.0,0
3.5542625237367034,758.0,0
3.554371754583495,757.0,0
3.5544809854302857,756.0,0
3.5545902162770773,756.0,0
3.554699447123868,756.0,0
3.5548086779706596,755.0,0
3.5549179088174503,755.0,0
3.555027139664241,755.0,0
3.5551363705110326,755.0,0
3.5552456013578237,755.0,0
3.555354832204615,755.0,0
3.555464063051406,753.0,0
3.5555732938981977,753.0,0
3.5556825247449884,753.0,0
3.555791755591779,753.0,0
3.5559009864385707,752.0,0
3.5560102172853614,753.0,0
3.556119448132153,752.0,0
3.5562286789789437,752.0,0
3.5563379098257353,752.0,0
3.5564471406725264,752.0,0
3.5565563715193176,751.0,0
3.5566656023661087,751.0,0
3.5567748332128994,751.0,0
3.556884064059691,751.0,0
3.5569932949064818,750.0,0
3.5571025257532733,751.0,0
3.557211756600064,750.0,0
3.5573209874468557,750.0,0
3.5574302182936464,750.0,0
3.557539449140437,750.0,0
3.5576486799872287,749.0,0
3.55775791083402,750.0,0
3.557867141680811,749.0,0
3.557976372527602,748.0,0
3.5580856033743937,748.0,0
3.5581948342211844,748.0,0
3.558304065067975,748.0,0
3.5584132959147667,748.0,0
3.5585225267615574,748.0,0
3.558631757608349,748.0,0
3.5587409884551398,747.0,0
3.5588502193019314,747.0,0
3.5589594501487225,747.0,0
3.5590686809955137,745.0,0
3.559177911842305,745.0,0
3.5592871426890955,745.0,0
3.559396373535887,744.0,0
3.559505604382678,744.0,0
3.5596148352294694,744.0,0
3.55972406607626,743.0,0
3.5598332969230517,743.0,0
3.5599425277698424,743.0,0
3.560051758616633,742.0,0
3.5601609894634247,742.0,0
3.560270220310216,742.0,0
3.560379451157007,742.0,0
3.560488682003798,740.0,0
3.56059791285059,740.0,0
3.5607071436973805,740.0,0
3.560816374544171,739.0,0
3.560925605390963,739.0,0
3.5610348362377535,739.0,0
3.561144067084545,739.0,0
3.561253297931336,739.0,0
3.5613625287781274,738.0,0
3.5614717596249186,738.0,0
3.5615809904717097,737.0,0
3.561690221318501,737.0,0
3.5617994521652916,737.0,0
3.561908683012083,737.0,0
3.562017913858874,736.0,0
3.5621271447056655,736.0,0
3.562236375552456,736.0,0
3.562345606399248,736.0,0
3.5624548372460385,736.0,0
3.562564068092829,736.0,0
3.562673298939621,735.0,0
3.562782529786412,735.0,0
3.562891760633203,735.0,0
3.5630009914799943,734.0,0
3.563110222326786,734.0,0
3.5632194531735766,734.0,0
3.5633286840203673,733.0,0
3.563437914867159,734.0,0
3.5635471457139496,733.0,0
3.563656376560741,732.0,0
3.563765607407532,732.0,0
3.5638748382543235,732.0,0
3.5639840691011146,732.0,0
3.564093299947906,732.0,0
3.564202530794697,732.0,0
3.5643117616414877,732.0,0
3.5644209924882793,731.0,0
3.56453022333507,731.0,0
3.5646394541818616,731.0,0
3.5647486850286523,730.0,0
3.564857915875444,729.0,0
3.5649671467222346,729.0,0
3.5650763775690253,729.0,0
3.565185608415817,728.0,0
3.565294839262608,728.0,0
3.565404070109399,728.0,0
3.5655133009561903,728.0,0
3.565622531802982,728.0,0
3.5657317626497727,728.0,0
3.5658409934965634,726.0,0
3.565950224343355,726.0,0
3.5660594551901457,726.0,0
3.5661686860369373,724.0,0
3.566277916883728,724.0,0
3.5663871477305196,723.0,0
3.5664963785773107,723.0,0
3.566605609424102,723.0,0
3.566714840270893,723.0,0
3.5668240711176837,722.0,0
3.5669333019644753,721.0,0
3.567042532811266,721.0,0
3.5671517636580576,721.0,0
3.5672609945048483,720.0,0
3.56737022535164,719.0,0
3.5674794561984307,719.0,0
3.5675886870452214,719.0,0
3.567697917892013,718.0,0
3.567807148738804,719.0,0
3.5679163795855953,718.0,0
3.5680256104323864,718.0,0
3.568134841279178,718.0,0
3.5682440721259687,718.0,0
3.5683533029727594,716.0,0
3.568462533819551,717.0,0
3.5685717646663417,717.0,0
3.5686809955131333,716.0,0
3.568790226359924,716.0,0
3.5688994572067156,716.0,0
3.569008688053507,716.0,0
3.569117918900298,716.0,0
3.569227149747089,716.0,0
3.56933638059388,716.0,0
3.5694456114406714,715.0,0
3.569554842287462,715.0,0
3.5696640731342537,715.0,0
3.5697733039810444,715.0,0
3.569882534827836,715.0,0
3.5699917656746267,715.0,0
3.5701009965214174,714.0,0
3.570210227368209,713.0,0
3.570319458215,714.0,0
3.5704286890617913,714.0,0
3.5705379199085825,713.0,0
3.570647150755374,713.0,0
3.570756381602165,713.0,0
3.5708656124489555,713.0,0
3.570974843295747,712.0,0
3.571084074142538,713.0,0
3.5711933049893294,712.0,0
3.57130253583612,712.0,0
3.5714117666829117,712.0,0
3.571520997529703,712.0,0
3.571630228376494,711.0,0
3.571739459223285,712.0,0
3.571848690070076,712.0,0
3.5719579209168675,711.0,0
3.572067151763658,711.0,0
3.57217638261045,711.0,0
3.5722856134572405,711.0,0
3.572394844304032,711.0,0
3.572504075150823,711.0,0
3.5726133059976135,711.0,0
3.572722536844405,711.0,0
3.5728317676911963,711.0,0
3.5729409985379874,711.0,0
3.5730502293847786,711.0,0
3.57315946023157,711.0,0
3.573268691078361,711.0,0
3.5733779219251525,710.0,0
3.573487152771943,710.0,0
3.573596383618734,711.0,0
3.5737056144655255,710.0,0
3.573814845312316,710.0,0
3.573924076159108,710.0,0
3.574033307005899,710.0,0
3.57414253785269,709.0,0
3.5742517686994812,709.0,0
3.574360999546272,710.0,0
3.5744702303930636,708.0,0
3.5745794612398543,708.0,0
3.574688692086646,708.0,0
3.5747979229334366,708.0,0
3.574907153780228,707.0,0
3.575016384627019,708.0,0
3.5751256154738096,707.0,0
3.575234846320601,707.0,0
3.5753440771673923,707.0,0
3.5754533080141835,707.0,0
3.5755625388609746,707.0,0
3.5756717697077662,707.0,0
3.575781000554557,707.0,0
3.5758902314013485,706.0,0
3.5759994622481392,706.0,0
3.57610869309493,706.0,0
3.5762179239417216,705.0,0
3.5763271547885123,705.0,0
3.576436385635304,705.0,0
3.576545616482095,705.0,0
3.576654847328886,704.0,0
3.5767640781756773,704.0,0
3.576873309022468,704.0,0
3.5769825398692596,704.0,0
3.5770917707160503,704.0,0
3.577201001562842,704.0,0
3.5773102324096326,704.0,0
3.5774194632564242,703.0,0
3.577528694103215,704.0,0
3.5776379249500057,703.0,0
3.5777471557967973,702.0,0
3.5778563866435884,703.0,0
3.5779656174903796,702.0,0
3.5780748483371707,702.0,0
3.5781840791839623,702.0,0
3.578293310030753,702.0,0
3.5784025408775446,701.0,0
3.5785117717243353,702.0,0
3.578621002571126,702.0,0
3.5787302334179176,701.0,0
3.5788394642647083,700.0,0
3.5789486951115,701.0,0
3.579057925958291,700.0,0
3.5791671568050822,700.0,0
3.5792763876518734,700.0,0
3.579385618498664,700.0,0
3.5794948493454557,700.0,0
3.5796040801922464,700.0,0
3.579713311039038,700.0,0
3.5798225418858287,700.0,0
3.5799317727326203,699.0,0
3.580041003579411,700.0,0
3.5801502344262017,699.0,0
3.5802594652729933,698.0,0
3.5803686961197845,699.0,0
3.5804779269665756,698.0,0
3.580587157813367,697.0,0
3.5806963886601584,697.0,0
3.580805619506949,697.0,0
3.5809148503537407,696.0,0
3.5810240812005314,696.0,0
3.581133312047322,696.0,0
3.5812425428941137,696.0,0
3.5813517737409044,696.0,0
3.581461004587696,696.0,0
3.581570235434487,696.0,0
3.5816794662812783,694.0,0
3.5817886971280695,694.0,0
3.58189792797486,694.0,0
3.5820071588216518,692.0,0
3.5821163896684425,692.0,0
3.582225620515234,692.0,0
3.582334851362025,691.0,0
3.5824440822088164,691.0,0
3.582553313055607,691.0,0
3.582662543902398,691.0,0
3.5827717747491894,690.0,0
3.5828810055959806,690.0,0
3.5829902364427717,690.0,0
3.583099467289563,689.0,0
3.5832086981363545,689.0,0
3.583317928983145,689.0,0
3.5834271598299368,689.0,0
3.5835363906767275,688.0,0
3.583645621523518,688.0,0
3.5837548523703098,688.0,0
3.5838640832171005,688.0,0
3.583973314063892,688.0,0
3.5840825449106832,688.0,0
3.5841917757574744,687.0,0
3.5843010066042655,686.0,0
3.5844102374510562,686.0,0
3.584519468297848,686.0,0
3.5846286991446386,686.0,0
3.58473792999143,685.0,0
3.584847160838221,685.0,0
3.5849563916850125,684.0,0
3.585065622531803,684.0,0
3.585174853378594,684.0,0
3.5852840842253855,684.0,0
3.5853933150721766,684.0,0
3.5855025459189678,684.0,0
3.585611776765759,683.0,0
3.5857210076125505,683.0,0
3.5858302384593412,682.0,0
3.585939469306133,682.0,0
3.5860487001529235,681.0,0
3.5861579309997142,681.0,0
3.586267161846506,681.0,0
3.5863763926932966,681.0,0
3.586485623540088,680.0,0
3.5865948543868793,680.0,0
3.5867040852336705,680.0,0
3.5868133160804616,679.0,0
3.5869225469272523,679.0,0
3.587031777774044,679.0,0
3.5871410086208346,679.0,0
3.5872502394676262,679.0,0
3.587359470314417,679.0,0
3.5874687011612085,679.0,0
3.5875779320079992,679.0,0
3.587687162854791,679.0,0
3.5877963937015815,679.0,0
3.5879056245483727,678.0,0
3.588014855395164,678.0,0
3.588124086241955,678.0,0
3.5882333170887466,678.0,0
3.5883425479355373,677.0,0
3.588451778782329,677.0,0
3.5885610096291196,678.0,0
3.5886702404759103,676.0,0
3.588779471322702,676.0,0
3.5888887021694926,676.0,0
3.5889979330162842,676.0,0
3.5891071638630754,675.0,0
3.5892163947098665,675.0,0
3.5893256255566577,675.0,0
3.5894348564034484,675.0,0
3.58954408725024,675.0,0
3.5896533180970307,675.0,0
3.5897625489438223,674.0,0
3.589871779790613,674.0,0
3.5899810106374046,674.0,0
3.5900902414841953,673.0,0
3.590199472330987,673.0,0
3.5903087031777776,673.0,0
3.5904179340245688,672.0,0
3.59052716487136,671.0,0
3.590636395718151,672.0,0
3.5907456265649427,671.0,0
3.5908548574117334,671.0,0
3.590964088258525,671.0,0
3.5910733191053157,671.0,0
3.5911825499521064,670.0,0
3.591291780798898,670.0,0
3.5914010116456887,670.0,0
3.5915102424924803,669.0,0
3.5916194733392715,668.0,0
3.5917287041860626,668.0,0
3.5918379350328538,668.0,0
3.5919471658796445,668.0,0
3.592056396726436,667.0,0
3.5921656275732268,667.0,0
3.5922748584200184,666.0,0
3.592384089266809,665.0,0
3.5924933201136007,666.0,0
3.5926025509603914,665.0,0
3.592711781807183,664.0,0
3.5928210126539737,664.0,0
3.592930243500765,664.0,0
3.593039474347556,664.0,0
3.593148705194347,664.0,0
3.5932579360411387,664.0,0
3.5933671668879295,664.0,0
3.593476397734721,664.0,0
3.5935856285815118,664.0,0
3.5936948594283025,663.0,0
3.593804090275094,662.0,0
3.5939133211218848,662.0,0
3.5940225519686764,663.0,0
3.5941317828154675,662.0,0
3.5942410136622587,662.0,0
3.59435024450905,662.0,0
3.5944594753558405,662.0,0
3.594568706202632,662.0,0
3.594677937049423,662.0,0
3.5947871678962144,662.0,0
3.594896398743005,661.0,0
3.5950056295897967,660.0,0
3.5951148604365875,662.0,0
3.595224091283379,660.0,0
3.5953333221301698,660.0,0
3.595442552976961,660.0,0
3.595551783823752,660.0,0
3.595661014670543,659.0,0
3.595770245517335,660.0,0
3.5958794763641255,659.0,0
3.595988707210917,659.0,0
3.596097938057708,659.0,0
3.5962071689044985,659.0,0
3.59631639975129,659.0,0
3.596425630598081,659.0,0
3.5965348614448724,659.0,0
3.5966440922916636,659.0,0
3.5967533231384547,658.0,0
3.596862553985246,659.0,0
3.5969717848320366,659.0,0
3.597081015678828,658.0,0
3.597190246525619,658.0,0
3.5972994773724105,659.0,0
3.5974087082192012,658.0,0
3.597517939065993,657.0,0
3.5976271699127835,658.0,0
3.597736400759575,658.0,0
3.597845631606366,657.0,0
3.597954862453157,658.0,0
3.598064093299948,658.0,0
3.5981733241467393,657.0,0
3.598282554993531,657.0,0
3.5983917858403216,658.0,0
3.598501016687113,657.0,0
3.598610247533904,657.0,0
3.5987194783806946,658.0,0
3.598828709227486,657.0,0
3.598937940074277,657.0,0
3.5990471709210685,657.0,0
3.5991564017678597,657.0,0
3.599265632614651,657.0,0
3.599374863461442,656.0,0
3.5994840943082327,657.0,0
3.5995933251550243,657.0,0
3.599702556001815,656.0,0
3.5998117868486066,656.0,0
3.5999210176953973,657.0,0
3.600030248542189,656.0,0
3.6001394793889796,656.0,0
3.600248710235771,656.0,0
3.600357941082562,656.0,0
3.600467171929353,655.0,0
3.600576402776144,656.0,0
3.6006856336229354,655.0,0
3.600794864469727,655.0,0
3.6009040953165177,655.0,0
3.6010133261633093,655.0,0
3.6011225570101,655.0,0
3.6012317878568907,655.0,0
3.6013410187036823,655.0,0
3.601450249550473,655.0,0
3.6015594803972646,655.0,0
3.6016687112440557,655.0,0
3.601777942090847,655.0,0
3.601887172937638,655.0,0
3.6019964037844288,655.0,0
3.6021056346312204,655.0,0
3.602214865478011,655.0,0
3.6023240963248027,655.0,0
3.6024333271715934,655.0,0
3.602542558018385,655.0,0
3.6026517888651757,655.0,0
3.6027610197119673,655.0,0
3.602870250558758,655.0,0
3.602979481405549,655.0,0
3.6030887122523403,655.0,0
3.6031979430991314,655.0,0
3.603307173945923,655.0,0
3.6034164047927137,654.0,0
3.6035256356395053,654.0,0
3.603634866486296,654.0,0
3.6037440973330868,654.0,0
3.6038533281798784,654.0,0
3.603962559026669,654.0,0
3.6040717898734607,653.0,0
3.604181020720252,653.0,0
3.604290251567043,653.0,0
3.604399482413834,652.0,0
3.6045087132606257,652.0,0
3.6046179441074164,652.0,0
3.604727174954207,652.0,0
3.6048364058009987,652.0,0
3.6049456366477894,652.0,0
3.605054867494581,652.0,0
3.6051640983413717,651.0,0
3.6052733291881633,651.0,0
3.605382560034954,651.0,0
3.605491790881745,650.0,0
3.6056010217285364,649.0,0
3.6057102525753275,649.0,0
3.605819483422119,649.0,0
3.60592871426891,648.0,0
3.6060379451157014,648.0,0
3.606147175962492,648.0,0
3.606256406809283,647.0,0
3.6063656376560744,647.0,0
3.606474868502865,647.0,0
3.6065840993496567,647.0,0
3.606693330196448,647.0,0
3.606802561043239,647.0,0
3.60691179189003,647.0,0
3.607021022736822,646.0,0
3.6071302535836125,646.0,0
3.607239484430403,646.0,0
3.607348715277195,645.0,0
3.6074579461239855,645.0,0
3.607567176970777,646.0,0
3.607676407817568,644.0,0
3.6077856386643594,644.0,0
3.60789486951115,644.0,0
3.6080041003579413,644.0,0
3.6081133312047324,644.0,0
3.6082225620515236,644.0,0
3.608331792898315,644.0,0
3.608441023745106,643.0,0
3.6085502545918975,643.0,0
3.608659485438688,643.0,0
3.608768716285479,643.0,0
3.6088779471322705,643.0,0
3.608987177979061,643.0,0
3.609096408825853,642.0,0
3.609205639672644,641.0,0
3.609314870519435,642.0,0
3.6094241013662263,641.0,0
3.609533332213018,641.0,0
3.6096425630598086,641.0,0
3.6097517939065993,641.0,0
3.609861024753391,640.0,0
3.6099702556001816,639.0,0
3.610079486446973,639.0,0
3.610188717293764,639.0,0
3.6102979481405555,639.0,0
3.610407178987346,639.0,0
3.6105164098341374,639.0,0
3.6106256406809285,638.0,0
3.6107348715277197,638.0,0
3.6108441023745113,638.0,0
3.610953333221302,638.0,0
3.6110625640680936,637.0,0
3.6111717949148843,637.0,0
3.611281025761675,637.0,0
3.6113902566084666,636.0,0
3.6114994874552573,636.0,0
3.611608718302049,636.0,0
3.61171794914884,636.0,0
3.611827179995631,635.0,0
3.6119364108424223,636.0,0
3.612045641689214,635.0,0
3.6121548725360046,634.0,0
3.6122641033827954,634.0,0
3.612373334229587,635.0,0
3.6124825650763777,633.0,0
3.6125917959231693,633.0,0
3.61270102676996,634.0,0
3.6128102576167516,633.0,0
3.6129194884635423,633.0,0
3.6130287193103334,633.0,0
3.6131379501571246,633.0,0
3.6132471810039157,633.0,0
3.6133564118507073,633.0,0
3.613465642697498,633.0,0
3.6135748735442896,633.0,0
3.6136841043910803,633.0,0
3.613793335237871,633.0,0
3.6139025660846626,633.0,0
3.6140117969314534,632.0,0
3.614121027778245,633.0,0
3.614230258625036,633.0,0
3.6143394894718273,632.0,0
3.6144487203186184,632.0,0
3.61455795116541,633.0,0
3.6146671820122007,632.0,0
3.6147764128589914,632.0,0
3.614885643705783,632.0,0
3.6149948745525737,632.0,0
3.6151041053993653,632.0,0
3.615213336246156,632.0,0
3.6153225670929476,632.0,0
3.6154317979397383,632.0,0
3.6155410287865295,632.0,0
3.6156502596333207,632.0,0
3.615759490480112,632.0,0
3.6158687213269034,631.0,0
3.615977952173694,631.0,0
3.6160871830204857,631.0,0
3.6161964138672764,630.0,0
3.616305644714067,630.0,0
3.6164148755608587,630.0,0
3.6165241064076494,630.0,0
3.616633337254441,629.0,0
3.616742568101232,630.0,0
3.6168517989480233,629.0,0
3.6169610297948145,628.0,0
3.617070260641606,628.0,0
3.617179491488397,628.0,0
3.6172887223351875,628.0,0
3.617397953181979,628.0,0
3.61750718402877,628.0,0
3.6176164148755614,628.0,0
3.617725645722352,627.0,0
3.6178348765691437,627.0,0
3.6179441074159344,628.0,0
3.6180533382627256,627.0,0
3.6181625691095167,627.0,0
3.618271799956308,627.0,0
3.6183810308030995,627.0,0
3.61849026164989,627.0,0
3.618599492496682,627.0,0
3.6187087233434725,627.0,0
3.618817954190264,627.0,0
3.618927185037055,627.0,0
3.6190364158838455,627.0,0
3.619145646730637,626.0,0
3.6192548775774283,626.0,0
3.6193641084242194,627.0,0
3.6194733392710106,626.0,0
3.619582570117802,625.0,0
3.619691800964593,626.0,0
3.6198010318113836,625.0,0
3.619910262658175,625.0,0
3.620019493504966,625.0,0
3.6201287243517575,625.0,0
3.620237955198548,624.0,0
3.62034718604534,624.0,0
3.6204564168921305,624.0,0
3.6205656477389216,624.0,0
3.620674878585713,624.0,0
3.620784109432504,624.0,0
3.6208933402792955,624.0,0
3.6210025711260863,623.0,0
3.621111801972878,623.0,0
3.6212210328196686,622.0,0
3.62133026366646,622.0,0
3.621439494513251,621.0,0
3.6215487253600416,622.0,0
3.621657956206833,620.0,0
3.6217671870536243,620.0,0
3.6218764179004155,620.0,0
3.6219856487472066,620.0,0
3.6220948795939982,619.0,0
3.622204110440789,619.0,0
3.6223133412875796,619.0,0
3.6224225721343712,618.0,0
3.622531802981162,617.0,0
3.6226410338279535,618.0,0
3.6227502646747443,617.0,0
3.622859495521536,616.0,0
3.6229687263683266,617.0,0
3.6230779572151177,617.0,0
3.623187188061909,615.0,0
3.6232964189087,616.0,0
3.6234056497554916,616.0,0
3.6235148806022823,615.0,0
3.623624111449074,615.0,0
3.6237333422958646,615.0,0
3.6238425731426562,615.0,0
3.623951803989447,615.0,0
3.6240610348362376,615.0,0
3.6241702656830292,615.0,0
3.6242794965298204,615.0,0
3.6243887273766116,615.0,0
3.6244979582234027,615.0,0
3.6246071890701943,615.0,0
3.624716419916985,614.0,0
3.6248256507637757,615.0,0
3.6249348816105673,614.0,0
3.625044112457358,614.0,0
3.6251533433041496,614.0,0
3.6252625741509403,614.0,0
3.625371804997732,614.0,0
3.6254810358445226,614.0,0
3.625590266691314,614.0,0
3.625699497538105,614.0,0
3.625808728384896,612.0,0
3.6259179592316877,613.0,0
3.6260271900784784,613.0,0
3.62613642092527,612.0,0
3.6262456517720607,612.0,0
3.6263548826188523,613.0,0
3.626464113465643,612.0,0
3.6265733443124337,612.0,0
3.6266825751592253,612.0,0
3.6267918060060165,612.0,0
3.6269010368528076,612.0,0
3.6270102676995988,612.0,0
3.6271194985463904,612.0,0
3.627228729393181,612.0,0
3.627337960239972,612.0,0
3.6274471910867634,612.0,0
3.627556421933554,612.0,0
3.6276656527803457,612.0,0
3.6277748836271364,613.0,0
3.627884114473928,612.0,0
3.6279933453207187,612.0,0
3.62810257616751,612.0,0
3.628211807014301,612.0,0
3.628321037861092,612.0,0
3.6284302687078838,611.0,0
3.6285394995546745,612.0,0
3.628648730401466,611.0,0
3.628757961248257,611.0,0
3.6288671920950484,611.0,0
3.628976422941839,612.0,0
3.62908565378863,611.0,0
3.6291948846354214,611.0,0
3.6293041154822125,611.0,0
3.6294133463290037,611.0,0
3.629522577175795,611.0,0
3.6296318080225864,611.0,0
3.629741038869377,611.0,0
3.629850269716168,610.0,0
3.6299595005629595,610.0,0
3.63006873140975,610.0,0
3.6301779622565418,609.0,0
3.6302871931033325,609.0,0
3.630396423950124,609.0,0
3.630505654796915,609.0,0
3.630614885643706,608.0,0
3.630724116490497,608.0,0
3.6308333473372882,608.0,0
3.63094257818408,608.0,0
3.6310518090308705,608.0,0
3.631161039877662,608.0,0
3.631270270724453,607.0,0
3.6313795015712445,607.0,0
3.631488732418035,607.0,0
3.631597963264826,607.0,0
3.6317071941116175,606.0,0
3.6318164249584086,606.0,0
3.6319256558051998,606.0,0
3.632034886651991,606.0,0
3.6321441174987825,604.0,0
3.6322533483455732,605.0,0
3.632362579192364,605.0,0
3.6324718100391555,604.0,0
3.6325810408859462,604.0,0
3.632690271732738,604.0,0
3.6327995025795285,604.0,0
3.63290873342632,604.0,0
3.633017964273111,604.0,0
3.633127195119902,604.0,0
3.633236425966693,604.0,0
3.6333456568134843,604.0,0
3.633454887660276,604.0,0
3.6335641185070666,603.0,0
3.633673349353858,603.0,0
3.633782580200649,604.0,0
3.6338918110474405,603.0,0
3.6340010418942312,602.0,0
3.634110272741022,603.0,0
3.6342195035878135,603.0,0
3.6343287344346047,601.0,0
3.634437965281396,601.0,0
3.634547196128187,602.0,0
3.6346564269749786,601.0,0
3.6347656578217693,601.0,0
3.63487488866856,601.0,0
3.6349841195153516,601.0,0
3.6350933503621423,600.0,0
3.635202581208934,600.0,0
3.6353118120557246,600.0,0
3.635421042902516,600.0,0
3.635530273749307,600.0,0
3.6356395045960985,600.0,0
3.6357487354428892,600.0,0
3.6358579662896804,600.0,0
3.635967197136472,600.0,0
3.6360764279832627,600.0,0
3.6361856588300543,600.0,0
3.636294889676845,600.0,0
3.6364041205236366,600.0,0
3.6365133513704273,600.0,0
3.636622582217218,599.0,0
3.6367318130640096,599.0,0
3.6368410439108008,599.0,0
3.636950274757592,598.0,0
3.637059505604383,598.0,0
3.6371687364511747,598.0,0
3.6372779672979654,598.0,0
3.637387198144756,596.0,0
3.6374964289915477,597.0,0
3.6376056598383384,596.0,0
3.63771489068513,595.0,0
3.6378241215319207,595.0,0
3.6379333523787123,595.0,0
3.638042583225503,595.0,0
3.6381518140722946,594.0,0
3.6382610449190853,594.0,0
3.6383702757658765,593.0,0
3.638479506612668,593.0,0
3.6385887374594588,593.0,0
3.6386979683062504,592.0,0
3.638807199153041,591.0,0
3.6389164299998327,591.0,0
3.6390256608466234,591.0,0
3.639134891693414,591.0,0
3.6392441225402057,590.0,0
3.639353353386997,591.0,0
3.639462584233788,590.0,0
3.639571815080579,589.0,0
3.6396810459273707,590.0,0
3.6397902767741614,589.0,0
3.639899507620952,588.0,0
3.6400087384677438,588.0,0
3.6401179693145345,588.0,0
3.640227200161326,588.0,0
3.6403364310081168,588.0,0
3.6404456618549084,588.0,0
3.640554892701699,588.0,0
3.6406641235484907,587.0,0
3.6407733543952814,588.0,0
3.6408825852420725,588.0,0
3.640991816088864,587.0,0
3.641101046935655,587.0,0
3.6412102777824464,588.0,0
3.641319508629237,587.0,0
3.6414287394760287,586.0,0
3.6415379703228195,587.0,0
3.64164720116961,587.0,0
3.6417564320164018,586.0,0
3.641865662863193,586.0,0
3.641974893709984,586.0,0
3.642084124556775,586.0,0
3.642193355403567,585.0,0
3.6423025862503575,586.0,0
3.6424118170971482,586.0,0
3.64252104794394,585.0,0
3.6426302787907305,585.0,0
3.642739509637522,585.0,0
3.642848740484313,585.0,0
3.6429579713311044,585.0,0
3.643067202177895,585.0,0
3.6431764330246867,585.0,0
3.6432856638714775,584.0,0
3.6433948947182686,584.0,0
3.64350412556506,584.0,0
3.643613356411851,584.0,0
3.6437225872586425,583.0,0
3.643831818105433,584.0,0
3.643941048952225,583.0,0
3.6440502797990155,583.0,0
3.6441595106458062,583.0,0
3.644268741492598,583.0,0
3.644377972339389,583.0,0
3.64448720318618,583.0,0
3.6445964340329713,583.0,0
3.644705664879763,583.0,0
3.6448148957265536,583.0,0
3.6449241265733443,584.0,0
3.645033357420136,584.0,0
3.6451425882669266,584.0,0
3.645251819113718,584.0,0
3.645361049960509,585.0,0
3.6454702808073005,584.0,0
3.645579511654091,585.0,0
3.645688742500883,585.0,0
3.6457979733476735,585.0,0
3.6459072041944647,585.0,0
3.6460164350412563,585.0,0
3.646125665888047,585.0,0
3.6462348967348386,585.0,0
3.6463441275816293,585.0,0
3.646453358428421,585.0,0
3.6465625892752116,584.0,0
3.6466718201220023,585.0,0
3.646781050968794,585.0,0
3.646890281815585,584.0,0
3.646999512662376,584.0,0
3.6471087435091674,584.0,0
3.647217974355959,584.0,0
3.6473272052027497,583.0,0
3.6474364360495404,583.0,0
3.647545666896332,583.0,0
3.6476548977431227,583.0,0
3.6477641285899143,583.0,0
3.647873359436705,582.0,0
3.6479825902834966,582.0,0
3.6480918211302873,582.0,0
3.648201051977079,582.0,0
3.6483102828238696,581.0,0
3.6484195136706608,580.0,0
3.6485287445174523,580.0,0
3.648637975364243,580.0,0
3.6487472062110347,580.0,0
3.6488564370578254,579.0,0
3.648965667904617,579.0,0
3.6490748987514077,579.0,0
3.6491841295981984,579.0,0
3.64929336044499,579.0,0
3.649402591291781,579.0,0
3.6495118221385723,579.0,0
3.6496210529853634,578.0,0
3.649730283832155,579.0,0
3.6498395146789457,578.0,0
3.6499487455257373,578.0,0
3.650057976372528,577.0,0
3.6501672072193188,577.0,0
3.6502764380661104,577.0,0
3.650385668912901,577.0,0
3.6504948997596927,577.0,0
3.6506041306064834,576.0,0
3.650713361453275,575.0,0
3.6508225923000657,576.0,0
3.650931823146857,575.0,0
3.6510410539936484,575.0,0
3.651150284840439,575.0,0
3.6512595156872307,575.0,0
3.6513687465340214,574.0,0
3.651477977380813,574.0,0
3.6515872082276037,574.0,0
3.6516964390743945,574.0,0
3.651805669921186,572.0,0
3.651914900767977,572.0,0
3.6520241316147684,572.0,0
3.6521333624615595,572.0,0
3.652242593308351,572.0,0
3.652351824155142,572.0,0
3.6524610550019334,571.0,0
3.652570285848724,571.0,0
3.652679516695515,570.0,0
3.6527887475423064,570.0,0
3.652897978389097,569.0,0
3.6530072092358887,569.0,0
3.6531164400826794,569.0,0
3.653225670929471,568.0,0
3.6533349017762617,568.0,0
3.653444132623053,568.0,0
3.6535533634698445,568.0,0
3.653662594316635,568.0,0
3.653771825163427,568.0,0
3.6538810560102175,568.0,0
3.653990286857009,566.0,0
3.6540995177038,566.0,0
3.6542087485505905,566.0,0
3.654317979397382,566.0,0
3.6544272102441733,565.0,0
3.6545364410909644,566.0,0
3.6546456719377556,566.0,0
3.654754902784547,565.0,0
3.654864133631338,565.0,0
3.6549733644781295,566.0,0
3.65508259532492,565.0,0
3.655191826171711,565.0,0
3.6553010570185025,566.0,0
3.655410287865293,566.0,0
3.655519518712085,565.0,0
3.6556287495588755,566.0,0
3.655737980405667,566.0,0
3.655847211252458,566.0,0
3.655956442099249,565.0,0
3.6560656729460406,566.0,0
3.6561749037928313,566.0,0
3.656284134639623,566.0,0
3.6563933654864136,566.0,0
3.656502596333205,566.0,0
3.656611827179996,566.0,0
3.6567210580267866,566.0,0
3.656830288873578,567.0,0
3.6569395197203693,566.0,0
3.6570487505671605,566.0,0
3.6571579814139517,567.0,0
3.6572672122607432,567.0,0
3.657376443107534,566.0,0
3.6574856739543256,566.0,0
3.6575949048011163,567.0,0
3.657704135647907,566.0,0
3.6578133664946986,566.0,0
3.6579225973414893,566.0,0
3.658031828188281,566.0,0
3.6581410590350716,566.0,0
3.658250289881863,566.0,0
3.658359520728654,566.0,0
3.658468751575445,566.0,0
3.6585779824222366,564.0,0
3.6586872132690273,566.0,0
3.658796444115819,566.0,0
3.6589056749626097,564.0,0
3.6590149058094013,564.0,0
3.659124136656192,565.0,0
3.6592333675029827,564.0,0
3.6593425983497743,564.0,0
3.6594518291965654,564.0,0
3.6595610600433566,564.0,0
3.6596702908901477,563.0,0
3.6597795217369393,564.0,0
3.65988875258373,564.0,0
3.6599979834305216,563.0,0
3.6601072142773123,563.0,0
3.660216445124103,563.0,0
3.6603256759708946,563.0,0
3.6604349068176854,563.0,0
3.660544137664477,563.0,0
3.6606533685112677,563.0,0
3.6607625993580593,563.0,0
3.66087183020485,563.0,0
3.660981061051641,563.0,0
3.6610902918984327,563.0,0
3.6611995227452234,562.0,0
3.661308753592015,563.0,0
3.6614179844388057,563.0,0
3.6615272152855973,562.0,0
3.661636446132388,562.0,0
3.6617456769791787,562.0,0
3.6618549078259703,561.0,0
3.6619641386727615,561.0,0
3.6620733695195526,562.0,0
3.662182600366344,561.0,0
3.6622918312131354,560.0,0
3.662401062059926,561.0,0
3.6625102929067177,561.0,0
3.6626195237535084,560.0,0
3.662728754600299,560.0,0
3.6628379854470907,560.0,0
3.6629472162938814,560.0,0
3.663056447140673,559.0,0
3.6631656779874637,559.0,0
3.6632749088342553,559.0,0
3.663384139681046,558.0,0
3.663493370527837,558.0,0
3.663602601374629,558.0,0
3.6637118322214195,557.0,0
3.663821063068211,556.0,0
3.663930293915002,556.0,0
3.6640395247617934,556.0,0
3.664148755608584,556.0,0
3.664257986455375,556.0,0
3.6643672173021664,556.0,0
3.6644764481489576,556.0,0
3.6645856789957487,555.0,0
3.66469490984254,555.0,0
3.6648041406893315,555.0,0
3.664913371536122,554.0,0
3.6650226023829138,553.0,0
3.6651318332297045,554.0,0
3.665241064076495,553.0,0
3.665350294923287,553.0,0
3.6654595257700775,553.0,0
3.665568756616869,553.0,0
3.66567798746366,553.0,0
3.6657872183104514,552.0,0
3.665896449157242,553.0,0
3.6660056800040333,553.0,0
3.666114910850825,552.0,0
3.6662241416976156,552.0,0
3.666333372544407,552.0,0
3.666442603391198,552.0,0
3.6665518342379895,551.0,0
3.66666106508478,552.0,0
3.6667702959315718,551.0,0
3.6668795267783625,551.0,0
3.6669887576251536,551.0,0
3.667097988471945,551.0,0
3.667207219318736,551.0,0
3.6673164501655275,551.0,0
3.6674256810123183,551.0,0
3.66753491185911,551.0,0
3.6676441427059006,550.0,0
3.6677533735526913,550.0,0
3.667862604399483,550.0,0
3.6679718352462736,550.0,0
3.668081066093065,550.0,0
3.668190296939856,550.0,0
3.6682995277866475,550.0,0
3.668408758633438,548.0,0
3.6685179894802293,550.0,0
3.668627220327021,550.0,0
3.6687364511738116,548.0,0
3.6688456820206032,548.0,0
3.668954912867394,549.0,0
3.6690641437141855,548.0,0
3.6691733745609763,548.0,0
3.669282605407768,548.0,0
3.6693918362545586,548.0,0
3.6695010671013497,547.0,0
3.669610297948141,547.0,0
3.669719528794932,547.0,0
3.6698287596417236,547.0,0
3.6699379904885143,546.0,0
3.670047221335306,547.0,0
3.6701564521820966,546.0,0
3.6702656830288873,545.0,0
3.670374913875679,545.0,0
3.6704841447224696,546.0,0
3.6705933755692612,545.0,0
3.670702606416052,545.0,0
3.6708118372628435,545.0,0
3.6709210681096343,545.0,0
3.6710302989564254,544.0,0
3.671139529803217,545.0,0
3.6712487606500077,544.0,0
3.6713579914967993,544.0,0
3.67146722234359,544.0,0
3.6715764531903816,544.0,0
3.6716856840371723,544.0,0
3.671794914883964,543.0,0
3.6719041457307546,544.0,0
3.672013376577546,543.0,0
3.672122607424337,543.0,0
3.672231838271128,543.0,0
3.6723410691179197,543.0,0
3.6724502999647104,543.0,0
3.672559530811502,543.0,0
3.6726687616582927,543.0,0
3.6727779925050834,543.0,0
3.672887223351875,543.0,0
3.6729964541986657,543.0,0
3.6731056850454573,543.0,0
3.673214915892248,542.0,0
3.6733241467390396,542.0,0
3.6734333775858303,542.0,0
3.6735426084326215,543.0,0
3.673651839279413,542.0,0
3.673761070126204,542.0,0
3.6738703009729954,542.0,0
3.673979531819786,542.0,0
3.6740887626665777,541.0,0
3.6741979935133684,542.0,0
3.67430722436016,542.0,0
3.6744164552069507,540.0,0
3.674525686053742,541.0,0
3.674634916900533,542.0,0
3.674744147747324,540.0,0
3.6748533785941158,540.0,0
3.6749626094409065,541.0,0
3.675071840287698,541.0,0
3.6751810711344888,540.0,0
3.6752903019812795,541.0,0
3.675399532828071,541.0,0
3.675508763674862,541.0,0
3.6756179945216534,542.0,0
3.675727225368444,542.0,0
3.6758364562152357,541.0,0
3.6759456870620264,542.0,0
3.6760549179088176,542.0,0
3.676164148755609,542.0,0
3.6762733796024,541.0,0
3.6763826104491915,542.0,0
3.676491841295982,542.0,0
3.6766010721427738,541.0,0
3.6767103029895645,541.0,0
3.676819533836356,542.0,0
3.6769287646831468,541.0,0
3.677037995529938,540.0,0
3.677147226376729,540.0,0
3.6772564572235202,540.0,0
3.677365688070312,540.0,0
3.6774749189171025,540.0,0
3.677584149763894,540.0,0
3.677693380610685,540.0,0
3.6778026114574756,539.0,0
3.677911842304267,539.0,0
3.678021073151058,539.0,0
3.6781303039978495,539.0,0
3.67823953484464,538.0,0
3.6783487656914318,538.0,0
3.6784579965382225,538.0,0
3.6785672273850136,537.0,0
3.6786764582318052,537.0,0
3.678785689078596,537.0,0
3.6788949199253875,537.0,0
3.6790041507721782,537.0,0
3.67911338161897,537.0,0
3.6792226124657605,537.0,0
3.679331843312552,536.0,0
3.679441074159343,536.0,0
3.679550305006134,536.0,0
3.679659535852925,536.0,0
3.6797687666997163,536.0,0
3.679877997546508,536.0,0
3.6799872283932986,536.0,0
3.68009645924009,536.0,0
3.680205690086881,536.0,0
3.6803149209336716,536.0,0
3.6804241517804632,536.0,0
3.680533382627254,536.0,0
3.6806426134740455,536.0,0
3.6807518443208362,536.0,0
3.680861075167628,535.0,0
3.6809703060144185,535.0,0
3.68107953686121,535.0,0
3.6811887677080013,535.0,0
3.681297998554792,534.0,0
3.6814072294015836,534.0,0
3.6815164602483743,535.0,0
3.681625691095166,534.0,0
3.6817349219419566,534.0,0
3.681844152788748,534.0,0
3.681953383635539,534.0,0
3.68206261448233,534.0,0
3.6821718453291212,534.0,0
3.6822810761759124,534.0,0
3.682390307022704,534.0,0
3.6824995378694947,534.0,0
3.6826087687162863,534.0,0
3.682717999563077,534.0,0
3.6828272304098677,534.0,0
3.6829364612566593,534.0,0
3.68304569210345,534.0,0
3.6831549229502416,534.0,0
3.6832641537970323,534.0,0
3.683373384643824,534.0,0
3.6834826154906146,534.0,0
3.683591846337406,534.0,0
3.6837010771841974,534.0,0
3.683810308030988,534.0,0
3.6839195388777797,534.0,0
3.6840287697245704,534.0,0
3.684138000571362,534.0,0
3.6842472314181527,534.0,0
3.6843564622649443,534.0,0
3.684465693111735,535.0,0
3.684574923958526,534.0,0
3.6846841548053173,534.0,0
3.6847933856521085,534.0,0
3.6849026164989,535.0,0
3.6850118473456908,534.0,0
3.6851210781924824,534.0,0
3.685230309039273,534.0,0
3.6853395398860638,535.0,0
3.6854487707328554,534.0,0
3.685558001579646,534.0,0
3.6856672324264377,535.0,0
3.6857764632732284,534.0,0
3.68588569412002,534.0,0
3.6859949249668107,535.0,0
3.6861041558136023,534.0,0
3.6862133866603934,534.0,0
3.686322617507184,534.0,0
3.6864318483539757,534.0,0
3.6865410792007665,534.0,0
3.686650310047558,534.0,0
3.6867595408943488,534.0,0
3.6868687717411404,534.0,0
3.686978002587931,533.0,0
3.6870872334347222,533.0,0
3.6871964642815134,534.0,0
3.6873056951283045,533.0,0
3.687414925975096,532.0,0
3.687524156821887,533.0,0
3.6876333876686784,533.0,0
3.687742618515469,532.0,0
3.68785184936226,532.0,0
3.6879610802090514,533.0,0
3.688070311055842,532.0,0
3.6881795419026338,531.0,0
3.6882887727494245,532.0,0
3.688398003596216,532.0,0
3.6885072344430068,531.0,0
3.6886164652897984,531.0,0
3.6887256961365895,531.0,0
3.6888349269833802,531.0,0
3.688944157830172,531.0,0
3.6890533886769625,531.0,0
3.689162619523754,531.0,0
3.689271850370545,531.0,0
3.6893810812173364,530.0,0
3.689490312064127,531.0,0
3.6895995429109183,530.0,0
3.6897087737577094,530.0,0
3.6898180046045006,530.0,0
3.689927235451292,531.0,0
3.690036466298083,529.0,0
3.6901456971448745,530.0,0
3.690254927991665,530.0,0
3.690364158838456,530.0,0
3.6904733896852475,529.0,0
3.6905826205320382,529.0,0
3.69069185137883,529.0,0
3.6908010822256205,529.0,0
3.690910313072412,529.0,0
3.691019543919203,529.0,0
3.6911287747659944,529.0,0
3.6912380056127856,528.0,0
3.6913472364595763,528.0,0
3.691456467306368,528.0,0
3.6915656981531586,527.0,0
3.69167492899995,528.0,0
3.691784159846741,528.0,0
3.6918933906935325,527.0,0
3.692002621540323,527.0,0
3.6921118523871144,527.0,0
3.6922210832339055,527.0,0
3.6923303140806967,527.0,0
3.6924395449274883,527.0,0
3.692548775774279,527.0,0
3.6926580066210706,526.0,0
3.6927672374678613,526.0,0
3.692876468314652,526.0,0
3.6929856991614436,526.0,0
3.6930949300082343,526.0,0
3.693204160855026,526.0,0
3.6933133917018166,526.0,0
3.693422622548608,525.0,0
3.693531853395399,524.0,0
3.6936410842421905,526.0,0
3.6937503150889817,525.0,0
3.6938595459357724,524.0,0
3.693968776782564,524.0,0
3.6940780076293547,525.0,0
3.6941872384761463,524.0,0
3.694296469322937,524.0,0
3.6944057001697286,524.0,0
3.6945149310165193,524.0,0
3.6946241618633104,524.0,0
3.6947333927101016,524.0,0
3.6948426235568927,524.0,0
3.6949518544036843,524.0,0
3.695061085250475,523.0,0
3.6951703160972666,523.0,0
3.6952795469440574,523.0,0
3.695388777790848,523.0,0
3.6954980086376397,523.0,0
3.6956072394844304,523.0,0
3.695716470331222,523.0,0
3.6958257011780127,522.0,0
3.6959349320248043,521.0,0
3.696044162871595,523.0,0
3.6961533937183866,521.0,0
3.6962626245651777,521.0,0
3.6963718554119684,521.0,0
3.69648108625876,521.0,0
3.6965903171055507,520.0,0
3.6966995479523423,521.0,0
3.696808778799133,521.0,0
3.6969180096459247,520.0,0
3.6970272404927154,519.0,0
3.6971364713395065,520.0,0
3.6972457021862977,519.0,0
3.697354933033089,519.0,0
3.6974641638798804,519.0,0
3.697573394726671,519.0,0
3.6976826255734627,518.0,0
3.6977918564202534,518.0,0
3.697901087267045,518.0,0
3.6980103181138357,518.0,0
3.6981195489606264,518.0,0
3.698228779807418,518.0,0
3.6983380106542088,518.0,0
3.6984472415010003,517.0,0
3.698556472347791,517.0,0
3.6986657031945827,518.0,0
3.698774934041374,516.0,0
3.6988841648881645,516.0,0
3.698993395734956,516.0,0
3.699102626581747,517.0,0
3.6992118574285384,516.0,0
3.699321088275329,516.0,0
3.6994303191221207,516.0,0
3.6995395499689114,516.0,0
3.6996487808157026,516.0,0
3.6997580116624937,517.0,0
3.699867242509285,516.0,0
3.6999764733560765,516.0,0
3.700085704202867,516.0,0
3.700194935049659,517.0,0
3.7003041658964495,516.0,0
3.700413396743241,516.0,0
3.700522627590032,517.0,0
3.7006318584368225,518.0,0
3.700741089283614,516.0,0
3.700850320130405,518.0,0
3.7009595509771964,518.0,0
3.701068781823987,518.0,0
3.7011780126707787,517.0,0
3.70128724351757,518.0,0
3.7013964743643606,518.0,0
3.701505705211152,518.0,0
3.701614936057943,518.0,0
3.7017241669047345,518.0,0
3.701833397751525,518.0,0
3.701942628598317,518.0,0
3.7020518594451075,518.0,0
3.7021610902918987,518.0,0
3.70227032113869,517.0,0
3.702379551985481,518.0,0
3.7024887828322726,518.0,0
3.7025980136790633,518.0,0
3.702707244525855,517.0,0
3.7028164753726456,518.0,0
3.702925706219437,518.0,0
3.703034937066228,517.0,0
3.7031441679130186,517.0,0
3.70325339875981,518.0,0
3.703362629606601,516.0,0
3.7034718604533925,516.0,0
3.703581091300183,517.0,0
3.703690322146975,518.0,0
3.703799552993766,516.0,0
3.7039087838405567,516.0,0
3.7040180146873483,517.0,0
3.704127245534139,516.0,0
3.7042364763809306,516.0,0
3.7043457072277213,516.0,0
3.704454938074513,516.0,0
3.7045641689213036,516.0,0
3.7046733997680947,516.0,0
3.704782630614886,516.0,0
3.704891861461677,516.0,0
3.7050010923084686,515.0,0
3.7051103231552593,515.0,0
3.705219554002051,515.0,0
3.7053287848488417,515.0,0
3.7054380156956332,515.0,0
3.705547246542424,515.0,0
3.7056564773892147,515.0,0
3.7057657082360063,514.0,0
3.705874939082797,514.0,0
3.7059841699295886,514.0,0
3.7060934007763793,513.0,0
3.706202631623171,513.0,0
3.706311862469962,513.0,0
3.7064210933167527,512.0,0
3.7065303241635443,512.0,0
3.706639555010335,513.0,0
3.7067487858571266,512.0,0
3.7068580167039173,511.0,0
3.706967247550709,512.0,0
3.7070764783974997,512.0,0
3.707185709244291,511.0,0
3.707294940091082,511.0,0
3.707404170937873,512.0,0
3.7075134017846647,511.0,0
3.7076226326314554,510.0,0
3.707731863478247,511.0,0
3.7078410943250377,511.0,0
3.7079503251718293,510.0,0
3.70805955601862,510.0,0
3.7081687868654107,511.0,0
3.7082780177122023,510.0,0
3.708387248558993,510.0,0
3.7084964794057846,510.0,0
3.7086057102525753,510.0,0
3.708714941099367,510.0,0
3.708824171946158,510.0,0
3.708933402792949,510.0,0
3.7090426336397404,510.0,0
3.709151864486531,510.0,0
3.7092610953333227,510.0,0
3.7093703261801134,510.0,0
3.709479557026905,509.0,0
3.7095887878736957,509.0,0
3.709698018720487,510.0,0
3.709807249567278,510.0,0
3.709916480414069,509.0,0
3.710025711260861,510.0,0
3.7101349421076515,510.0,0
3.710244172954443,509.0,0
3.710353403801234,509.0,0
3.7104626346480254,510.0,0
3.710571865494816,509.0,0
3.710681096341607,509.0,0
3.7107903271883984,509.0,0
3.710899558035189,510.0,0
3.7110087888819807,509.0,0
3.7111180197287714,509.0,0
3.711227250575563,509.0,0
3.711336481422354,509.0,0
3.711445712269145,508.0,0
3.7115549431159365,509.0,0
3.711664173962727,509.0,0
3.711773404809519,508.0,0
3.7118826356563095,508.0,0
3.711991866503101,508.0,0
3.712101097349892,508.0,0
3.7122103281966834,508.0,0
3.712319559043474,508.0,0
3.7124287898902653,508.0,0
3.712538020737057,508.0,0
3.7126472515838476,508.0,0
3.712756482430639,508.0,0
3.71286571327743,507.0,0
3.7129749441242215,507.0,0
3.713084174971012,507.0,0
3.713193405817803,507.0,0
3.7133026366645945,505.0,0
3.713411867511385,505.0,0
3.713521098358177,505.0,0
3.7136303292049675,505.0,0
3.713739560051759,504.0,0
3.7138487908985502,504.0,0
3.713958021745341,504.0,0
3.7140672525921326,504.0,0
3.7141764834389233,504.0,0
3.714285714285715,504.0,0
3.7143949451325056,504.0,0
3.714504175979297,503.0,0
3.714613406826088,502.0,0
3.7147226376728795,502.0,0
3.71483186851967,502.0,0
3.7149410993664613,502.0,0
3.715050330213253,502.0,0
3.7151595610600436,502.0,0
3.7152687919068352,500.0,0
3.715378022753626,500.0,0
3.7154872536004175,501.0,0
3.7155964844472082,500.0,0
3.715705715293999,499.0,0
3.7158149461407906,499.0,0
3.7159241769875813,499.0,0
3.716033407834373,499.0,0
3.7161426386811636,499.0,0
3.716251869527955,499.0,0
3.7163611003747463,498.0,0
3.716470331221537,497.0,0
3.7165795620683286,498.0,0
3.7166887929151193,497.0,0
3.716798023761911,497.0,0
3.7169072546087016,497.0,0
3.7170164854554932,497.0,0
3.717125716302284,496.0,0
3.7172349471490755,496.0,0
3.7173441779958663,496.0,0
3.7174534088426574,496.0,0
3.717562639689449,495.0,0
3.7176718705362397,495.0,0
3.7177811013830313,495.0,0
3.717890332229822,495.0,0
3.7179995630766136,495.0,0
3.7181087939234043,495.0,0
3.718218024770195,495.0,0
3.7183272556169866,494.0,0
3.7184364864637773,494.0,0
3.718545717310569,495.0,0
3.7186549481573596,494.0,0
3.7187641790041512,494.0,0
3.7188734098509424,494.0,0
3.718982640697733,494.0,0
3.7190918715445247,494.0,0
3.7192011023913154,494.0,0
3.719310333238107,494.0,0
3.7194195640848977,494.0,0
3.7195287949316893,493.0,0
3.71963802577848,494.0,0
3.7197472566252716,494.0,0
3.7198564874720623,494.0,0
3.7199657183188535,494.0,0
3.720074949165645,494.0,0
3.720184180012436,494.0,0
3.7202934108592274,493.0,0
3.720402641706018,494.0,0
3.7205118725528097,494.0,0
3.7206211033996004,494.0,0
3.720730334246391,494.0,0
3.7208395650931827,494.0,0
3.7209487959399734,494.0,0
3.721058026786765,494.0,0
3.7211672576335557,495.0,0
3.7212764884803473,495.0,0
3.7213857193271385,494.0,0
3.721494950173929,494.0,0
3.7216041810207208,495.0,0
3.7217134118675115,494.0,0
3.721822642714303,494.0,0
3.721931873561094,494.0,0
3.7220411044078854,495.0,0
3.722150335254676,494.0,0
3.7222595661014677,494.0,0
3.7223687969482584,494.0,0
3.7224780277950495,494.0,0
3.722587258641841,494.0,0
3.722696489488632,494.0,0
3.7228057203354235,494.0,0
3.722914951182214,494.0,0
3.7230241820290058,494.0,0
3.7231334128757965,494.0,0
3.723242643722587,494.0,0
3.7233518745693788,494.0,0
3.7234611054161695,494.0,0
3.723570336262961,494.0,0
3.723679567109752,494.0,0
3.7237887979565434,494.0,0
3.7238980288033345,494.0,0
3.7240072596501252,494.0,0
3.724116490496917,494.0,0
3.7242257213437076,494.0,0
3.724334952190499,494.0,0
3.72444418303729,494.0,0
3.7245534138840815,494.0,0
3.724662644730872,494.0,0
3.7247718755776638,494.0,0
3.7248811064244545,494.0,0
3.7249903372712456,494.0,0
3.725099568118037,494.0,0
3.725208798964828,493.0,0
3.7253180298116195,494.0,0
3.7254272606584102,493.0,0
3.725536491505202,493.0,0
3.7256457223519925,492.0,0
3.7257549531987832,492.0,0
3.725864184045575,492.0,0
3.7259734148923656,492.0,0
3.726082645739157,492.0,0
3.726191876585948,492.0,0
3.7263011074327395,491.0,0
3.7264103382795306,491.0,0
3.7265195691263218,491.0,0
3.726628799973113,491.0,0
3.7267380308199036,490.0,0
3.726847261666695,490.0,0
3.726956492513486,489.0,0
3.7270657233602775,489.0,0
3.7271749542070682,489.0,0
3.72728418505386,489.0,0
3.7273934159006505,488.0,0
3.7275026467474417,488.0,0
3.7276118775942333,488.0,0
3.727721108441024,488.0,0
3.7278303392878156,487.0,0
3.7279395701346063,487.0,0
3.728048800981398,487.0,0
3.7281580318281886,487.0,0
3.7282672626749793,487.0,0
3.728376493521771,487.0,0
3.7284857243685616,487.0,0
3.7285949552153532,487.0,0
3.728704186062144,487.0,0
3.7288134169089355,487.0,0
3.7289226477557267,487.0,0
3.729031878602518,487.0,0
3.729141109449309,487.0,0
3.7292503402960997,487.0,0
3.7293595711428913,487.0,0
3.729468801989682,487.0,0
3.7295780328364736,487.0,0
3.7296872636832643,487.0,0
3.729796494530056,487.0,0
3.7299057253768466,487.0,0
3.7300149562236378,487.0,0
3.7301241870704294,486.0,0
3.73023341791722,486.0,0
3.7303426487640117,486.0,0
3.7304518796108024,486.0,0
3.730561110457594,486.0,0
3.7306703413043847,486.0,0
3.7307795721511754,486.0,0
3.730888802997967,485.0,0
3.7309980338447577,486.0,0
3.7311072646915493,484.0,0
3.73121649553834,484.0,0
3.7313257263851316,484.0,0
3.7314349572319228,484.0,0
3.731544188078714,484.0,0
3.731653418925505,484.0,0
3.7317626497722958,484.0,0
3.7318718806190874,484.0,0
3.731981111465878,483.0,0
3.7320903423126697,484.0,0
3.7321995731594604,484.0,0
3.732308804006252,484.0,0
3.7324180348530427,483.0,0
3.732527265699834,484.0,0
3.7326364965466254,483.0,0
3.732745727393416,483.0,0
3.7328549582402077,483.0,0
3.7329641890869985,483.0,0
3.73307341993379,483.0,0
3.7331826507805808,483.0,0
3.7332918816273715,483.0,0
3.733401112474163,483.0,0
3.7335103433209538,483.0,0
3.7336195741677454,483.0,0
3.733728805014536,483.0,0
3.7338380358613277,483.0,0
3.733947266708119,483.0,0
3.73405649755491,483.0,0
3.734165728401701,483.0,0
3.734274959248492,482.0,0
3.7343841900952834,482.0,0
3.734493420942074,483.0,0
3.7346026517888657,482.0,0
3.7347118826356565,481.0,0
3.734821113482448,481.0,0
3.7349303443292388,481.0,0
3.73503957517603,481.0,0
3.7351488060228215,481.0,0
3.735258036869612,481.0,0
3.735367267716404,481.0,0
3.7354764985631945,480.0,0
3.735585729409986,481.0,0
3.735694960256777,481.0,0
3.7358041911035675,480.0,0
3.735913421950359,480.0,0
3.73602265279715,480.0,0
3.7361318836439414,480.0,0
3.736241114490732,480.0,0
3.7363503453375237,480.0,0
3.736459576184315,480.0,0
3.736568807031106,480.0,0
3.736678037877897,479.0,0
3.736787268724688,480.0,0
3.7368964995714795,480.0,0
3.73700573041827,479.0,0
3.737114961265062,480.0,0
3.7372241921118525,479.0,0
3.737333422958644,479.0,0
3.737442653805435,479.0,0
3.737551884652226,479.0,0
3.7376611154990176,479.0,0
3.7377703463458083,478.0,0
3.7378795771926,478.0,0
3.7379888080393906,479.0,0
3.738098038886182,478.0,0
3.738207269732973,478.0,0
3.7383165005797636,478.0,0
3.738425731426555,478.0,0
3.738534962273346,477.0,0
3.7386441931201375,478.0,0
3.7387534239669282,477.0,0
3.73886265481372,477.0,0
3.738971885660511,476.0,0
3.739081116507302,477.0,0
3.7391903473540933,476.0,0
3.739299578200884,476.0,0
3.7394088090476756,476.0,0
3.7395180398944663,476.0,0
3.739627270741258,476.0,0
3.7397365015880486,475.0,0
3.73984573243484,476.0,0
3.739954963281631,476.0,0
3.740064194128422,475.0,0
3.7401734249752137,475.0,0
3.7402826558220044,475.0,0
3.740391886668796,474.0,0
3.7405011175155867,473.0,0
3.7406103483623783,474.0,0
3.740719579209169,473.0,0
3.7408288100559597,473.0,0
3.7409380409027513,473.0,0
3.741047271749542,473.0,0
3.7411565025963336,473.0,0
3.7412657334431243,473.0,0
3.741374964289916,473.0,0
3.741484195136707,473.0,0
3.741593425983498,472.0,0
3.7417026568302894,472.0,0
3.74181188767708,472.0,0
3.7419211185238717,472.0,0
3.7420303493706624,472.0,0
3.742139580217454,472.0,0
3.7422488110642447,472.0,0
3.7423580419110363,472.0,0
3.742467272757827,472.0,0
3.742576503604618,472.0,0
3.7426857344514097,472.0,0
3.7427949652982004,472.0,0
3.742904196144992,472.0,0
3.7430134269917827,472.0,0
3.7431226578385743,472.0,0
3.743231888685365,472.0,0
3.7433411195321566,472.0,0
3.7434503503789474,472.0,0
3.743559581225738,472.0,0
3.7436688120725297,472.0,0
3.7437780429193204,472.0,0
3.743887273766112,472.0,0
3.743996504612903,472.0,0
3.7441057354596943,472.0,0
3.7442149663064854,472.0,0
3.744324197153276,471.0,0
3.7444334280000677,471.0,0
3.7445426588468584,471.0,0
3.74465188969365,470.0,0
3.7447611205404407,470.0,0
3.7448703513872323,470.0,0
3.744979582234023,470.0,0
3.745088813080814,470.0,0
3.745198043927606,470.0,0
3.7453072747743965,470.0,0
3.745416505621188,469.0,0
3.745525736467979,469.0,0
3.7456349673147704,470.0,0
3.745744198161561,468.0,0
3.7458534290083527,468.0,0
3.7459626598551434,468.0,0
3.746071890701934,468.0,0
3.7461811215487257,468.0,0
3.7462903523955164,468.0,0
3.746399583242308,468.0,0
3.746508814089099,468.0,0
3.7466180449358903,468.0,0
3.7467272757826815,468.0,0
3.746836506629472,468.0,0
3.746945737476264,468.0,0
3.7470549683230545,468.0,0
3.747164199169846,468.0,0
3.747273430016637,468.0,0
3.7473826608634284,468.0,0
3.747491891710219,468.0,0
3.7476011225570103,468.0,0
3.747710353403802,468.0,0
3.7478195842505926,468.0,0
3.747928815097384,468.0,0
3.748038045944175,468.0,0
3.7481472767909665,467.0,0
3.748256507637757,467.0,0
3.748365738484549,467.0,0
3.7484749693313395,467.0,0
3.74858420017813,467.0,0
3.748693431024922,467.0,0
3.7488026618717125,467.0,0
3.748911892718504,467.0,0
3.7490211235652953,467.0,0
3.7491303544120864,467.0,0
3.7492395852588776,466.0,0
3.7493488161056683,466.0,0
3.74945804695246,466.0,0
3.7495672777992506,466.0,0
3.749676508646042,465.0,0
3.749785739492833,466.0,0
3.7498949703396245,465.0,0
3.750004201186415,465.0,0
3.7501134320332064,465.0,0
3.750222662879998,465.0,0
3.7503318937267887,465.0,0
3.7504411245735803,464.0,2
3.750550355420371,465.0,0
3.7506595862671626,465.0,0
3.7507688171139533,464.0,0
3.750878047960745,464.0,0
3.7509872788075356,464.0,0
3.7510965096543263,464.0,0
3.751205740501118,464.0,0
3.7513149713479086,464.0,0
3.7514242021947,464.0,0
3.7515334330414913,464.0,0
3.7516426638882825,464.0,0
3.7517518947350736,464.0,0
3.7518611255818644,464.0,0
3.751970356428656,464.0,0
3.7520795872754467,464.0,0
3.7521888181222383,464.0,0
3.752298048969029,464.0,0
3.7524072798158206,464.0,0
3.7525165106626113,464.0,0
3.7526257415094024,464.0,0
3.752734972356194,464.0,0
3.7528442032029847,464.0,0
3.7529534340497763,464.0,0
3.753062664896567,464.0,0
3.7531718957433586,464.0,0
3.7532811265901493,465.0,0
3.753390357436941,464.0,0
3.7534995882837316,465.0,0
3.7536088191305224,465.0,0
3.753718049977314,465.0,0
3.7538272808241047,465.0,0
3.7539365116708963,465.0,0
3.7540457425176874,465.0,0
3.7541549733644786,465.0,0
3.7542642042112697,465.0,0
3.7543734350580604,466.0,0
3.754482665904852,465.0,0
3.7545918967516427,466.0,0
3.7547011275984343,466.0,0
3.754810358445225,466.0,0
3.7549195892920166,466.0,0
3.7550288201388073,466.0,0
3.7551380509855985,467.0,0
3.75524728183239,467.0,0
3.755356512679181,467.0,0
3.7554657435259724,467.0,0
3.755574974372763,467.0,0
3.7556842052195547,467.0,0
3.7557934360663454,467.0,0
3.755902666913137,467.0,0
3.7560118977599277,467.0,0
3.7561211286067184,467.0,0
3.75623035945351,467.0,0
3.7563395903003007,467.0,0
3.7564488211470923,467.0,0
3.7565580519938835,467.0,0
3.7566672828406746,467.0,0
3.756776513687466,467.0,0
3.7568857445342565,467.0,0
3.756994975381048,467.0,0
3.757104206227839,467.0,0
3.7572134370746304,467.0,0
3.757322667921421,467.0,0
3.7574318987682127,467.0,0
3.7575411296150034,466.0,0
3.757650360461795,466.0,0
3.757759591308586,466.0,0
3.757868822155377,466.0,0
3.7579780530021685,465.0,0
3.758087283848959,466.0,0
3.758196514695751,466.0,0
3.7583057455425415,465.0,0
3.758414976389333,465.0,0
3.758524207236124,466.0,0
3.7586334380829145,465.0,0
3.758742668929706,465.0,0
3.758851899776497,465.0,0
3.7589611306232884,465.0,0
3.7590703614700796,465.0,0
3.7591795923168707,465.0,0
3.759288823163662,465.0,0
3.7593980540104526,465.0,0
3.759507284857244,465.0,0
3.759616515704035,465.0,0
3.7597257465508265,465.0,0
3.759834977397617,464.0,0
3.759944208244409,464.0,0
3.7600534390911995,464.0,0
3.760162669937991,464.0,0
3.7602719007847822,463.0,0
3.760381131631573,463.0,0
3.7604903624783645,463.0,0
3.7605995933251553,463.0,0
3.760708824171947,463.0,0
3.7608180550187376,462.0,0
3.760927285865529,462.0,0
3.76103651671232,461.0,0
3.7611457475591106,462.0,0
3.761254978405902,461.0,0
3.761364209252693,460.0,0
3.7614734400994845,460.0,0
3.7615826709462756,460.0,0
3.761691901793067,460.0,0
3.761801132639858,460.0,0
3.7619103634866486,460.0,0
3.7620195943334402,460.0,0
3.762128825180231,459.0,0
3.7622380560270225,459.0,0
3.7623472868738133,459.0,0
3.762456517720605,459.0,0
3.7625657485673956,458.0,0
3.762674979414187,458.0,0
3.7627842102609783,457.0,0
3.762893441107769,457.0,0
3.7630026719545606,457.0,0
3.7631119028013513,457.0,0
3.763221133648143,457.0,0
3.7633303644949336,457.0,0
3.7634395953417252,456.0,0
3.763548826188516,457.0,0
3.7636580570353066,456.0,0
3.7637672878820982,456.0,0
3.763876518728889,457.0,0
3.7639857495756806,457.0,0
3.7640949804224717,456.0,0
3.764204211269263,457.0,0
3.764313442116054,457.0,0
3.7644226729628447,457.0,0
3.7645319038096363,457.0,0
3.764641134656427,458.0,0
3.7647503655032186,457.0,0
3.7648595963500093,457.0,0
3.764968827196801,457.0,0
3.7650780580435916,458.0,0
3.7651872888903832,457.0,0
3.7652965197371744,458.0,0
3.765405750583965,459.0,0
3.7655149814307567,459.0,0
3.7656242122775474,458.0,0
3.765733443124339,459.0,0
3.7658426739711297,459.0,0
3.7659519048179213,458.0,0
3.766061135664712,459.0,0
3.7661703665115027,459.0,0
3.7662795973582943,459.0,0
3.766388828205085,459.0,0
3.7664980590518766,459.0,0
3.7666072898986678,459.0,0
3.766716520745459,458.0,0
3.76682575159225,458.0,0
3.766934982439041,458.0,0
3.7670442132858324,458.0,0
3.767153444132623,457.0,0
3.7672626749794147,457.0,0
3.7673719058262054,457.0,0
3.767481136672997,457.0,0
3.7675903675197877,457.0,0
3.7676995983665793,457.0,0
3.7678088292133705,456.0,0
3.767918060060161,456.0,0
3.7680272909069528,456.0,0
3.7681365217537435,456.0,0
3.768245752600535,455.0,0
3.768354983447326,455.0,0
3.7684642142941174,455.0,0
3.768573445140908,455.0,0
3.768682675987699,455.0,0
3.7687919068344904,455.0,0
3.768901137681281,455.0,0
3.7690103685280727,455.0,0
3.769119599374864,455.0,0
3.769228830221655,455.0,0
3.769338061068446,455.0,0
3.769447291915237,455.0,0
3.7695565227620285,455.0,0
3.769665753608819,455.0,0
3.7697749844556108,455.0,0
3.7698842153024015,455.0,0
3.769993446149193,455.0,0
3.770102676995984,455.0,0
3.7702119078427754,455.0,0
3.7703211386895665,455.0,0
3.7704303695363572,455.0,0
3.770539600383149,455.0,0
3.7706488312299395,454.0,0
3.770758062076731,455.0,0
3.770867292923522,455.0,0
3.7709765237703134,454.0,0
3.771085754617104,454.0,0
3.771194985463895,455.0,0
3.7713042163106865,454.0,0
3.771413447157477,454.0,0
3.7715226780042688,454.0,0
3.77163190885106,454.0,0
3.771741139697851,453.0,0
3.7718503705446422,454.0,0
3.771959601391433,453.0,0
3.7720688322382245,453.0,0
3.7721780630850152,452.0,0
3.772287293931807,452.0,0
3.7723965247785975,452.0,0
3.772505755625389,452.0,0
3.77261498647218,451.0,0
3.7727242173189715,452.0,0
3.7728334481657626,451.0,0
3.7729426790125533,451.0,0
3.773051909859345,451.0,0
3.7731611407061356,451.0,0
3.773270371552927,451.0,0
3.773379602399718,451.0,0
3.7734888332465095,451.0,0
3.7735980640933002,451.0,0
3.773707294940091,450.0,0
3.7738165257868825,451.0,0
3.7739257566336732,451.0,0
3.774034987480465,450.0,0
3.774144218327256,450.0,0
3.774253449174047,451.0,0
3.7743626800208383,450.0,0
3.77447191086763,450.0,0
3.7745811417144206,449.0,0
3.7746903725612113,451.0,0
3.774799603408003,450.0,0
3.7749088342547936,449.0,0
3.775018065101585,450.0,0
3.775127295948376,450.0,0
3.7752365267951675,449.0,0
3.7753457576419587,450.0,0
3.7754549884887494,450.0,0
3.775564219335541,450.0,0
3.7756734501823317,449.0,0
3.7757826810291233,450.0,0
3.775891911875914,450.0,0
3.7760011427227056,449.0,0
3.7761103735694963,450.0,0
3.776219604416287,450.0,0
3.7763288352630786,450.0,0
3.7764380661098693,450.0,0
3.776547296956661,450.0,0
3.776656527803452,450.0,0
3.776765758650243,450.0,0
3.7768749894970344,450.0,0
3.776984220343826,450.0,0
3.7770934511906167,450.0,0
3.7772026820374074,449.0,0
3.777311912884199,449.0,0
3.7774211437309897,449.0,0
3.7775303745777813,449.0,0
3.777639605424572,449.0,0
3.7777488362713636,449.0,0
3.7778580671181548,449.0,0
3.7779672979649455,449.0,0
3.778076528811737,449.0,0
3.7781857596585278,449.0,0
3.7782949905053194,448.0,0
3.77840422135211,448.0,0
3.7785134521989017,449.0,0
3.7786226830456924,448.0,0
3.778731913892483,448.0,0
3.7788411447392747,448.0,0
3.7789503755860654,448.0,0
3.779059606432857,448.0,0
3.779168837279648,448.0,0
3.7792780681264393,448.0,0
3.7793872989732304,448.0,0
3.779496529820022,448.0,0
3.7796057606668128,447.0,0
3.7797149915136035,447.0,0
3.779824222360395,447.0,0
3.7799334532071858,446.0,0
3.7800426840539774,446.0,0
3.780151914900768,446.0,0
3.7802611457475597,446.0,0
3.780370376594351,446.0,0
3.7804796074411415,446.0,0
3.780588838287933,446.0,0
3.780698069134724,445.0,0
3.7808072999815154,446.0,0
3.780916530828306,445.0,0
3.7810257616750977,445.0,0
3.7811349925218884,444.0,0
3.781244223368679,444.0,0
3.7813534542154708,444.0,0
3.7814626850622615,444.0,0
3.781571915909053,444.0,0
3.781681146755844,444.0,0
3.7817903776026354,444.0,0
3.7818996084494265,444.0,0
3.782008839296218,444.0,0
3.782118070143009,444.0,0
3.7822273009897995,443.0,0
3.782336531836591,443.0,0
3.782445762683382,443.0,0
3.7825549935301734,443.0,0
3.782664224376964,443.0,0
3.7827734552237557,443.0,0
3.782882686070547,442.0,0
3.7829919169173376,442.0,0
3.783101147764129,442.0,0
3.78321037861092,441.0,0
3.7833196094577115,441.0,0
3.783428840304502,441.0,0
3.783538071151294,441.0,0
3.7836473019980845,441.0,0
3.7837565328448752,441.0,0
3.783865763691667,441.0,0
3.7839749945384575,441.0,0
3.784084225385249,441.0,0
3.7841934562320403,441.0,0
3.7843026870788314,441.0,0
3.7844119179256226,441.0,0
3.784521148772414,441.0,0
3.784630379619205,441.0,0
3.7847396104659956,441.0,0
3.784848841312787,440.0,0
3.784958072159578,440.0,0
3.7850673030063695,440.0,0
3.78517653385316,440.0,0
3.785285764699952,440.0,0
3.785394995546743,440.0,0
3.7855042263935337,440.0,0
3.7856134572403253,440.0,0
3.785722688087116,440.0,0
3.7858319189339076,440.0,0
3.7859411497806983,440.0,0
3.78605038062749,440.0,0
3.7861596114742806,440.0,0
3.7862688423210713,440.0,0
3.786378073167863,440.0,0
3.7864873040146536,440.0,0
3.786596534861445,440.0,0
3.7867057657082364,439.0,0
3.7868149965550275,439.0,0
3.7869242274018187,440.0,0
3.7870334582486103,439.0,0
3.787142689095401,439.0,0
3.7872519199421917,440.0,0
3.7873611507889833,440.0,0
3.787470381635774,439.0,0
3.7875796124825656,439.0,0
3.7876888433293563,440.0,0
3.787798074176148,440.0,0
3.787907305022939,440.0,0
3.7880165358697298,440.0,0
3.7881257667165213,440.0,0
3.788234997563312,440.0,0
3.7883442284101037,440.0,0
3.7884534592568944,440.0,0
3.788562690103686,440.0,0
3.7886719209504767,440.0,0
3.7887811517972683,440.0,0
3.788890382644059,440.0,0
3.7889996134908497,440.0,0
3.7891088443376413,440.0,0
3.7892180751844324,440.0,0
3.7893273060312236,441.0,0
3.7894365368780147,440.0,0
3.7895457677248063,440.0,0
3.789654998571597,440.0,0
3.7897642294183878,440.0,0
3.7898734602651794,440.0,0
3.78998269111197,440.0,0
3.7900919219587617,440.0,0
3.7902011528055524,440.0,0
3.790310383652344,440.0,0
3.790419614499135,440.0,0
3.790528845345926,440.0,0
3.7906380761927174,440.0,0
3.790747307039508,440.0,0
3.7908565378862997,440.0,0
3.7909657687330904,440.0,0
3.791074999579882,440.0,0
3.7911842304266727,440.0,0
3.7912934612734643,440.0,0
3.791402692120255,438.0,0
3.7915119229670458,439.0,0
3.7916211538138374,439.0,0
3.7917303846606285,438.0,0
3.7918396155074197,438.0,0
3.791948846354211,438.0,0
3.7920580772010024,438.0,0
3.792167308047793,436.0,0
3.792276538894584,436.0,0
3.7923857697413754,437.0,0
3.792495000588166,436.0,0
3.7926042314349577,436.0,0
3.7927134622817484,436.0,0
3.79282269312854,436.0,0
3.792931923975331,435.0,0
3.793041154822122,435.0,0
3.7931503856689135,435.0,0
3.793259616515704,435.0,0
3.793368847362496,435.0,0
3.7934780782092865,435.0,0
3.793587309056078,435.0,0
3.793696539902869,435.0,0
3.7938057707496604,435.0,0
3.793915001596451,435.0,0
3.794024232443242,435.0,0
3.7941334632900334,435.0,0
3.7942426941368246,435.0,0
3.7943519249836157,435.0,0
3.794461155830407,435.0,0
3.7945703866771985,435.0,0
3.794679617523989,435.0,0
3.79478884837078,436.0,0
3.7948980792175715,435.0,0
3.795007310064362,435.0,0
3.795116540911154,436.0,0
3.7952257717579445,436.0,0
3.795335002604736,435.0,0
3.7954442334515273,436.0,0
3.795553464298318,436.0,0
3.7956626951451096,436.0,0
3.7957719259919003,436.0,0
3.795881156838692,437.0,0
3.7959903876854826,437.0,0
3.796099618532274,436.0,0
3.796208849379065,438.0,0
3.7963180802258565,436.0,0
3.796427311072647,436.0,0
3.796536541919438,436.0,0
3.7966457727662295,437.0,0
3.7967550036130207,436.0,0
3.796864234459812,436.0,0
3.796973465306603,437.0,0
3.7970826961533946,436.0,0
3.7971919270001853,436.0,0
3.797301157846976,436.0,0
3.7974103886937676,437.0,0
3.7975196195405583,436.0,0
3.79762885038735,436.0,0
3.7977380812341406,437.0,0
3.797847312080932,436.0,0
3.7979565429277233,436.0,0
3.798065773774514,436.0,0
3.7981750046213056,437.0,0
3.7982842354680963,436.0,0
3.798393466314888,436.0,0
3.7985026971616787,437.0,0
3.7986119280084703,438.0,0
3.798721158855261,436.0,0
3.7988303897020526,436.0,0
3.7989396205488433,437.0,0
3.799048851395634,438.0,0
3.7991580822424256,436.0,0
3.7992673130892167,438.0,0
3.799376543936008,438.0,0
3.799485774782799,438.0,0
3.7995950056295906,437.0,0
3.7997042364763813,438.0,0
3.799813467323172,438.0,0
3.7999226981699636,438.0,0
3.8000319290167544,438.0,0
3.800141159863546,438.0,0
3.8002503907103367,438.0,0
3.8003596215571283,437.0,0
3.8004688524039194,438.0,0
3.80057808325071,438.0,0
3.8006873140975017,437.0,0
3.8007965449442924,437.0,0
3.800905775791084,437.0,0
3.8010150066378747,437.0,0
3.8011242374846663,436.0,0
3.801233468331457,436.0,0
3.8013426991782486,436.0,0
3.8014519300250393,435.0,0
3.80156116087183,435.0,0
3.8016703917186216,435.0,0
3.801779622565413,435.0,0
3.801888853412204,434.0,0
3.801998084258995,433.0,0
3.8021073151057867,433.0,0
3.8022165459525774,433.0,0
3.802325776799368,432.0,0
3.8024350076461597,432.0,0
3.8025442384929504,432.0,0
3.802653469339742,432.0,0
3.8027627001865327,432.0,0
3.8028719310333243,432.0,0
3.8029811618801155,432.0,0
3.803090392726906,431.0,0
3.803199623573698,431.0,0
3.8033088544204885,431.0,0
3.80341808526728,431.0,0
3.803527316114071,430.0,0
3.8036365469608624,430.0,0
3.803745777807653,430.0,0
3.8038550086544447,430.0,0
3.8039642395012354,429.0,0
3.804073470348026,430.0,0
3.8041827011948177,430.0,0
3.804291932041609,429.0,0
3.8044011628884,429.0,0
3.804510393735191,430.0,0
3.8046196245819828,428.0,0
3.8047288554287735,428.0,0
3.804838086275564,428.0,0
3.804947317122356,429.0,0
3.8050565479691465,428.0,0
3.805165778815938,428.0,0
3.805275009662729,428.0,0
3.8053842405095204,428.0,0
3.8054934713563116,428.0,0
3.8056027022031027,428.0,0
3.805711933049894,428.0,0
3.8058211638966846,428.0,0
3.805930394743476,427.0,0
3.806039625590267,428.0,0
3.8061488564370585,428.0,0
3.806258087283849,427.0,0
3.8063673181306408,427.0,0
3.8064765489774315,428.0,0
3.806585779824222,427.0,0
3.806695010671014,427.0,0
3.806804241517805,427.0,0
3.806913472364596,428.0,0
3.8070227032113872,427.0,0
3.807131934058179,427.0,0
3.8072411649049696,427.0,0
3.8073503957517603,427.0,0
3.807459626598552,427.0,0
3.8075688574453426,427.0,0
3.807678088292134,428.0,0
3.807787319138925,427.0,0
3.8078965499857165,427.0,0
3.8080057808325076,428.0,0
3.808115011679299,428.0,0
3.80822424252609,428.0,0
3.8083334733728806,428.0,0
3.8084427042196722,428.0,0
3.808551935066463,428.0,0
3.8086611659132545,428.0,0
3.8087703967600453,428.0,0
3.808879627606837,428.0,0
3.8089888584536276,428.0,0
3.8090980893004183,428.0,0
3.80920732014721,428.0,0
3.809316550994001,428.0,0
3.809425781840792,428.0,0
3.8095350126875833,428.0,0
3.809644243534375,428.0,0
3.8097534743811656,428.0,0
3.8098627052279563,428.0,0
3.809971936074748,428.0,0
3.8100811669215386,428.0,0
3.8101903977683302,428.0,0
3.810299628615121,428.0,0
3.8104088594619125,429.0,0
3.8105180903087037,428.0,0
3.810627321155495,428.0,0
3.810736552002286,428.0,0
3.8108457828490767,430.0,0
3.8109550136958683,428.0,0
3.811064244542659,428.0,0
3.8111734753894506,429.0,0
3.8112827062362413,430.0,0
3.811391937083033,428.0,0
3.8115011679298236,429.0,0
3.8116103987766143,430.0,0
3.811719629623406,429.0,0
3.811828860470197,429.0,0
3.8119380913169882,429.0,0
3.8120473221637794,429.0,0
3.812156553010571,429.0,0
3.8122657838573617,428.0,0
3.8123750147041524,429.0,0
3.812484245550944,428.0,0
3.8125934763977347,428.0,0
3.8127027072445263,428.0,0
3.812811938091317,428.0,0
3.8129211689381086,428.0,0
3.8130303997848998,428.0,0
3.813139630631691,428.0,0
3.813248861478482,428.0,0
3.813358092325273,428.0,0
3.8134673231720644,428.0,0
3.813576554018855,428.0,0
3.8136857848656467,428.0,0
3.8137950157124374,427.0,0
3.813904246559229,427.0,0
3.8140134774060197,427.0,0
3.8141227082528104,427.0,0
3.814231939099602,427.0,0
3.814341169946393,427.0,0
3.8144504007931843,427.0,0
3.8145596316399755,427.0,0
3.814668862486767,427.0,0
3.8147780933335578,427.0,0
3.8148873241803485,426.0,0
3.81499655502714,427.0,0
3.815105785873931,427.0,0
3.8152150167207224,427.0,0
3.815324247567513,426.0,0
3.8154334784143047,427.0,0
3.815542709261096,427.0,0
3.815651940107887,426.0,0
3.815761170954678,426.0,0
3.815870401801469,427.0,0
3.8159796326482605,426.0,0
3.816088863495051,426.0,0
3.8161980943418428,426.0,0
3.8163073251886335,427.0,0
3.816416556035425,425.0,0
3.8165257868822158,425.0,0
3.8166350177290065,426.0,0
3.816744248575798,425.0,0
3.8168534794225892,425.0,0
3.8169627102693804,425.0,0
3.8170719411161715,425.0,0
3.817181171962963,425.0,0
3.817290402809754,425.0,0
3.8173996336565446,425.0,0
3.817508864503336,425.0,0
3.817618095350127,425.0,0
3.8177273261969185,425.0,0
3.817836557043709,425.0,0
3.8179457878905008,424.0,0
3.818055018737292,425.0,0
3.818164249584083,425.0,0
3.8182734804308742,424.0,0
3.818382711277665,424.0,0
3.8184919421244565,424.0,0
3.8186011729712472,424.0,0
3.818710403818039,424.0,0
3.8188196346648295,424.0,0
3.818928865511621,424.0,0
3.819038096358412,424.0,0
3.8191473272052026,424.0,0
3.819256558051994,424.0,0
3.8193657888987853,424.0,0
3.8194750197455765,423.0,0
3.8195842505923676,423.0,0
3.819693481439159,424.0,0
3.81980271228595,424.0,0
3.8199119431327415,424.0,0
3.8200211739795322,424.0,0
3.820130404826323,424.0,0
3.8202396356731145,424.0,0
3.8203488665199052,424.0,0
3.820458097366697,425.0,0
3.820567328213488,424.0,0
3.820676559060279,424.0,0
3.8207857899070703,425.0,0
3.820895020753861,425.0,0
3.8210042516006526,424.0,0
3.8211134824474433,425.0,0
3.821222713294235,425.0,0
3.8213319441410256,425.0,0
3.821441174987817,424.0,0
3.821550405834608,425.0,0
3.8216596366813986,425.0,0
3.8217688675281902,425.0,0
3.8218780983749814,425.0,0
3.8219873292217725,425.0,0
3.8220965600685637,425.0,0
3.8222057909153553,425.0,0
3.822315021762146,425.0,0
3.8224242526089376,425.0,0
3.8225334834557283,424.0,0
3.822642714302519,424.0,0
3.8227519451493106,424.0,0
3.8228611759961013,424.0,0
3.822970406842893,423.0,0
3.823079637689684,423.0,0
3.823188868536475,423.0,0
3.8232980993832664,423.0,0
3.823407330230057,423.0,0
3.8235165610768487,423.0,0
3.8236257919236394,423.0,0
3.823735022770431,423.0,0
3.8238442536172217,422.0,0
3.8239534844640133,422.0,0
3.824062715310804,422.0,0
3.8241719461575947,422.0,0
3.8242811770043863,422.0,0
3.8243904078511775,423.0,0
3.8244996386979686,422.0,0
3.8246088695447598,422.0,0
3.8247181003915514,422.0,0
3.824827331238342,422.0,0
3.8249365620851337,421.0,0
3.8250457929319244,422.0,0
3.825155023778715,421.0,0
3.8252642546255067,420.0,0
3.8253734854722974,420.0,0
3.825482716319089,421.0,0
3.82559194716588,420.0,0
3.8257011780126713,420.0,0
3.8258104088594624,420.0,0
3.825919639706253,421.0,0
3.8260288705530447,420.0,0
3.8261381013998355,420.0,0
3.826247332246627,420.0,0
3.8263565630934178,420.0,0
3.8264657939402094,420.0,0
3.826575024787,420.0,0
3.8266842556337908,420.0,0
3.8267934864805824,420.0,0
3.8269027173273735,420.0,0
3.8270119481741647,420.0,0
3.827121179020956,420.0,0
3.8272304098677474,420.0,0
3.827339640714538,420.0,0
3.8274488715613297,420.0,0
3.8275581024081204,420.0,0
3.827667333254911,420.0,0
3.8277765641017027,420.0,0
3.8278857949484935,420.0,0
3.827995025795285,420.0,0
3.828104256642076,420.0,0
3.8282134874888674,420.0,0
3.8283227183356585,420.0,0
3.8284319491824492,419.0,0
3.828541180029241,420.0,0
3.8286504108760315,419.0,0
3.828759641722823,419.0,0
3.828868872569614,419.0,0
3.8289781034164054,419.0,0
3.829087334263196,419.0,0
3.829196565109987,419.0,0
3.8293057959567784,419.0,0
3.8294150268035696,419.0,0
3.8295242576503608,419.0,0
3.829633488497152,419.0,0
3.8297427193439435,419.0,0
3.829851950190734,419.0,0
3.829961181037526,419.0,0
3.8300704118843165,419.0,0
3.8301796427311072,419.0,0
3.830288873577899,418.0,0
3.8303981044246895,418.0,0
3.830507335271481,418.0,0
3.8306165661182723,418.0,0
3.8307257969650634,417.0,0
3.8308350278118546,418.0,0
3.8309442586586453,418.0,0
3.831053489505437,417.0,0
3.8311627203522276,417.0,0
3.831271951199019,417.0,0
3.83138118204581,417.0,0
3.8314904128926015,417.0,0
3.831599643739392,417.0,0
3.831708874586183,417.0,0
3.8318181054329745,417.0,0
3.8319273362797657,417.0,0
3.832036567126557,417.0,0
3.832145797973348,417.0,0
3.8322550288201396,417.0,0
3.8323642596669303,416.0,0
3.832473490513722,417.0,0
3.8325827213605126,417.0,0
3.8326919522073033,416.0,0
3.832801183054095,417.0,0
3.8329104139008856,417.0,0
3.833019644747677,417.0,0
3.8331288755944684,416.0,0
3.8332381064412595,417.0,0
3.8333473372880507,417.0,0
3.8334565681348414,416.0,0
3.833565798981633,416.0,0
3.8336750298284237,417.0,0
3.8337842606752153,416.0,0
3.833893491522006,416.0,0
3.8340027223687976,416.0,0
3.8341119532155883,417.0,0
3.834221184062379,416.0,0
3.8343304149091706,416.0,0
3.8344396457559617,416.0,0
3.834548876602753,416.0,0
3.834658107449544,416.0,0
3.8347673382963356,416.0,0
3.8348765691431264,417.0,0
3.834985799989918,416.0,0
3.8350950308367087,416.0,0
3.8352042616834994,416.0,0
3.835313492530291,417.0,0
3.8354227233770817,416.0,0
3.8355319542238733,416.0,0
3.8356411850706644,417.0,0
3.8357504159174556,416.0,0
3.8358596467642467,416.0,0
3.8359688776110374,416.0,0
3.836078108457829,416.0,0
3.8361873393046197,416.0,0
3.8362965701514113,416.0,0
3.836405800998202,416.0,0
3.8365150318449937,417.0,0
3.8366242626917844,416.0,0
3.836733493538576,416.0,0
3.8368427243853667,417.0,0
3.836951955232158,417.0,0
3.837061186078949,416.0,0
3.83717041692574,417.0,0
3.8372796477725317,417.0,0
3.8373888786193224,417.0,0
3.837498109466114,417.0,0
3.8376073403129047,417.0,0
3.8377165711596954,417.0,0
3.837825802006487,417.0,0
3.8379350328532778,417.0,0
3.8380442637000693,417.0,0
3.8381534945468605,417.0,0
3.8382627253936517,417.0,0
3.838371956240443,417.0,0
3.8384811870872335,417.0,0
3.838590417934025,417.0,0
3.838699648780816,417.0,0
3.8388088796276074,417.0,0
3.838918110474398,417.0,0
3.8390273413211897,417.0,0
3.8391365721679804,417.0,0
3.839245803014772,417.0,0
3.8393550338615627,417.0,0
3.839464264708354,417.0,0
3.839573495555145,418.0,0
3.839682726401936,417.0,0
3.839791957248728,417.0,0
3.8399011880955185,418.0,0
3.84001041894231,418.0,0
3.840119649789101,418.0,0
3.8402288806358915,417.0,0
3.840338111482683,418.0,0
3.840447342329474,418.0,0
3.8405565731762654,418.0,0
3.8406658040230566,418.0,0
3.8407750348698477,419.0,0
3.840884265716639,419.0,0
3.8409934965634296,419.0,0
3.841102727410221,419.0,0
3.841211958257012,419.0,0
3.8413211891038035,419.0,0
3.841430419950594,419.0,0
3.841539650797386,419.0,0
3.8416488816441765,419.0,0
3.841758112490968,419.0,0
3.841867343337759,419.0,0
3.84197657418455,420.0,0
3.842085805031341,420.0,0
3.8421950358781323,419.0,0
3.842304266724924,420.0,0
3.8424134975717146,420.0,0
3.842522728418506,420.0,0
3.842631959265297,420.0,0
3.8427411901120876,420.0,0
3.842850420958879,420.0,0
3.84295965180567,420.0,0
3.8430688826524615,420.0,0
3.8431781134992526,421.0,0
3.843287344346044,420.0,0
3.843396575192835,421.0,0
3.8435058060396257,422.0,0
3.8436150368864173,421.0,0
3.843724267733208,421.0,0
3.8438334985799996,422.0,0
3.8439427294267903,421.0,0
3.844051960273582,421.0,0
3.8441611911203726,421.0,0
3.844270421967164,422.0,0
3.844379652813955,420.0,0
3.844488883660746,421.0,0
3.844598114507537,421.0,0
3.8447073453543283,421.0,0
3.84481657620112,420.0,0
3.8449258070479106,421.0,0
3.8450350378947022,421.0,0
3.845144268741493,421.0,0
3.8452534995882837,420.0,0
3.8453627304350753,421.0,0
3.845471961281866,421.0,0
3.8455811921286576,421.0,0
3.8456904229754487,420.0,0
3.84579965382224,421.0,0
3.845908884669031,420.0,0
3.8460181155158217,420.0,0
3.8461273463626133,420.0,0
3.846236577209404,421.0,0
3.8463458080561956,420.0,0
3.8464550389029863,420.0,0
3.846564269749778,420.0,0
3.8466735005965687,420.0,0
3.8467827314433602,420.0,0
3.846891962290151,421.0,0
3.847001193136942,420.0,0
3.8471104239837333,420.0,0
3.8472196548305244,420.0,0
3.847328885677316,420.0,0
3.8474381165241067,420.0,0
3.8475473473708983,420.0,0
3.847656578217689,420.0,0
3.8477658090644797,419.0,0
3.8478750399112713,419.0,0
3.847984270758062,419.0,0
3.8480935016048536,419.0,0
3.848202732451645,419.0,0
3.848311963298436,419.0,0
3.848421194145227,419.0,0
3.848530424992018,419.0,0
3.8486396558388094,418.0,0
3.8487488866856,418.0,0
3.8488581175323917,418.0,0
3.8489673483791824,417.0,0
3.849076579225974,417.0,0
3.8491858100727647,417.0,0
3.8492950409195563,417.0,0
3.849404271766347,416.0,0
3.849513502613138,416.0,0
3.8496227334599293,416.0,0
3.8497319643067205,415.0,0
3.849841195153512,415.0,0
3.849950426000303,415.0,0
3.8500596568470944,415.0,0
3.850168887693885,415.0,0
3.850278118540676,415.0,0
3.8503873493874674,415.0,0
3.850496580234258,415.0,0
3.8506058110810497,415.0,0
3.850715041927841,414.0,0
3.850824272774632,414.0,0
3.850933503621423,414.0,0
3.8510427344682148,414.0,0
3.8511519653150055,414.0,0
3.851261196161796,414.0,0
3.851370427008588,414.0,0
3.8514796578553785,414.0,0
3.85158888870217,414.0,0
3.851698119548961,414.0,0
3.8518073503957524,414.0,0
3.851916581242543,414.0,0
3.8520258120893343,414.0,0
3.8521350429361254,415.0,0
3.8522442737829166,414.0,0
3.852353504629708,414.0,0
3.852462735476499,414.0,0
3.8525719663232905,415.0,0
3.852681197170081,415.0,0
3.852790428016872,415.0,0
3.8528996588636635,415.0,0
3.853008889710454,415.0,0
3.853118120557246,415.0,0
3.853227351404037,415.0,0
3.853336582250828,415.0,0
3.8534458130976192,416.0,0
3.853555043944411,415.0,0
3.8536642747912015,416.0,0
3.8537735056379923,416.0,0
3.853882736484784,416.0,0
3.8539919673315746,416.0,0
3.854101198178366,417.0,0
3.854210429025157,417.0,0
3.8543196598719485,417.0,0
3.854428890718739,417.0,0
3.8545381215655303,417.0,0
3.8546473524123215,417.0,0
3.8547565832591126,417.0,0
3.8548658141059042,418.0,0
3.854975044952695,417.0,0
3.8550842757994865,417.0,0
3.8551935066462772,418.0,0
3.855302737493068,417.0,0
3.8554119683398596,417.0,0
3.8555211991866503,417.0,0
3.855630430033442,418.0,0
3.855739660880233,417.0,0
3.855848891727024,417.0,0
3.8559581225738153,417.0,0
3.856067353420607,417.0,0
3.8561765842673976,417.0,0
3.8562858151141883,417.0,0
3.85639504596098,417.0,0
3.8565042768077706,417.0,0
3.8566135076545622,417.0,0
3.856722738501353,417.0,0
3.8568319693481445,416.0,0
3.8569412001949352,417.0,0
3.8570504310417264,416.0,0
3.8571596618885176,416.0,0
3.8572688927353087,416.0,0
3.8573781235821003,416.0,0
3.857487354428891,416.0,0
3.8575965852756826,415.0,0
3.8577058161224733,416.0,0
3.857815046969264,415.0,0
3.8579242778160556,415.0,0
3.8580335086628463,415.0,0
3.858142739509638,415.0,0
3.858251970356429,415.0,0
3.8583612012032202,415.0,0
3.8584704320500114,415.0,0
3.858579662896803,415.0,0
3.8586888937435937,415.0,0
3.8587981245903844,414.0,0
3.858907355437176,415.0,0
3.8590165862839667,414.0,0
3.8591258171307583,414.0,0
3.859235047977549,414.0,0
3.8593442788243406,414.0,0
3.8594535096711313,414.0,0
3.8595627405179225,414.0,0
3.8596719713647136,414.0,0
3.859781202211505,414.0,0
3.8598904330582964,414.0,0
3.859999663905087,414.0,0
3.8601088947518787,414.0,0
3.8602181255986694,414.0,0
3.86032735644546,413.0,0
3.8604365872922517,414.0,0
3.8605458181390424,414.0,0
3.860655048985834,413.0,0
3.860764279832625,413.0,0
3.8608735106794163,414.0,0
3.8609827415262075,413.0,0
3.861091972372999,413.0,0
3.8612012032197898,413.0,0
3.8613104340665805,414.0,0
3.861419664913372,413.0,0
3.861528895760163,413.0,0
3.8616381266069544,413.0,0
3.861747357453745,414.0,0
3.8618565883005367,413.0,0
3.8619658191473274,414.0,0
3.8620750499941185,413.0,0
3.8621842808409097,413.0,0
3.862293511687701,413.0,0
3.8624027425344925,414.0,0
3.862511973381283,413.0,0
3.8626212042280748,413.0,0
3.8627304350748655,413.0,0
3.862839665921656,413.0,0
3.8629488967684478,412.0,0
3.8630581276152385,413.0,0
3.86316735846203,413.0,0
3.8632765893088212,413.0,0
3.8633858201556124,412.0,0
3.8634950510024035,413.0,0
3.863604281849195,413.0,0
3.863713512695986,412.0,0
3.8638227435427765,412.0,0
3.863931974389568,413.0,0
3.864041205236359,412.0,0
3.8641504360831505,412.0,0
3.864259666929941,412.0,0
3.8643688977767328,412.0,0
3.8644781286235235,412.0,0
3.8645873594703146,412.0,0
3.8646965903171058,412.0,0
3.864805821163897,412.0,0
3.8649150520106885,412.0,0
3.8650242828574792,412.0,0
3.865133513704271,413.0,0
3.8652427445510615,412.0,0
3.8653519753978522,412.0,0
3.865461206244644,413.0,0
3.8655704370914346,413.0,0
3.865679667938226,413.0,0
3.8657888987850173,413.0,0
3.8658981296318085,414.0,0
3.8660073604785996,413.0,0
3.866116591325391,414.0,0
3.866225822172182,414.0,0
3.8663350530189726,414.0,0
3.866444283865764,414.0,0
3.866553514712555,414.0,0
3.8666627455593465,414.0,0
3.8667719764061372,414.0,0
3.866881207252929,414.0,0
3.8669904380997195,415.0,0
3.8670996689465107,414.0,0
3.867208899793302,414.0,0
3.867318130640093,414.0,0
3.8674273614868846,415.0,0
3.8675365923336753,415.0,0
3.867645823180467,414.0,0
3.8677550540272576,414.0,0
3.867864284874049,415.0,0
3.86797351572084,414.0,0
3.8680827465676306,415.0,0
3.8681919774144222,415.0,0
3.8683012082612134,415.0,0
3.8684104391080045,414.0,0
3.8685196699547957,414.0,0
3.8686289008015873,414.0,0
3.868738131648378,414.0,0
3.8688473624951687,414.0,0
3.8689565933419603,414.0,0
3.869065824188751,414.0,0
3.8691750550355426,414.0,0
3.8692842858823333,414.0,0
3.869393516729125,414.0,0
3.8695027475759156,414.0,0
3.8696119784227068,414.0,0
3.869721209269498,414.0,0
3.869830440116289,414.0,0
3.8699396709630807,414.0,0
3.8700489018098714,414.0,0
3.870158132656663,414.0,0
3.8702673635034537,414.0,0
3.8703765943502453,413.0,0
3.870485825197036,414.0,0
3.8705950560438267,414.0,0
3.8707042868906183,413.0,0
3.8708135177374094,413.0,0
3.8709227485842006,414.0,0
3.8710319794309918,413.0,0
3.8711412102777834,413.0,0
3.871250441124574,412.0,0
3.8713596719713648,413.0,0
3.8714689028181564,413.0,0
3.871578133664947,413.0,0
3.8716873645117387,412.0,0
3.8717965953585294,413.0,0
3.871905826205321,412.0,0
3.8720150570521117,412.0,0
3.872124287898903,412.0,0
3.872233518745694,412.0,0
3.872342749592485,412.0,0
3.8724519804392767,412.0,0
3.8725612112860675,412.0,0
3.872670442132859,412.0,0
3.8727796729796498,412.0,0
3.8728889038264414,412.0,0
3.872998134673232,412.0,0
3.8731073655200228,412.0,0
3.8732165963668144,412.0,0
3.8733258272136055,412.0,0
3.8734350580603967,412.0,0
3.873544288907188,412.0,0
3.8736535197539794,412.0,0
3.87376275060077,412.0,0
3.873871981447561,412.0,0
3.8739812122943524,412.0,0
3.874090443141143,412.0,0
3.8741996739879347,412.0,0
3.8743089048347255,412.0,0
3.874418135681517,412.0,0
3.8745273665283078,412.0,0
3.874636597375099,412.0,0
3.87474582822189,412.0,0
3.874855059068681,412.0,0
3.874964289915473,412.0,0
3.8750735207622635,412.0,0
3.875182751609055,412.0,0
3.875291982455846,412.0,0
3.8754012133026374,412.0,0
3.875510444149428,412.0,0
3.875619674996219,412.0,0
3.8757289058430104,412.0,0
3.8758381366898016,411.0,0
3.8759473675365927,412.0,0
3.876056598383384,412.0,0
3.8761658292301755,411.0,0
3.876275060076966,411.0,0
3.876384290923757,411.0,0
3.8764935217705485,411.0,0
3.876602752617339,410.0,0
3.876711983464131,409.0,0
3.8768212143109215,410.0,0
3.876930445157713,409.0,0
3.877039676004504,409.0,0
3.877148906851295,409.0,0
3.877258137698086,409.0,0
3.8773673685448773,408.0,0
3.877476599391669,408.0,0
3.8775858302384596,408.0,0
3.877695061085251,408.0,0
3.877804291932042,408.0,0
3.8779135227788335,408.0,0
3.878022753625624,408.0,0
3.878131984472415,407.0,0
3.8782412153192065,406.0,0
3.8783504461659977,407.0,0
3.878459677012789,406.0,0
3.87856890785958,406.0,0
3.8786781387063716,406.0,0
3.8787873695531623,406.0,0
3.878896600399953,406.0,0
3.8790058312467446,406.0,0
3.8791150620935353,406.0,0
3.879224292940327,406.0,0
3.8793335237871176,406.0,0
3.879442754633909,406.0,0
3.8795519854807,406.0,0
3.879661216327491,406.0,0
3.879770447174282,405.0,0
3.8798796780210734,406.0,0
3.879988908867865,406.0,0
3.8800981397146557,405.0,0
3.8802073705614473,404.0,0
3.880316601408238,406.0,0
3.8804258322550296,405.0,0
3.8805350631018203,405.0,0
3.880644293948611,404.0,0
3.8807535247954026,406.0,0
3.8808627556421937,405.0,0
3.880971986488985,405.0,0
3.881081217335776,405.0,0
3.8811904481825676,406.0,0
3.8812996790293584,404.0,0
3.881408909876149,404.0,0
3.8815181407229407,404.0,0
3.8816273715697314,405.0,0
3.881736602416523,404.0,0
3.8818458332633137,404.0,0
3.8819550641101053,404.0,0
3.882064294956896,404.0,0
3.8821735258036876,404.0,0
3.8822827566504783,404.0,0
3.8823919874972694,404.0,0
3.882501218344061,404.0,0
3.8826104491908517,404.0,0
3.8827196800376433,405.0,0
3.882828910884434,405.0,0
3.8829381417312256,404.0,0
3.8830473725780164,405.0,0
3.883156603424807,406.0,0
3.8832658342715987,406.0,0
3.88337506511839,406.0,0
3.883484295965181,406.0,0
3.883593526811972,406.0,0
3.8837027576587637,406.0,0
3.8838119885055544,407.0,0
3.883921219352345,408.0,0
3.8840304501991367,408.0,0
3.8841396810459274,408.0,0
3.884248911892719,408.0,0
3.8843581427395097,408.0,0
3.8844673735863013,408.0,0
3.884576604433092,408.0,0
3.8846858352798836,408.0,0
3.8847950661266744,408.0,0
3.8849042969734655,409.0,0
3.885013527820257,409.0,0
3.885122758667048,409.0,0
3.8852319895138394,409.0,0
3.88534122036063,409.0,0
3.8854504512074217,410.0,0
3.8855596820542124,411.0,0
3.885668912901003,410.0,0
3.8857781437477947,411.0,0
3.885887374594586,412.0,0
3.885996605441377,411.0,0
3.886105836288168,411.0,0
3.88621506713496,412.0,0
3.8863242979817505,412.0,0
3.886433528828541,412.0,0
3.886542759675333,412.0,0
3.8866519905221235,412.0,0
3.886761221368915,412.0,0
3.886870452215706,412.0,0
3.8869796830624974,412.0,0
3.887088913909288,412.0,0
3.8871981447560797,412.0,0
3.8873073756028704,412.0,0
3.8874166064496616,412.0,0
3.887525837296453,413.0,0
3.887635068143244,412.0,0
3.8877442989900355,413.0,0
3.887853529836826,414.0,0
3.887962760683618,414.0,0
3.8880719915304085,413.0,0
3.888181222377199,414.0,0
3.888290453223991,414.0,0
3.888399684070782,414.0,0
3.888508914917573,414.0,0
3.8886181457643643,414.0,0
3.888727376611156,414.0,0
3.8888366074579466,413.0,0
3.8889458383047373,413.0,0
3.889055069151529,414.0,0
3.8891642999983196,413.0,0
3.889273530845111,413.0,0
3.889382761691902,413.0,0
3.8894919925386935,413.0,0
3.889601223385484,412.0,0
3.889710454232276,412.0,0
3.8898196850790665,412.0,0
3.8899289159258577,412.0,0
3.8900381467726493,412.0,0
3.89014737761944,412.0,0
3.8902566084662316,412.0,0
3.8903658393130223,411.0,0
3.890475070159814,411.0,0
3.8905843010066046,412.0,0
3.8906935318533953,411.0,0
3.890802762700187,411.0,0
3.890911993546978,410.0,0
3.891021224393769,411.0,0
3.8911304552405603,411.0,0
3.891239686087352,410.0,0
3.8913489169341426,410.0,0
3.8914581477809334,411.0,0
3.891567378627725,410.0,0
3.8916766094745157,409.0,0
3.8917858403213073,410.0,0
3.891895071168098,410.0,0
3.8920043020148896,409.0,0
3.8921135328616803,409.0,0
3.892222763708472,409.0,0
3.8923319945552626,409.0,0
3.8924412254020537,408.0,0
3.8925504562488453,409.0,0
3.892659687095636,409.0,0
3.8927689179424276,408.0,0
3.8928781487892183,408.0,0
3.89298737963601,409.0,0
3.8930966104828006,408.0,0
3.8932058413295914,408.0,0
3.893315072176383,408.0,0
3.893424303023174,408.0,0
3.8935335338699653,408.0,0
3.8936427647167564,408.0,0
3.893751995563548,408.0,0
3.8938612264103387,408.0,0
3.8939704572571294,408.0,0
3.894079688103921,408.0,0
3.8941889189507117,408.0,0
3.8942981497975033,408.0,0
3.894407380644294,408.0,0
3.8945166114910856,408.0,0
3.8946258423378763,408.0,0
3.894735073184668,408.0,0
3.8948443040314586,408.0,0
3.89495353487825,408.0,0
3.8950627657250414,408.0,0
3.895171996571832,407.0,0
3.8952812274186237,408.0,0
3.8953904582654144,408.0,0
3.895499689112206,408.0,0
3.8956089199589967,408.0,0
3.8957181508057874,408.0,0
3.895827381652579,408.0,0
3.89593661249937,408.0,0
3.8960458433461613,408.0,0
3.8961550741929525,408.0,0
3.896264305039744,408.0,0
3.896373535886535,408.0,0
3.8964827667333255,408.0,0
3.896591997580117,408.0,0
3.896701228426908,408.0,0
3.8968104592736994,408.0,0
3.89691969012049,408.0,0
3.8970289209672817,408.0,0
3.8971381518140724,408.0,0
3.897247382660864,408.0,0
3.8973566135076547,409.0,0
3.897465844354446,408.0,0
3.8975750752012375,408.0,0
3.897684306048028,408.0,0
3.8977935368948198,409.0,0
3.8979027677416105,408.0,0
3.898011998588402,408.0,0
3.898121229435193,409.0,0
3.8982304602819835,409.0,0
3.898339691128775,409.0,0
3.8984489219755663,409.0,0
3.8985581528223574,410.0,0
3.8986673836691486,409.0,0
3.89877661451594,409.0,0
3.898885845362731,411.0,0
3.8989950762095225,411.0,0
3.899104307056313,410.0,0
3.899213537903104,410.0,0
3.8993227687498955,411.0,0
3.899431999596686,411.0,0
3.899541230443478,410.0,0
3.8996504612902685,411.0,0
3.89975969213706,411.0,0
3.899868922983851,411.0,0
3.899978153830642,411.0,0
3.9000873846774335,411.0,0
3.9001966155242243,411.0,0
3.900305846371016,410.0,0
3.9004150772178066,410.0,0
3.900524308064598,411.0,0
3.900633538911389,411.0,0
3.9007427697581796,409.0,0
3.900852000604971,410.0,0
3.9009612314517623,410.0,0
3.9010704622985535,409.0,0
3.9011796931453446,409.0,0
3.9012889239921362,410.0,0
3.901398154838927,409.0,0
3.9015073856857185,409.0,0
3.9016166165325092,409.0,0
3.9017258473793,409.0,0
3.9018350782260915,408.0,0
3.9019443090728823,408.0,0
3.902053539919674,408.0,0
3.9021627707664646,408.0,0
3.902272001613256,408.0,0
3.902381232460047,408.0,0
3.902490463306838,408.0,0
3.9025996941536296,408.0,0
3.9027089250004203,408.0,0
3.902818155847212,408.0,0
3.9029273866940026,407.0,0
3.9030366175407942,406.0,0
3.903145848387585,406.0,0
3.9032550792343756,406.0,0
3.9033643100811672,406.0,0
3.9034735409279584,406.0,0
3.9035827717747495,405.0,0
3.9036920026215407,405.0,0
3.9038012334683323,404.0,0
3.903910464315123,404.0,0
3.9040196951619146,404.0,0
3.9041289260087053,404.0,0
3.904238156855496,403.0,0
3.9043473877022876,403.0,0
3.9044566185490783,403.0,0
3.90456584939587,403.0,0
3.9046750802426606,403.0,0
3.9047843110894522,403.0,0
3.904893541936243,403.0,0
3.905002772783034,402.0,0
3.9051120036298257,402.0,0
3.9052212344766164,401.0,0
3.905330465323408,401.0,0
3.9054396961701987,401.0,0
3.9055489270169903,401.0,0
3.905658157863781,401.0,0
3.9057673887105717,401.0,0
3.9058766195573633,401.0,0
3.9059858504041545,401.0,0
3.9060950812509456,400.0,0
3.9062043120977368,400.0,0
3.9063135429445284,400.0,0
3.906422773791319,400.0,0
3.9065320046381107,400.0,0
3.9066412354849014,400.0,0
3.906750466331692,400.0,0
3.9068596971784837,400.0,0
3.9069689280252744,400.0,0
3.907078158872066,400.0,0
3.9071873897188567,400.0,0
3.9072966205656483,400.0,0
3.907405851412439,400.0,0
3.90751508225923,400.0,0
3.9076243131060218,401.0,0
3.9077335439528125,401.0,0
3.907842774799604,401.0,0
3.9079520056463948,401.0,0
3.9080612364931864,401.0,0
3.908170467339977,401.0,0
3.908279698186768,401.0,0
3.9083889290335594,401.0,0
3.9084981598803505,401.0,0
3.9086073907271417,401.0,0
3.908716621573933,401.0,0
3.9088258524207244,402.0,0
3.908935083267515,401.0,0
3.9090443141143068,401.0,0
3.9091535449610975,402.0,0
3.909262775807888,402.0,0
3.9093720066546798,402.0,0
3.9094812375014705,402.0,0
3.909590468348262,403.0,0
3.909699699195053,402.0,0
3.9098089300418444,402.0,0
3.909918160888635,403.0,0
3.9100273917354262,403.0,0
3.910136622582218,402.0,0
3.9102458534290085,403.0,0
3.9103550842758,403.0,0
3.910464315122591,402.0,0
3.9105735459693824,403.0,0
3.910682776816173,403.0,0
3.910792007662964,403.0,0
3.9109012385097555,402.0,0
3.9110104693565466,403.0,0
3.9111197002033378,403.0,0
3.911228931050129,402.0,0
3.9113381618969205,402.0,0
3.9114473927437112,402.0,0
3.911556623590503,402.0,0
3.9116658544372935,402.0,0
3.9117750852840842,402.0,0
3.911884316130876,402.0,0
3.9119935469776665,402.0,0
3.912102777824458,402.0,0
3.912212008671249,402.0,0
3.9123212395180404,402.0,0
3.912430470364831,402.0,0
3.9125397012116223,402.0,0
3.912648932058414,403.0,0
3.9127581629052046,402.0,0
3.912867393751996,402.0,0
3.912976624598787,402.0,0
3.9130858554455785,403.0,0
3.9131950862923692,402.0,0
3.913304317139161,402.0,0
3.9134135479859515,403.0,0
3.9135227788327427,403.0,0
3.913632009679534,402.0,0
3.913741240526325,403.0,0
3.9138504713731166,403.0,0
3.9139597022199073,403.0,0
3.914068933066699,402.0,0
3.9141781639134896,403.0,0
3.9142873947602803,403.0,0
3.914396625607072,403.0,0
3.9145058564538626,403.0,0
3.914615087300654,403.0,0
3.914724318147445,403.0,0
3.9148335489942365,403.0,0
3.9149427798410272,403.0,0
3.9150520106878184,403.0,0
3.91516124153461,403.0,0
3.9152704723814007,403.0,0
3.9153797032281923,403.0,0
3.915488934074983,403.0,0
3.9155981649217746,403.0,0
3.9157073957685653,403.0,0
3.915816626615357,403.0,0
3.9159258574621476,403.0,0
3.9160350883089388,403.0,0
3.91614431915573,403.0,0
3.916253550002521,403.0,0
3.9163627808493127,403.0,0
3.9164720116961034,403.0,0
3.916581242542895,403.0,0
3.9166904733896857,403.0,0
3.9167997042364764,402.0,0
3.916908935083268,403.0,0
3.9170181659300587,403.0,0
3.9171273967768503,402.0,0
3.917236627623641,402.0,0
3.9173458584704326,403.0,0
3.9174550893172233,403.0,0
3.9175643201640145,402.0,0
3.917673551010806,402.0,0
3.9177827818575968,402.0,0
3.9178920127043884,401.0,0
3.918001243551179,401.0,0
3.9181104743979707,401.0,0
3.9182197052447614,401.0,0
3.918328936091553,401.0,0
3.9184381669383437,401.0,0
3.918547397785135,401.0,0
3.918656628631926,401.0,0
3.918765859478717,400.0,0
3.9188750903255087,400.0,0
3.9189843211722994,400.0,0
3.919093552019091,400.0,0
3.9192027828658818,400.0,0
3.9193120137126725,400.0,0
3.919421244559464,400.0,0
3.9195304754062548,399.0,0
3.9196397062530464,400.0,0
3.919748937099837,400.0,0
3.9198581679466287,399.0,0
3.9199673987934194,399.0,0
3.9200766296402105,400.0,0
3.920185860487002,399.0,0
3.920295091333793,399.0,0
3.9204043221805844,399.0,0
3.920513553027375,399.0,0
3.9206227838741667,399.0,0
3.9207320147209574,399.0,0
3.920841245567749,399.0,0
3.9209504764145398,399.0,0
3.921059707261331,399.0,0
3.921168938108122,399.0,0
3.921278168954913,399.0,0
3.921387399801705,399.0,0
3.9214966306484955,399.0,0
3.921605861495287,399.0,0
3.921715092342078,399.0,0
3.9218243231888685,399.0,0
3.92193355403566,399.0,0
3.922042784882451,399.0,0
3.9221520157292424,399.0,0
3.922261246576033,399.0,0
3.9223704774228247,399.0,0
3.9224797082696155,399.0,0
3.9225889391164066,399.0,0
3.922698169963198,399.0,0
3.922807400809989,399.0,0
3.9229166316567805,399.0,0
3.923025862503571,399.0,0
3.923135093350363,399.0,0
3.9232443241971535,399.0,0
3.923353555043945,399.0,0
3.923462785890736,399.0,0
3.923572016737527,399.0,0
3.923681247584318,399.0,0
3.9237904784311093,399.0,0
3.923899709277901,398.0,0
3.9240089401246916,399.0,0
3.924118170971483,398.0,0
3.924227401818274,398.0,0
3.9243366326650646,398.0,0
3.924445863511856,399.0,0
3.924555094358647,398.0,0
3.9246643252054385,398.0,0
3.924773556052229,398.0,0
3.924882786899021,398.0,0
3.9249920177458115,398.0,0
3.9251012485926027,398.0,0
3.9252104794393943,398.0,0
3.925319710286185,398.0,0
3.9254289411329766,398.0,0
3.9255381719797673,398.0,0
3.925647402826559,397.0,0
3.9257566336733496,397.0,0
3.925865864520141,397.0,0
3.925975095366932,397.0,0
3.926084326213723,396.0,0
3.926193557060514,397.0,0
3.9263027879073054,397.0,0
3.926412018754097,397.0,0
3.9265212496008877,396.0,0
3.9266304804476793,397.0,0
3.92673971129447,397.0,0
3.9268489421412607,397.0,0
3.9269581729880523,397.0,0
3.927067403834843,398.0,0
3.9271766346816346,397.0,0
3.9272858655284253,398.0,0
3.927395096375217,398.0,0
3.9275043272220076,398.0,0
3.9276135580687987,398.0,0
3.9277227889155903,398.0,0
3.927832019762381,398.0,0
3.9279412506091727,398.0,0
3.9280504814559634,398.0,0
3.928159712302755,398.0,0
3.9282689431495457,399.0,0
3.9283781739963373,399.0,0
3.928487404843128,399.0,0
3.928596635689919,399.0,0
3.9287058665367103,399.0,0
3.9288150973835014,399.0,0
3.928924328230293,399.0,0
3.9290335590770837,399.0,0
3.9291427899238753,399.0,0
3.929252020770666,399.0,0
3.9293612516174568,400.0,0
3.9294704824642483,400.0,0
3.929579713311039,400.0,0
3.9296889441578307,400.0,0
3.9297981750046214,400.0,0
3.929907405851413,400.0,0
3.9300166366982037,400.0,0
3.9301258675449953,401.0,0
3.9302350983917864,401.0,0
3.930344329238577,401.0,0
3.9304535600853687,401.0,0
3.9305627909321594,401.0,0
3.930672021778951,401.0,0
3.9307812526257417,401.0,0
3.9308904834725333,401.0,0
3.930999714319324,401.0,0
3.931108945166115,401.0,0
3.9312181760129064,401.0,0
3.9313274068596975,402.0,0
3.931436637706489,401.0,0
3.93154586855328,401.0,0
3.9316550994000714,402.0,0
3.931764330246862,402.0,0
3.931873561093653,401.0,0
3.9319827919404444,402.0,0
3.932092022787235,403.0,0
3.9322012536340267,402.0,0
3.9323104844808174,402.0,0
3.932419715327609,402.0,0
3.9325289461743997,402.0,0
3.9326381770211913,402.0,0
3.9327474078679825,402.0,0
3.932856638714773,403.0,0
3.932965869561565,403.0,0
3.9330751004083555,402.0,0
3.933184331255147,403.0,0
3.933293562101938,403.0,0
3.9334027929487294,402.0,0
3.93351202379552,402.0,0
3.9336212546423113,403.0,0
3.9337304854891024,403.0,0
3.9338397163358936,402.0,0
3.933948947182685,402.0,0
3.934058178029476,403.0,0
3.9341674088762675,403.0,0
3.934276639723058,402.0,0
3.934385870569849,403.0,0
3.9344951014166405,403.0,0
3.934604332263431,403.0,0
3.934713563110223,403.0,0
3.9348227939570135,403.0,0
3.934932024803805,403.0,0
3.935041255650596,402.0,0
3.9351504864973874,403.0,0
3.9352597173441786,403.0,0
3.9353689481909693,403.0,0
3.935478179037761,402.0,0
3.9355874098845516,403.0,0
3.935696640731343,403.0,0
3.935805871578134,403.0,0
3.9359151024249255,403.0,0
3.936024333271716,403.0,0
3.9361335641185073,403.0,0
3.9362427949652985,403.0,0
3.9363520258120897,403.0,0
3.9364612566588812,403.0,0
3.936570487505672,403.0,0
3.9366797183524636,403.0,0
3.9367889491992543,403.0,0
3.936898180046045,403.0,0
3.9370074108928366,402.0,0
3.9371166417396273,403.0,0
3.937225872586419,403.0,0
3.9373351034332096,403.0,0
3.937444334280001,402.0,0
3.937553565126792,403.0,0
3.9376627959735835,403.0,0
3.9377720268203746,402.0,0
3.9378812576671653,402.0,0
3.937990488513957,403.0,0
3.9380997193607477,402.0,0
3.9382089502075392,401.0,0
3.93831818105433,402.0,0
3.9384274119011216,403.0,0
3.9385366427479123,402.0,0
3.9386458735947034,402.0,0
3.9387551044414946,402.0,0
3.9388643352882857,403.0,0
3.9389735661350773,402.0,0
3.939082796981868,402.0,0
3.9391920278286596,403.0,0
3.9393012586754503,403.0,0
3.939410489522241,402.0,0
3.9395197203690326,403.0,0
3.9396289512158233,403.0,0
3.939738182062615,402.0,0
3.9398474129094057,402.0,0
3.9399566437561973,403.0,0
3.940065874602988,403.0,0
3.9401751054497796,402.0,0
3.9402843362965707,402.0,0
3.9403935671433614,403.0,0
3.940502797990153,402.0,0
3.9406120288369437,401.0,0
3.9407212596837353,402.0,0
3.940830490530526,402.0,0
3.9409397213773176,401.0,0
3.9410489522241083,401.0,0
3.9411581830708995,401.0,0
3.9412674139176906,401.0,0
3.941376644764482,401.0,0
3.9414858756112734,401.0,0
3.941595106458064,401.0,0
3.9417043373048557,400.0,0
3.9418135681516464,400.0,0
3.941922798998437,400.0,0
3.9420320298452287,400.0,0
3.9421412606920194,399.0,0
3.942250491538811,399.0,0
3.9423597223856017,400.0,0
3.9424689532323933,399.0,0
3.942578184079184,399.0,0
3.9426874149259756,399.0,0
3.942796645772767,399.0,0
3.9429058766195575,399.0,0
3.943015107466349,399.0,0
3.94312433831314,399.0,0
3.9432335691599314,399.0,0
3.943342800006722,399.0,0
3.9434520308535137,399.0,0
3.9435612617003044,399.0,0
3.9436704925470956,399.0,0
3.9437797233938867,399.0,0
3.943888954240678,399.0,0
3.9439981850874695,399.0,0
3.94410741593426,399.0,0
3.9442166467810518,399.0,0
3.9443258776278425,400.0,0
3.944435108474634,399.0,0
3.944544339321425,399.0,0
3.9446535701682155,399.0,0
3.944762801015007,400.0,0
3.944872031861798,399.0,0
3.9449812627085894,400.0,0
3.94509049355538,400.0,0
3.9451997244021717,399.0,0
3.945308955248963,399.0,0
3.9454181860957536,400.0,0
3.945527416942545,400.0,0
3.945636647789336,399.0,0
3.9457458786361275,399.0,0
3.945855109482918,400.0,0
3.9459643403297098,399.0,0
3.9460735711765005,399.0,0
3.9461828020232916,399.0,0
3.946292032870083,400.0,0
3.946401263716874,399.0,0
3.9465104945636655,399.0,0
3.9466197254104562,399.0,0
3.946728956257248,400.0,0
3.9468381871040386,399.0,0
3.94694741795083,400.0,0
3.947056648797621,400.0,0
3.9471658796444116,400.0,0
3.947275110491203,400.0,0
3.947384341337994,400.0,0
3.9474935721847855,401.0,0
3.947602803031576,400.0,0
3.9477120338783678,400.0,0
3.947821264725159,401.0,0
3.9479304955719496,401.0,0
3.9480397264187412,401.0,0
3.948148957265532,401.0,0
3.9482581881123235,403.0,0
3.9483674189591143,402.0,0
3.948476649805906,402.0,0
3.9485858806526966,403.0,0
3.9486951114994877,403.0,0
3.948804342346279,403.0,0
3.94891357319307,403.0,0
3.9490228040398616,403.0,0
3.9491320348866523,403.0,0
3.949241265733444,403.0,0
3.9493504965802346,404.0,0
3.9494597274270262,404.0,0
3.949568958273817,403.0,0
3.9496781891206076,403.0,0
3.9497874199673992,404.0,0
3.94989665081419,404.0,0
3.9500058816609815,404.0,0
3.9501151125077723,404.0,0
3.950224343354564,406.0,0
3.950333574201355,405.0,0
3.9504428050481457,404.0,0
3.9505520358949373,406.0,0
3.950661266741728,406.0,0
3.9507704975885196,406.0,0
3.9508797284353103,406.0,0
3.950988959282102,406.0,0
3.9510981901288926,407.0,0
3.951207420975684,406.0,0
3.951316651822475,407.0,0
3.951425882669266,407.0,0
3.9515351135160577,407.0,0
3.9516443443628484,406.0,0
3.95175357520964,408.0,0
3.9518628060564307,408.0,0
3.9519720369032223,408.0,0
3.952081267750013,407.0,0
3.9521904985968037,408.0,0
3.9522997294435953,408.0,0
3.952408960290386,408.0,0
3.9525181911371776,408.0,0
3.9526274219839683,408.0,0
3.95273665283076,408.0,0
3.952845883677551,408.0,0
3.952955114524342,408.0,0
3.9530643453711334,408.0,0
3.953173576217924,408.0,0
3.9532828070647157,408.0,0
3.9533920379115064,408.0,0
3.953501268758298,408.0,0
3.9536104996050887,408.0,0
3.95371973045188,408.0,0
3.953828961298671,408.0,0
3.953938192145462,408.0,0
3.9540474229922538,408.0,0
3.9541566538390445,409.0,0
3.954265884685836,408.0,0
3.9543751155326268,408.0,0
3.9544843463794184,408.0,0
3.954593577226209,409.0,0
3.954702808073,408.0,0
3.9548120389197914,408.0,0
3.954921269766582,409.0,0
3.9550305006133737,409.0,0
3.9551397314601644,408.0,0
3.955248962306956,409.0,0
3.955358193153747,409.0,0
3.955467424000538,408.0,0
3.9555766548473295,408.0,0
3.95568588569412,409.0,0
3.9557951165409118,408.0,0
3.9559043473877025,408.0,0
3.956013578234494,408.0,0
3.9561228090812848,408.0,0
3.956232039928076,408.0,0
3.956341270774867,408.0,0
3.9564505016216582,408.0,0
3.95655973246845,408.0,0
3.9566689633152405,408.0,0
3.956778194162032,408.0,0
3.956887425008823,408.0,0
3.9569966558556144,408.0,0
3.957105886702405,408.0,0
3.957215117549196,408.0,0
3.9573243483959875,408.0,0
3.957433579242778,408.0,0
3.9575428100895698,407.0,0
3.9576520409363605,407.0,0
3.957761271783152,407.0,0
3.957870502629943,407.0,0
3.957979733476734,406.0,0
3.9580889643235255,407.0,0
3.9581981951703162,407.0,0
3.958307426017108,406.0,0
3.9584166568638985,406.0,0
3.95852588771069,406.0,0
3.958635118557481,406.0,0
3.958744349404272,406.0,0
3.958853580251063,406.0,0
3.9589628110978543,406.0,0
3.959072041944646,406.0,0
3.9591812727914366,406.0,0
3.959290503638228,406.0,0
3.959399734485019,406.0,0
3.9595089653318105,404.0,0
3.9596181961786012,404.0,0
3.959727427025392,404.0,0
3.9598366578721835,404.0,0
3.9599458887189742,403.0,0
3.960055119565766,403.0,0
3.9601643504125565,404.0,0
3.960273581259348,403.0,0
3.9603828121061393,403.0,0
3.96049204295293,403.0,0
3.9606012737997216,403.0,0
3.9607105046465123,403.0,0
3.960819735493304,403.0,0
3.9609289663400946,403.0,0
3.961038197186886,402.0,0
3.961147428033677,402.0,0
3.9612566588804685,402.0,0
3.9613658897272592,402.0,0
3.9614751205740504,401.0,0
3.961584351420842,401.0,0
3.9616935822676327,402.0,0
3.9618028131144243,401.0,0
3.961912043961215,401.0,0
3.9620212748080066,402.0,0
3.9621305056547973,401.0,0
3.962239736501588,401.0,0
3.9623489673483796,401.0,0
3.9624581981951703,401.0,0
3.962567429041962,401.0,0
3.9626766598887526,401.0,0
3.962785890735544,401.0,0
3.9628951215823354,401.0,0
3.963004352429126,401.0,0
3.9631135832759177,401.0,0
3.9632228141227084,401.0,0
3.9633320449695,401.0,0
3.9634412758162907,401.0,0
3.9635505066630823,401.0,0
3.963659737509873,401.0,0
3.9637689683566646,401.0,0
3.9638781992034553,401.0,0
3.9639874300502465,402.0,0
3.964096660897038,402.0,0
3.9642058917438288,401.0,0
3.9643151225906204,402.0,0
3.964424353437411,403.0,0
3.9645335842842027,402.0,0
3.9646428151309934,402.0,0
3.964752045977784,403.0,0
3.9648612768245757,403.0,0
3.9649705076713664,403.0,0
3.965079738518158,403.0,0
3.9651889693649487,403.0,0
3.9652982002117403,403.0,0
3.9654074310585314,403.0,0
3.965516661905322,403.0,0
3.9656258927521137,403.0,0
3.9657351235989045,403.0,0
3.965844354445696,403.0,0
3.9659535852924868,403.0,0
3.9660628161392784,403.0,0
3.966172046986069,403.0,0
3.9662812778328607,403.0,0
3.9663905086796514,403.0,0
3.9664997395264425,403.0,0
3.966608970373234,403.0,0
3.966718201220025,403.0,0
3.9668274320668164,403.0,0
3.966936662913607,403.0,0
3.9670458937603987,403.0,0
3.9671551246071894,403.0,0
3.96726435545398,403.0,0
3.9673735863007717,403.0,0
3.9674828171475625,403.0,0
3.967592047994354,403.0,0
3.9677012788411448,403.0,0
3.9678105096879364,403.0,0
3.9679197405347275,404.0,0
3.968028971381518,403.0,0
3.96813820222831,403.0,0
3.9682474330751005,404.0,0
3.968356663921892,404.0,0
3.968465894768683,404.0,0
3.9685751256154744,403.0,0
3.968684356462265,404.0,0
3.9687935873090567,404.0,0
3.9689028181558474,404.0,0
3.9690120490026386,404.0,0
3.96912127984943,404.0,0
3.969230510696221,404.0,0
3.9693397415430125,404.0,0
3.969448972389803,404.0,0
3.969558203236595,405.0,0
3.9696674340833855,404.0,0
3.9697766649301762,404.0,0
3.969885895776968,405.0,0
3.9699951266237585,404.0,0
3.97010435747055,404.0,0
3.970213588317341,404.0,0
3.9703228191641324,404.0,0
3.9704320500109236,404.0,0
3.9705412808577143,404.0,0
3.970650511704506,404.0,0
3.9707597425512966,404.0,0
3.970868973398088,404.0,0
3.970978204244879,404.0,0
3.9710874350916705,404.0,0
3.971196665938461,404.0,0
3.971305896785253,403.0,0
3.9714151276320435,404.0,0
3.9715243584788347,404.0,0
3.9716335893256263,404.0,0
3.971742820172417,404.0,0
3.9718520510192086,405.0,0
3.9719612818659993,405.0,0
3.972070512712791,404.0,0
3.9721797435595816,404.0,0
3.9722889744063723,405.0,0
3.972398205253164,405.0,0
3.9725074360999546,404.0,0
3.972616666946746,404.0,0
3.972725897793537,406.0,0
3.9728351286403285,404.0,0
3.9729443594871197,404.0,0
3.9730535903339104,404.0,0
3.973162821180702,405.0,0
3.9732720520274927,404.0,0
3.9733812828742843,404.0,0
3.973490513721075,405.0,0
3.9735997445678666,404.0,0
3.9737089754146573,404.0,0
3.973818206261449,404.0,0
3.9739274371082396,404.0,0
3.9740366679550307,404.0,0
3.9741458988018223,403.0,0
3.974255129648613,404.0,0
3.9743643604954046,404.0,0
3.9744735913421954,403.0,0
3.974582822188987,403.0,0
3.9746920530357777,404.0,0
3.9748012838825684,403.0,0
3.97491051472936,403.0,0
3.9750197455761507,403.0,0
3.9751289764229423,404.0,0
3.975238207269733,403.0,0
3.9753474381165246,403.0,0
3.9754566689633157,403.0,0
3.975565899810107,404.0,0
3.975675130656898,403.0,0
3.9757843615036887,403.0,0
3.9758935923504803,404.0,0
3.976002823197271,403.0,0
3.9761120540440626,403.0,0
3.9762212848908534,404.0,0
3.976330515737645,403.0,0
3.9764397465844357,403.0,0
3.976548977431227,403.0,0
3.9766582082780184,404.0,0
3.976767439124809,403.0,0
3.9768766699716007,403.0,0
3.9769859008183914,403.0,0
3.977095131665183,404.0,0
3.9772043625119737,403.0,0
3.9773135933587644,403.0,0
3.977422824205556,404.0,0
3.9775320550523467,403.0,0
3.9776412858991383,403.0,0
3.977750516745929,403.0,0
3.9778597475927207,403.0,0
3.977968978439512,403.0,0
3.978078209286303,403.0,0
3.978187440133094,403.0,0
3.978296670979885,403.0,0
3.9784059018266764,403.0,0
3.978515132673467,403.0,0
3.9786243635202587,403.0,0
3.9787335943670494,403.0,0
3.978842825213841,403.0,0
3.9789520560606317,403.0,0
3.979061286907423,403.0,0
3.9791705177542145,403.0,0
3.979279748601005,403.0,0
3.979388979447797,403.0,0
3.9794982102945875,403.0,0
3.979607441141379,402.0,0
3.97971667198817,403.0,0
3.9798259028349605,403.0,0
3.979935133681752,402.0,0
3.980044364528543,401.0,0
3.9801535953753344,402.0,0
3.980262826222125,401.0,0
3.9803720570689167,401.0,0
3.980481287915708,401.0,0
3.980590518762499,401.0,0
3.98069974960929,401.0,0
3.980808980456081,401.0,0
3.9809182113028725,401.0,0
3.981027442149663,401.0,0
3.981136672996455,401.0,0
3.9812459038432455,401.0,0
3.981355134690037,401.0,0
3.981464365536828,401.0,0
3.981573596383619,401.0,0
3.9816828272304106,401.0,0
3.9817920580772013,400.0,0
3.981901288923993,400.0,0
3.9820105197707836,401.0,0
3.982119750617575,401.0,0
3.982228981464366,400.0,0
3.9823382123111566,400.0,0
3.982447443157948,401.0,0
3.982556674004739,400.0,0
3.9826659048515305,400.0,0
3.982775135698321,400.0,0
3.982884366545113,400.0,0
3.982993597391904,400.0,0
3.983102828238695,399.0,0
3.9832120590854863,400.0,0
3.983321289932277,399.0,0
3.9834305207790686,399.0,0
3.9835397516258593,399.0,0
3.983648982472651,399.0,0
3.9837582133194416,399.0,0
3.983867444166233,399.0,0
3.983976675013024,399.0,0
3.984085905859815,399.0,0
3.9841951367066066,399.0,0
3.9843043675533973,399.0,0
3.984413598400189,399.0,0
3.9845228292469796,399.0,0
3.9846320600937712,399.0,0
3.984741290940562,399.0,0
3.9848505217873527,399.0,0
3.9849597526341443,399.0,0
3.985068983480935,399.0,0
3.9851782143277266,399.0,0
3.9852874451745173,399.0,0
3.985396676021309,399.0,0
3.9855059068681,399.0,0
3.985615137714891,399.0,0
3.9857243685616823,399.0,0
3.985833599408473,399.0,0
3.9859428302552646,399.0,0
3.9860520611020553,399.0,0
3.986161291948847,399.0,0
3.9862705227956376,399.0,0
3.9863797536424292,400.0,0
3.98648898448922,399.0,0
3.986598215336011,399.0,0
3.9867074461828027,400.0,0
3.9868166770295934,400.0,0
3.986925907876385,400.0,0
3.9870351387231757,400.0,0
3.9871443695699673,400.0,0
3.987253600416758,400.0,0
3.9873628312635487,400.0,0
3.9874720621103403,400.0,0
3.987581292957131,400.0,0
3.9876905238039226,400.0,0
3.9877997546507133,400.0,0
3.987908985497505,401.0,0
3.988018216344296,400.0,0
3.9881274471910872,400.0,0
3.9882366780378784,401.0,0
3.988345908884669,401.0,0
3.9884551397314607,400.0,0
3.9885643705782514,400.0,0
3.988673601425043,401.0,0
3.9887828322718337,401.0,0
3.9888920631186253,401.0,0
3.989001293965416,401.0,0
3.989110524812207,401.0,0
3.989219755658999,401.0,0
3.9893289865057895,401.0,0
3.989438217352581,401.0,0
3.989547448199372,401.0,0
3.9896566790461634,401.0,0
3.989765909892954,401.0,0
3.989875140739745,402.0,0
3.9899843715865364,401.0,0
3.990093602433327,401.0,0
3.9902028332801187,402.0,0
3.9903120641269094,402.0,0
3.990421294973701,402.0,0
3.990530525820492,401.0,0
3.9906397566672833,402.0,0
3.9907489875140745,402.0,0
3.990858218360865,402.0,0
3.990967449207657,402.0,0
3.9910766800544475,403.0,0
3.991185910901239,402.0,0
3.99129514174803,402.0,0
3.9914043725948214,403.0,0
3.991513603441612,403.0,0
3.9916228342884033,403.0,0
3.991732065135195,403.0,0
3.9918412959819856,403.0,0
3.991950526828777,403.0,0
3.992059757675568,403.0,0
3.9921689885223595,403.0,0
3.99227821936915,403.0,0
3.9923874502159418,403.0,0
3.9924966810627325,403.0,0
3.992605911909523,403.0,0
3.992715142756315,403.0,0
3.9928243736031055,403.0,0
3.992933604449897,404.0,0
3.9930428352966882,404.0,0
3.9931520661434794,404.0,0
3.9932612969902705,404.0,0
3.9933705278370613,404.0,0
3.993479758683853,404.0,0
3.9935889895306436,404.0,0
3.993698220377435,406.0,0
3.993807451224226,406.0,0
3.9939166820710175,406.0,0
3.994025912917808,405.0,0
3.9941351437645993,406.0,0
3.994244374611391,406.0,0
3.9943536054581816,406.0,0
3.9944628363049732,406.0,0
3.994572067151764,406.0,0
3.9946812979985555,406.0,0
3.9947905288453462,406.0,0
3.994899759692138,406.0,0
3.9950089905389286,406.0,0
3.9951182213857193,406.0,0
3.995227452232511,406.0,0
3.9953366830793016,406.0,0
3.995445913926093,406.0,0
3.9955551447728843,406.0,0
3.9956643756196755,406.0,0
3.9957736064664666,406.0,0
3.9958828373132573,406.0,0
3.995992068160049,406.0,0
3.9961012990068396,406.0,0
3.9962105298536312,406.0,0
3.996319760700422,406.0,0
3.9964289915472135,406.0,0
3.9965382223940042,406.0,0
3.9966474532407954,406.0,0
3.996756684087587,406.0,0
3.9968659149343777,406.0,0
3.9969751457811693,406.0,0
3.99708437662796,406.0,0
3.9971936074747516,406.0,0
3.9973028383215423,406.0,0
3.997412069168334,406.0,0
3.9975213000151246,406.0,0
3.9976305308619153,406.0,0
3.997739761708707,406.0,0
3.9978489925554976,406.0,0
3.9979582234022892,406.0,0
3.9980674542490804,406.0,0
3.9981766850958715,406.0,0
3.9982859159426627,406.0,0
3.9983951467894534,406.0,0
3.998504377636245,406.0,0
3.9986136084830357,406.0,0
3.9987228393298273,406.0,0
3.998832070176618,406.0,0
3.9989413010234096,406.0,0
3.9990505318702003,406.0,0
3.9991597627169915,406.0,0
3.999268993563783,406.0,0
3.999378224410574,406.0,0
3.9994874552573654,406.0,0
3.999596686104156,406.0,0
3.9997059169509477,406.0,0
3.9998151477977384,406.0,0
3.99992437864453,406.0,0
4.000033609491321,406.0,0
4.000142840338111,406.0,0
4.000252071184903,406.0,0
4.000361302031694,406.0,0
4.000470532878485,407.0,0
4.000579763725276,406.0,0
4.000688994572068,407.0,0
4.000798225418858,406.0,0
4.000907456265649,407.0,0
4.001016687112441,407.0,0
4.001125917959232,407.0,0
4.001235148806023,407.0,0
4.0013443796528145,407.0,0
4.001453610499606,407.0,0
4.001562841346397,407.0,0
4.0016720721931875,407.0,0
4.001781303039979,407.0,0
4.00189053388677,407.0,0
4.0019997647335614,407.0,0
4.002108995580352,407.0,0
4.002218226427144,407.0,0
4.0023274572739345,407.0,0
4.002436688120726,407.0,0
4.002545918967517,407.0,0
4.0026551498143075,407.0,0
4.002764380661099,407.0,0
4.00287361150789,407.0,0
4.002982842354681,407.0,0
4.003092073201472,407.0,0
4.003201304048264,406.0,0
4.003310534895054,406.0,0
4.003419765741846,406.0,0
4.003528996588637,406.0,0
4.003638227435428,406.0,0
4.00374745828222,406.0,0
4.003856689129011,406.0,0
4.003965919975802,406.0,0
4.004075150822593,406.0,0
4.004184381669384,406.0,0
4.004293612516175,406.0,0
4.004402843362966,406.0,0
4.0045120742097575,406.0,0
4.004621305056548,406.0,0
4.00473053590334,405.0,0
4.0048397667501305,406.0,0
4.004948997596922,405.0,0
4.005058228443713,405.0,0
4.0051674592905036,404.0,0
4.005276690137295,404.0,0
4.005385920984086,404.0,0
4.0054951518308775,404.0,0
4.005604382677668,404.0,0
4.00571361352446,404.0,0
4.0058228443712505,403.0,0
4.005932075218041,403.0,0
4.006041306064833,403.0,0
4.006150536911624,403.0,0
4.006259767758415,403.0,0
4.006368998605207,403.0,0
4.006478229451998,403.0,0
4.006587460298789,403.0,0
4.006696691145581,403.0,0
4.006805921992371,403.0,0
4.006915152839162,403.0,0
4.007024383685954,403.0,0
4.007133614532744,403.0,0
4.007242845379536,403.0,0
4.007352076226327,402.0,0
4.007461307073118,402.0,0
4.007570537919909,402.0,0
4.0076797687667,402.0,0
4.007788999613491,402.0,0
4.007898230460282,402.0,0
4.0080074613070735,402.0,0
4.008116692153864,402.0,0
4.008225923000656,401.0,0
4.0083351538474465,402.0,0
4.008444384694238,402.0,0
4.008553615541029,402.0,0
4.0086628463878204,402.0,0
4.008772077234612,402.0,0
4.008881308081403,402.0,0
4.008990538928194,402.0,0
4.009099769774985,402.0,0
4.009209000621777,403.0,0
4.009318231468567,403.0,0
4.009427462315358,403.0,0
4.00953669316215,403.0,0
4.00964592400894,403.0,0
4.009755154855732,403.0,0
4.009864385702523,403.0,0
4.009973616549314,403.0,0
4.010082847396105,403.0,0
4.010192078242896,403.0,0
4.010301309089687,403.0,0
4.010410539936478,403.0,0
4.01051977078327,403.0,0
4.01062900163006,403.0,0
4.010738232476852,403.0,0
4.010847463323643,403.0,0
4.010956694170433,403.0,0
4.011065925017225,403.0,0
4.0111751558640165,403.0,0
4.011284386710807,403.0,0
4.011393617557599,404.0,0
4.01150284840439,403.0,0
4.011612079251181,404.0,0
4.011721310097973,404.0,0
4.011830540944763,404.0,0
4.011939771791554,404.0,0
4.012049002638346,404.0,0
4.0121582334851364,404.0,0
4.012267464331928,404.0,0
4.012376695178719,404.0,0
4.01248592602551,404.0,0
4.012595156872301,404.0,0
4.012704387719092,404.0,0
4.012813618565883,404.0,0
4.012922849412674,404.0,0
4.013032080259466,404.0,0
4.013141311106256,405.0,0
4.013250541953048,404.0,0
4.013359772799839,405.0,0
4.01346900364663,404.0,0
4.013578234493421,405.0,0
4.013687465340213,405.0,0
4.013796696187004,405.0,0
4.013905927033795,405.0,0
4.0140151578805865,406.0,0
4.014124388727377,405.0,0
4.014233619574169,406.0,0
4.0143428504209595,406.0,0
4.01445208126775,406.0,0
4.014561312114542,405.0,0
4.0146705429613325,406.0,0
4.014779773808124,406.0,0
4.014889004654915,406.0,0
4.014998235501706,405.0,0
4.015107466348497,406.0,0
4.015216697195288,406.0,0
4.015325928042079,406.0,0
4.01543515888887,405.0,0
4.015544389735662,406.0,0
4.0156536205824525,405.0,0
4.015762851429244,405.0,0
4.015872082276035,404.0,0
4.0159813131228255,405.0,0
4.016090543969617,404.0,0
4.016199774816409,404.0,0
4.016309005663199,404.0,0
4.016418236509991,404.0,0
4.016527467356783,403.0,0
4.016636698203573,403.0,0
4.016745929050365,403.0,0
4.016855159897156,403.0,0
4.016964390743946,403.0,0
4.017073621590738,403.0,0
4.017182852437529,403.0,0
4.01729208328432,403.0,0
4.017401314131111,403.0,0
4.0175105449779025,403.0,0
4.017619775824693,403.0,0
4.017729006671484,403.0,0
4.0178382375182755,403.0,0
4.017947468365066,403.0,0
4.018056699211858,403.0,0
4.0181659300586485,403.0,0
4.01827516090544,403.0,0
4.018384391752231,403.0,0
4.018493622599022,403.0,0
4.018602853445813,403.0,0
4.018712084292605,403.0,0
4.018821315139396,403.0,0
4.018930545986187,403.0,0
4.019039776832979,403.0,0
4.019149007679769,403.0,0
4.019258238526561,403.0,0
4.019367469373352,403.0,0
4.019476700220142,403.0,0
4.019585931066934,403.0,0
4.019695161913725,403.0,0
4.019804392760516,403.0,0
4.019913623607307,403.0,0
4.020022854454099,403.0,0
4.020132085300889,402.0,0
4.02024131614768,402.0,0
4.020350546994472,403.0,0
4.020459777841262,401.0,0
4.020569008688054,401.0,0
4.020678239534845,401.0,0
4.020787470381636,401.0,0
4.020896701228427,401.0,0
4.0210059320752185,401.0,0
4.021115162922009,400.0,0
4.021224393768801,400.0,0
4.0213336246155915,400.0,0
4.021442855462383,401.0,0
4.021552086309175,400.0,0
4.021661317155965,400.0,0
4.021770548002757,400.0,0
4.021879778849548,400.0,0
4.021989009696338,400.0,0
4.02209824054313,399.0,0
4.022207471389921,400.0,0
4.022316702236712,400.0,0
4.022425933083503,399.0,0
4.022535163930295,399.0,0
4.022644394777085,400.0,0
4.022753625623876,400.0,0
4.022862856470668,399.0,0
4.022972087317458,400.0,0
4.02308131816425,400.0,0
4.023190549011041,399.0,0
4.023299779857832,399.0,0
4.023409010704623,400.0,0
4.023518241551415,399.0,0
4.023627472398205,399.0,0
4.023736703244997,399.0,0
4.0238459340917885,400.0,0
4.023955164938579,399.0,0
4.024064395785371,399.0,0
4.0241736266321615,399.0,0
4.024282857478953,399.0,0
4.024392088325744,399.0,0
4.0245013191725345,399.0,0
4.024610550019326,399.0,0
4.024719780866117,399.0,0
4.024829011712908,399.0,0
4.024938242559699,399.0,0
4.025047473406491,399.0,0
4.025156704253281,399.0,0
4.025265935100072,399.0,0
4.025375165946864,399.0,0
4.025484396793654,399.0,0
4.025593627640446,399.0,0
4.025702858487237,399.0,0
4.025812089334028,399.0,0
4.025921320180819,399.0,0
4.026030551027611,399.0,0
4.026139781874401,399.0,0
4.026249012721193,399.0,0
4.026358243567984,399.0,0
4.026467474414775,399.0,0
4.026576705261567,399.0,0
4.026685936108358,399.0,0
4.026795166955149,399.0,0
4.02690439780194,400.0,0
4.027013628648731,400.0,0
4.027122859495522,399.0,0
4.027232090342313,399.0,0
4.0273413211891045,400.0,0
4.027450552035895,400.0,0
4.027559782882687,400.0,0
4.0276690137294775,400.0,0
4.027778244576268,400.0,0
4.02788747542306,400.0,0
4.0279967062698505,400.0,0
4.028105937116642,400.0,0
4.028215167963433,400.0,0
4.028324398810224,400.0,0
4.028433629657015,400.0,0
4.028542860503807,400.0,0
4.028652091350597,400.0,0
4.028761322197389,400.0,0
4.028870553044181,400.0,0
4.028979783890971,400.0,0
4.029089014737763,400.0,0
4.029198245584554,400.0,0
4.029307476431345,400.0,0
4.029416707278136,400.0,0
4.029525938124927,400.0,0
4.029635168971718,400.0,0
4.029744399818509,400.0,0
4.029853630665301,399.0,0
4.029962861512091,399.0,0
4.030072092358883,399.0,0
4.030181323205674,399.0,0
4.030290554052464,399.0,0
4.030399784899256,399.0,0
4.030509015746047,399.0,0
4.030618246592838,399.0,0
4.030727477439629,399.0,0
4.0308367082864205,399.0,0
4.030945939133211,399.0,0
4.031055169980003,398.0,0
4.0311644008267935,399.0,0
4.031273631673585,399.0,0
4.031382862520376,398.0,0
4.031492093367167,398.0,0
4.031601324213959,399.0,0
4.03171055506075,399.0,0
4.031819785907541,398.0,0
4.031929016754332,398.0,0
4.032038247601123,399.0,0
4.032147478447914,399.0,0
4.032256709294705,398.0,0
4.032365940141497,399.0,0
4.032475170988287,399.0,0
4.032584401835079,399.0,0
4.03269363268187,399.0,0
4.03280286352866,399.0,0
4.032912094375452,399.0,0
4.033021325222243,399.0,0
4.033130556069034,399.0,0
4.033239786915825,400.0,0
4.033349017762617,399.0,0
4.033458248609407,399.0,0
4.033567479456199,399.0,0
4.03367671030299,400.0,0
4.033785941149781,399.0,0
4.033895171996573,399.0,0
4.0340044028433635,399.0,0
4.034113633690155,400.0,0
4.034222864536946,399.0,0
4.034332095383737,399.0,0
4.034441326230528,400.0,0
4.034550557077319,400.0,0
4.03465978792411,399.0,0
4.034769018770901,400.0,0
4.034878249617693,400.0,0
4.034987480464483,400.0,0
4.035096711311275,399.0,0
4.035205942158066,400.0,0
4.035315173004856,400.0,0
4.035424403851648,399.0,0
4.035533634698439,399.0,0
4.03564286554523,400.0,0
4.035752096392021,400.0,0
4.035861327238813,399.0,0
4.035970558085603,399.0,0
4.036079788932395,400.0,0
4.036189019779186,400.0,0
4.036298250625977,399.0,0
4.036407481472768,400.0,0
4.0365167123195596,400.0,0
4.036625943166351,400.0,0
4.036735174013142,400.0,0
4.0368444048599335,400.0,0
4.036953635706724,400.0,0
4.037062866553515,400.0,0
4.0371720974003065,401.0,0
4.037281328247097,401.0,0
4.037390559093889,401.0,0
4.0374997899406795,401.0,0
4.037609020787471,401.0,0
4.037718251634262,401.0,0
4.037827482481053,401.0,0
4.037936713327844,401.0,0
4.038045944174635,402.0,0
4.038155175021426,401.0,0
4.038264405868217,401.0,0
4.038373636715009,401.0,0
4.038482867561799,402.0,0
4.038592098408591,401.0,0
4.038701329255382,401.0,0
4.038810560102173,402.0,0
4.038919790948965,402.0,0
4.039029021795756,401.0,0
4.039138252642547,402.0,0
4.039247483489338,402.0,0
4.0393567143361295,402.0,0
4.03946594518292,402.0,0
4.039575176029711,403.0,0
4.0396844068765025,403.0,0
4.039793637723293,402.0,0
4.039902868570085,402.0,0
4.040012099416876,403.0,0
4.040121330263667,403.0,0
4.040230561110458,402.0,0
4.0403397919572495,402.0,0
4.04044902280404,403.0,0
4.040558253650831,403.0,0
4.0406674844976225,403.0,0
4.040776715344413,403.0,0
4.040885946191205,403.0,0
4.0409951770379955,403.0,0
4.041104407884787,403.0,0
4.041213638731578,403.0,0
4.041322869578369,403.0,0
4.04143210042516,403.0,0
4.041541331271952,403.0,0
4.041650562118743,403.0,0
4.041759792965534,403.0,0
4.041869023812326,403.0,0
4.041978254659116,403.0,0
4.042087485505907,403.0,0
4.042196716352699,402.0,0
4.042305947199489,402.0,0
4.042415178046281,403.0,0
4.042524408893072,402.0,0
4.042633639739863,401.0,0
4.042742870586654,401.0,0
4.0428521014334455,401.0,0
4.042961332280236,401.0,0
4.043070563127027,400.0,0
4.0431797939738185,400.0,0
4.043289024820609,400.0,0
4.043398255667401,400.0,0
4.043507486514192,400.0,0
4.043616717360983,400.0,0
4.043725948207774,399.0,0
4.0438351790545655,399.0,0
4.043944409901357,399.0,0
4.044053640748148,399.0,0
4.044162871594939,399.0,0
4.04427210244173,399.0,0
4.044381333288522,399.0,0
4.044490564135312,399.0,0
4.044599794982103,399.0,0
4.044709025828895,399.0,0
4.044818256675685,400.0,0
4.044927487522477,399.0,0
4.045036718369268,399.0,0
4.045145949216059,399.0,0
4.04525518006285,400.0,0
4.045364410909642,399.0,0
4.045473641756432,400.0,0
4.045582872603223,400.0,0
4.045692103450015,400.0,0
4.045801334296805,400.0,0
4.045910565143597,400.0,0
4.046019795990388,401.0,0
4.046129026837179,400.0,0
4.04623825768397,400.0,0
4.0463474885307615,401.0,0
4.046456719377552,401.0,0
4.046565950224344,400.0,0
4.046675181071135,400.0,0
4.046784411917926,401.0,0
4.046893642764718,401.0,0
4.0470028736115085,401.0,0
4.047112104458299,401.0,0
4.047221335305091,401.0,0
4.0473305661518815,400.0,0
4.047439796998673,400.0,0
4.047549027845464,400.0,0
4.047658258692255,400.0,0
4.047767489539046,400.0,0
4.047876720385838,400.0,0
4.047985951232628,400.0,0
4.048095182079419,399.0,0
4.048204412926211,399.0,0
4.048313643773001,399.0,0
4.048422874619793,399.0,0
4.048532105466584,399.0,0
4.048641336313375,399.0,0
4.048750567160166,399.0,0
4.048859798006958,399.0,0
4.048969028853749,399.0,0
4.04907825970054,399.0,0
4.0491874905473315,399.0,0
4.049296721394122,399.0,0
4.049405952240914,399.0,0
4.0495151830877045,399.0,0
4.049624413934495,399.0,0
4.049733644781287,398.0,0
4.0498428756280775,399.0,0
4.049952106474869,399.0,0
4.05006133732166,399.0,0
4.0501705681684514,398.0,0
4.050279799015242,399.0,0
4.050389029862034,399.0,0
4.0504982607088245,399.0,0
4.050607491555615,399.0,0
4.050716722402407,399.0,0
4.0508259532491975,399.0,0
4.050935184095989,399.0,0
4.05104441494278,399.0,0
4.051153645789571,400.0,0
4.051262876636362,400.0,0
4.051372107483154,400.0,0
4.051481338329944,400.0,0
4.051590569176736,401.0,0
4.051699800023528,400.0,0
4.051809030870318,401.0,0
4.05191826171711,401.0,0
4.052027492563901,401.0,0
4.052136723410692,401.0,0
4.052245954257483,401.0,0
4.052355185104274,401.0,0
4.052464415951065,401.0,0
4.052573646797856,401.0,0
4.0526828776446475,401.0,0
4.052792108491438,401.0,0
4.05290133933823,401.0,0
4.0530105701850205,401.0,0
4.053119801031811,401.0,0
4.053229031878603,401.0,0
4.0533382627253935,401.0,0
4.053447493572185,401.0,0
4.053556724418976,401.0,0
4.0536659552657675,401.0,0
4.053775186112558,401.0,0
4.05388441695935,400.0,0
4.053993647806141,400.0,0
4.054102878652932,401.0,0
4.054212109499724,401.0,0
4.054321340346514,400.0,0
4.054430571193306,400.0,0
4.054539802040097,400.0,0
4.054649032886888,400.0,0
4.054758263733679,400.0,0
4.05486749458047,400.0,0
4.054976725427261,401.0,0
4.055085956274052,400.0,0
4.055195187120844,400.0,0
4.055304417967634,400.0,0
4.055413648814426,400.0,0
4.055522879661217,400.0,0
4.055632110508007,400.0,0
4.055741341354799,400.0,0
4.05585057220159,400.0,0
4.055959803048381,400.0,0
4.056069033895172,400.0,0
4.0561782647419635,400.0,0
4.056287495588754,400.0,0
4.056396726435546,400.0,0
4.0565059572823365,400.0,0
4.056615188129128,400.0,0
4.05672441897592,400.0,0
4.05683364982271,400.0,0
4.056942880669502,400.0,0
4.057052111516293,400.0,0
4.057161342363084,400.0,0
4.057270573209875,401.0,0
4.057379804056666,401.0,0
4.057489034903457,400.0,0
4.057598265750248,400.0,0
4.05770749659704,400.0,0
4.05781672744383,400.0,0
4.057925958290622,399.0,0
4.058035189137413,399.0,0
4.058144419984203,400.0,0
4.058253650830995,399.0,0
4.058362881677786,399.0,0
4.058472112524577,399.0,0
4.058581343371368,399.0,0
4.05869057421816,399.0,0
4.05879980506495,399.0,0
4.058909035911742,399.0,0
4.0590182667585335,399.0,0
4.059127497605324,398.0,0
4.059236728452116,399.0,0
4.0593459592989065,399.0,0
4.059455190145698,399.0,0
4.059564420992489,399.0,0
4.05967365183928,399.0,0
4.059782882686071,399.0,0
4.059892113532862,399.0,0
4.060001344379653,399.0,0
4.060110575226444,399.0,0
4.060219806073236,399.0,0
4.0603290369200264,399.0,0
4.060438267766818,399.0,0
4.060547498613609,399.0,0
4.0606567294603995,399.0,0
4.060765960307191,400.0,0
4.060875191153982,400.0,0
4.060984422000773,400.0,0
4.061093652847564,400.0,0
4.061202883694356,401.0,0
4.061312114541146,400.0,0
4.061421345387938,401.0,0
4.061530576234729,401.0,0
4.06163980708152,401.0,0
4.061749037928312,401.0,0
4.061858268775103,401.0,0
4.061967499621894,401.0,0
4.062076730468685,401.0,0
4.0621859613154765,402.0,0
4.062295192162267,402.0,0
4.062404423009058,402.0,0
4.0625136538558495,402.0,0
4.06262288470264,402.0,0
4.062732115549432,403.0,0
4.0628413463962225,403.0,0
4.062950577243014,403.0,0
4.063059808089805,403.0,0
4.0631690389365955,403.0,0
4.063278269783387,403.0,0
4.063387500630178,403.0,0
4.063496731476969,403.0,0
4.06360596232376,403.0,0
4.063715193170552,403.0,0
4.0638244240173425,403.0,0
4.063933654864134,403.0,0
4.064042885710926,403.0,0
4.064152116557716,403.0,0
4.064261347404508,403.0,0
4.064370578251299,403.0,0
4.06447980909809,403.0,0
4.064589039944881,403.0,0
4.064698270791673,403.0,0
4.064807501638463,403.0,0
4.064916732485254,403.0,0
4.065025963332046,403.0,0
4.065135194178836,403.0,0
4.065244425025628,402.0,0
4.065353655872419,402.0,0
4.06546288671921,402.0,0
4.065572117566001,402.0,0
4.065681348412792,401.0,0
4.065790579259583,402.0,0
4.065899810106374,402.0,0
4.0660090409531655,401.0,0
4.066118271799956,401.0,0
4.066227502646748,401.0,0
4.0663367334935385,401.0,0
4.06644596434033,401.0,0
4.066555195187121,401.0,0
4.066664426033912,401.0,0
4.066773656880704,401.0,0
4.066882887727495,401.0,0
4.066992118574286,401.0,0
4.067101349421077,401.0,0
4.067210580267869,401.0,0
4.067319811114659,401.0,0
4.06742904196145,402.0,0
4.067538272808242,401.0,0
4.067647503655032,401.0,0
4.067756734501824,402.0,0
4.067865965348615,402.0,0
4.067975196195406,401.0,0
4.068084427042197,401.0,0
4.068193657888988,402.0,0
4.068302888735779,401.0,0
4.06841211958257,401.0,0
4.068521350429362,401.0,0
4.068630581276152,401.0,0
4.068739812122944,401.0,0
4.068849042969735,401.0,0
4.068958273816526,401.0,0
4.069067504663318,401.0,0
4.0691767355101085,400.0,0
4.0692859663569,400.0,0
4.069395197203691,400.0,0
4.069504428050482,400.0,0
4.069613658897273,400.0,0
4.069722889744065,400.0,0
4.069832120590855,399.0,0
4.069941351437646,399.0,0
4.070050582284438,399.0,0
4.070159813131228,399.0,0
4.07026904397802,399.0,0
4.070378274824811,399.0,0
4.070487505671602,399.0,0
4.070596736518393,399.0,0
4.070705967365184,399.0,0
4.070815198211975,399.0,0
4.070924429058766,399.0,0
4.071033659905558,399.0,0
4.071142890752348,398.0,0
4.07125212159914,399.0,0
4.071361352445931,399.0,0
4.071470583292722,399.0,0
4.071579814139513,399.0,0
4.071689044986305,399.0,0
4.071798275833096,399.0,0
4.071907506679887,399.0,0
4.0720167375266785,399.0,0
4.072125968373469,399.0,0
4.072235199220261,399.0,0
4.0723444300670515,399.0,0
4.072453660913842,399.0,0
4.072562891760634,399.0,0
4.0726721226074245,399.0,0
4.072781353454216,399.0,0
4.072890584301007,399.0,0
4.072999815147798,399.0,0
4.073109045994589,400.0,0
4.07321827684138,400.0,0
4.073327507688171,400.0,0
4.073436738534962,400.0,0
4.073545969381754,400.0,0
4.073655200228544,400.0,0
4.073764431075336,400.0,0
4.073873661922127,400.0,0
4.073982892768918,400.0,0
4.07409212361571,400.0,0
4.074201354462501,400.0,0
4.074310585309292,400.0,0
4.074419816156083,400.0,0
4.0745290470028745,400.0,0
4.074638277849665,400.0,0
4.074747508696457,400.0,0
4.074856739543248,400.0,0
4.074965970390038,400.0,0
4.07507520123683,400.0,0
4.075184432083621,401.0,0
4.075293662930412,400.0,0
4.075402893777203,401.0,0
4.0755121246239945,400.0,0
4.075621355470785,400.0,0
4.075730586317576,400.0,0
4.0758398171643675,401.0,0
4.075949048011158,401.0,0
4.07605827885795,401.0,0
4.0761675097047405,400.0,0
4.076276740551532,401.0,0
4.076385971398323,400.0,0
4.076495202245114,400.0,0
4.076604433091905,400.0,0
4.076713663938697,400.0,0
4.076822894785488,400.0,0
4.076932125632279,400.0,0
4.077041356479071,400.0,0
4.077150587325861,400.0,0
4.077259818172653,399.0,0
4.077369049019444,399.0,0
4.077478279866234,399.0,0
4.077587510713026,399.0,0
4.077696741559817,399.0,0
4.077805972406608,399.0,0
4.077915203253399,399.0,0
4.0780244341001906,399.0,0
4.078133664946981,398.0,0
4.078242895793772,399.0,0
4.078352126640564,398.0,0
4.078461357487354,399.0,0
4.078570588334146,398.0,0
4.078679819180937,398.0,0
4.078789050027728,398.0,0
4.078898280874519,398.0,0
4.0790075117213105,398.0,0
4.079116742568102,398.0,0
4.079225973414893,398.0,0
4.079335204261684,398.0,0
4.079444435108475,398.0,0
4.079553665955267,398.0,0
4.079662896802057,398.0,0
4.079772127648849,398.0,0
4.07988135849564,398.0,0
4.07999058934243,398.0,0
4.080099820189222,398.0,0
4.080209051036013,399.0,0
4.080318281882804,398.0,0
4.080427512729595,399.0,0
4.080536743576387,399.0,0
4.080645974423177,399.0,0
4.080755205269968,399.0,0
4.08086443611676,399.0,0
4.08097366696355,399.0,0
4.081082897810342,399.0,0
4.081192128657133,399.0,0
4.081301359503924,399.0,0
4.081410590350715,399.0,0
4.081519821197507,399.0,0
4.081629052044297,399.0,0
4.081738282891089,399.0,0
4.0818475137378805,399.0,0
4.081956744584671,399.0,0
4.082065975431463,399.0,0
4.0821752062782535,400.0,0
4.082284437125045,399.0,0
4.082393667971836,399.0,0
4.0825028988186265,400.0,0
4.082612129665418,400.0,0
4.082721360512209,399.0,0
4.082830591359,399.0,0
4.082939822205791,400.0,0
4.083049053052583,400.0,0
4.083158283899373,399.0,0
4.083267514746165,400.0,0
4.083376745592956,400.0,0
4.083485976439746,400.0,0
4.083595207286538,400.0,0
4.083704438133329,401.0,0
4.08381366898012,400.0,0
4.083922899826911,400.0,0
4.084032130673703,401.0,0
4.084141361520494,401.0,0
4.084250592367285,401.0,0
4.0843598232140765,401.0,0
4.084469054060867,402.0,0
4.084578284907659,402.0,0
4.0846875157544495,402.0,0
4.084796746601241,403.0,0
4.084905977448032,403.0,0
4.085015208294823,403.0,0
4.085124439141614,403.0,0
4.085233669988405,404.0,0
4.0853429008351965,403.0,0
4.085452131681987,403.0,0
4.085561362528779,404.0,0
4.0856705933755695,404.0,0
4.085779824222361,404.0,0
4.085889055069152,404.0,0
4.0859982859159425,404.0,0
4.086107516762734,405.0,0
4.086216747609525,404.0,0
4.086325978456316,405.0,0
4.086435209303107,406.0,0
4.086544440149899,406.0,0
4.086653670996689,405.0,0
4.086762901843481,406.0,0
4.086872132690273,406.0,0
4.086981363537063,405.0,0
4.087090594383855,406.0,0
4.087199825230646,406.0,0
4.087309056077437,406.0,0
4.087418286924228,406.0,0
4.087527517771019,406.0,0
4.08763674861781,406.0,0
4.087745979464601,406.0,0
4.0878552103113925,406.0,0
4.087964441158183,406.0,0
4.088073672004975,407.0,0
4.0881829028517656,406.0,0
4.088292133698557,406.0,0
4.088401364545348,407.0,0
4.088510595392139,408.0,0
4.08861982623893,407.0,0
4.088729057085721,407.0,0
4.0888382879325125,408.0,0
4.088947518779303,408.0,0
4.089056749626095,408.0,0
4.089165980472886,408.0,0
4.089275211319677,408.0,0
4.089384442166469,408.0,0
4.089493673013259,408.0,0
4.089602903860051,408.0,0
4.089712134706842,409.0,0
4.089821365553633,408.0,0
4.089930596400424,408.0,0
4.090039827247215,409.0,0
4.090149058094006,409.0,0
4.090258288940797,409.0,0
4.090367519787589,409.0,0
4.090476750634379,409.0,0
4.090585981481171,409.0,0
4.090695212327962,409.0,0
4.090804443174753,409.0,0
4.090913674021544,409.0,0
4.091022904868335,409.0,0
4.091132135715126,409.0,0
4.091241366561917,409.0,0
4.0913505974087085,409.0,0
4.091459828255499,409.0,0
4.091569059102291,409.0,0
4.091678289949082,409.0,0
4.091787520795873,408.0,0
4.091896751642665,408.0,0
4.0920059824894555,409.0,0
4.092115213336247,408.0,0
4.092224444183038,408.0,0
4.092333675029829,408.0,0
4.09244290587662,408.0,0
4.092552136723411,408.0,0
4.092661367570202,408.0,0
4.092770598416993,408.0,0
4.092879829263785,408.0,0
4.092989060110575,408.0,0
4.093098290957367,408.0,0
4.093207521804158,408.0,0
4.093316752650949,407.0,0
4.09342598349774,406.0,0
4.093535214344531,407.0,0
4.093644445191322,407.0,0
4.093753676038113,406.0,0
4.093862906884905,406.0,0
4.093972137731695,406.0,0
4.094081368578487,406.0,0
4.0941905994252785,406.0,0
4.094299830272069,406.0,0
4.094409061118861,406.0,0
4.0945182919656515,406.0,0
4.094627522812443,406.0,0
4.094736753659234,406.0,0
4.094845984506025,406.0,0
4.094955215352816,406.0,0
4.095064446199607,406.0,0
4.0951736770463985,406.0,0
4.095282907893189,406.0,0
4.095392138739981,406.0,0
4.0955013695867715,407.0,0
4.095610600433563,407.0,0
4.095719831280354,407.0,0
4.095829062127145,407.0,0
4.095938292973936,408.0,0
4.096047523820727,408.0,0
4.096156754667518,408.0,0
4.096265985514309,408.0,0
4.096375216361101,408.0,0
4.096484447207891,408.0,0
4.096593678054683,408.0,0
4.096702908901474,408.0,0
4.096812139748265,408.0,0
4.096921370595057,408.0,0
4.097030601441848,408.0,0
4.097139832288639,408.0,0
4.09724906313543,408.0,0
4.0973582939822215,408.0,0
4.097467524829012,408.0,0
4.097576755675803,408.0,0
4.0976859865225945,408.0,0
4.097795217369385,408.0,0
4.097904448216177,408.0,0
4.0980136790629675,408.0,0
4.098122909909759,408.0,0
4.09823214075655,408.0,0
4.098341371603341,408.0,0
4.098450602450132,408.0,0
4.098559833296923,408.0,0
4.0986690641437145,408.0,0
4.098778294990505,408.0,0
4.098887525837297,408.0,0
4.0989967566840875,408.0,0
4.099105987530879,408.0,0
4.099215218377671,408.0,0
4.099324449224461,408.0,0
4.099433680071253,408.0,0
4.099542910918044,408.0,0
4.099652141764835,408.0,0
4.099761372611626,408.0,0
4.099870603458418,408.0,0
4.099979834305208,408.0,0
4.100089065152,408.0,0
4.100198295998791,408.0,0
4.100307526845581,408.0,0
4.100416757692373,408.0,0
4.100525988539164,408.0,0
4.100635219385955,408.0,0
4.100744450232746,408.0,0
4.1008536810795375,408.0,0
4.100962911926328,408.0,0
4.101072142773119,408.0,0
4.1011813736199105,408.0,0
4.101290604466701,408.0,0
4.101399835313493,408.0,0
4.1015090661602835,408.0,0
4.101618297007075,408.0,0
4.101727527853866,408.0,0
4.1018367587006574,408.0,0
4.101945989547449,408.0,0
4.10205522039424,408.0,0
4.102164451241031,408.0,0
4.102273682087822,408.0,0
4.102382912934614,408.0,0
4.102492143781404,408.0,0
4.102601374628196,408.0,0
4.102710605474987,409.0,0
4.102819836321777,408.0,0
4.102929067168569,409.0,0
4.10303829801536,409.0,0
4.103147528862151,409.0,0
4.103256759708942,409.0,0
4.103365990555734,409.0,0
4.103475221402524,409.0,0
4.103584452249315,409.0,0
4.103693683096107,409.0,0
4.103802913942897,409.0,0
4.103912144789689,409.0,0
4.10402137563648,409.0,0
4.104130606483271,409.0,0
4.104239837330063,409.0,0
4.1043490681768535,409.0,0
4.104458299023645,409.0,0
4.104567529870436,409.0,0
4.104676760717227,409.0,0
4.104785991564018,409.0,0
4.10489522241081,409.0,0
4.1050044532576,409.0,0
4.105113684104392,409.0,0
4.105222914951183,409.0,0
4.1053321457979735,409.0,0
4.105441376644765,409.0,0
4.105550607491556,409.0,0
4.105659838338347,409.0,0
4.105769069185138,409.0,0
4.10587830003193,409.0,0
4.10598753087872,409.0,0
4.106096761725511,410.0,0
4.106205992572303,410.0,0
4.106315223419093,409.0,0
4.106424454265885,411.0,0
4.106533685112676,411.0,0
4.106642915959467,411.0,0
4.106752146806258,411.0,0
4.10686137765305,411.0,0
4.106970608499841,411.0,0
4.107079839346632,411.0,0
4.1071890701934235,411.0,0
4.107298301040214,411.0,0
4.107407531887006,411.0,0
4.1075167627337965,411.0,0
4.107625993580588,411.0,0
4.107735224427379,411.0,0
4.1078444552741695,411.0,0
4.107953686120961,412.0,0
4.108062916967752,411.0,0
4.108172147814543,411.0,0
4.108281378661334,411.0,0
4.108390609508126,412.0,0
4.108499840354916,411.0,0
4.108609071201707,411.0,0
4.108718302048499,411.0,0
4.1088275328952895,412.0,0
4.108936763742081,411.0,0
4.109045994588872,412.0,0
4.109155225435663,412.0,0
4.109264456282455,411.0,0
4.109373687129246,411.0,0
4.109482917976037,412.0,0
4.109592148822828,412.0,0
4.10970137966962,411.0,0
4.10981061051641,412.0,0
4.109919841363202,412.0,0
4.110029072209993,411.0,0
4.110138303056784,411.0,0
4.110247533903575,412.0,0
4.110356764750366,412.0,0
4.110465995597157,411.0,0
4.110575226443948,412.0,0
4.1106844572907395,412.0,0
4.11079368813753,412.0,0
4.110902918984322,412.0,0
4.1110121498311125,412.0,0
4.111121380677903,412.0,0
4.111230611524695,412.0,0
4.1113398423714855,412.0,0
4.111449073218277,412.0,0
4.111558304065068,412.0,0
4.111667534911859,412.0,0
4.11177676575865,412.0,0
4.111885996605442,412.0,0
4.111995227452233,412.0,0
4.112104458299024,412.0,0
4.112213689145816,412.0,0
4.112322919992606,412.0,0
4.112432150839398,412.0,0
4.112541381686189,412.0,0
4.11265061253298,412.0,0
4.112759843379771,412.0,0
4.112869074226562,412.0,0
4.112978305073353,412.0,0
4.113087535920144,412.0,0
4.113196766766936,412.0,0
4.113305997613726,412.0,0
4.113415228460518,412.0,0
4.113524459307309,412.0,0
4.113633690154099,412.0,0
4.113742921000891,412.0,0
4.113852151847682,412.0,0
4.113961382694473,412.0,0
4.114070613541264,412.0,0
4.1141798443880555,413.0,0
4.114289075234847,412.0,0
4.114398306081638,412.0,0
4.114507536928429,413.0,0
4.11461676777522,412.0,0
4.114725998622012,412.0,0
4.114835229468802,412.0,0
4.114944460315594,413.0,0
4.115053691162385,412.0,0
4.115162922009176,412.0,0
4.115272152855967,412.0,0
4.115381383702758,412.0,0
4.115490614549549,412.0,0
4.11559984539634,412.0,0
4.115709076243132,412.0,0
4.115818307089922,412.0,0
4.115927537936714,412.0,0
4.116036768783505,412.0,0
4.116145999630295,412.0,0
4.116255230477087,412.0,0
4.116364461323878,412.0,0
4.116473692170669,412.0,0
4.11658292301746,412.0,0
4.116692153864252,412.0,0
4.116801384711042,412.0,0
4.116910615557834,412.0,0
4.1170198464046255,412.0,0
4.117129077251416,412.0,0
4.117238308098208,412.0,0
4.1173475389449985,412.0,0
4.11745676979179,411.0,0
4.117566000638581,412.0,0
4.117675231485372,412.0,0
4.117784462332163,411.0,0
4.117893693178954,411.0,0
4.118002924025745,412.0,0
4.118112154872536,412.0,0
4.118221385719328,411.0,0
4.118330616566118,411.0,0
4.11843984741291,412.0,0
4.118549078259701,412.0,0
4.1186583091064914,411.0,0
4.118767539953283,411.0,0
4.118876770800074,412.0,0
4.118986001646865,411.0,0
4.119095232493656,411.0,0
4.119204463340448,412.0,0
4.119313694187239,412.0,0
4.11942292503403,411.0,0
4.1195321558808216,411.0,0
4.119641386727612,412.0,0
4.119750617574404,412.0,0
4.119859848421195,411.0,0
4.119969079267986,412.0,0
4.120078310114777,412.0,0
4.1201875409615685,411.0,0
4.120296771808359,411.0,0
4.12040600265515,411.0,0
4.1205152335019415,411.0,0
4.120624464348732,410.0,0
4.120733695195524,410.0,0
4.1208429260423145,411.0,0
4.120952156889106,410.0,0
4.121061387735897,409.0,0
4.1211706185826875,409.0,0
4.121279849429479,410.0,0
4.12138908027627,409.0,0
4.121498311123061,409.0,0
4.121607541969852,409.0,0
4.121716772816644,409.0,0
4.121826003663434,408.0,0
4.121935234510226,408.0,0
4.122044465357018,409.0,0
4.122153696203808,408.0,0
4.1222629270506,408.0,0
4.122372157897391,408.0,0
4.122481388744182,408.0,0
4.122590619590973,408.0,0
4.1226998504377645,408.0,0
4.122809081284555,408.0,0
4.122918312131346,408.0,0
4.123027542978138,408.0,0
4.123136773824928,408.0,0
4.12324600467172,408.0,0
4.123355235518511,408.0,0
4.123464466365302,408.0,0
4.123573697212093,408.0,0
4.123682928058884,408.0,0
4.123792158905675,408.0,0
4.123901389752466,408.0,0
4.1240106205992575,408.0,0
4.124119851446048,408.0,0
4.12422908229284,407.0,0
4.124338313139631,408.0,0
4.124447543986422,407.0,0
4.124556774833214,407.0,0
4.124666005680004,407.0,0
4.124775236526796,407.0,0
4.124884467373587,407.0,0
4.124993698220378,406.0,0
4.125102929067169,407.0,0
4.125212159913961,407.0,0
4.125321390760751,406.0,0
4.125430621607542,407.0,0
4.125539852454334,407.0,0
4.125649083301124,407.0,0
4.125758314147916,407.0,0
4.125867544994707,408.0,0
4.125976775841498,408.0,0
4.126086006688289,408.0,0
4.12619523753508,408.0,0
4.126304468381871,408.0,0
4.126413699228662,408.0,0
4.126522930075454,408.0,0
4.126632160922244,408.0,0
4.126741391769036,408.0,0
4.126850622615827,408.0,0
4.126959853462618,408.0,0
4.12706908430941,408.0,0
4.1271783151562005,408.0,0
4.127287546002992,408.0,0
4.127396776849783,408.0,0
4.127506007696574,408.0,0
4.127615238543365,408.0,0
4.127724469390157,408.0,0
4.127833700236947,408.0,0
4.127942931083738,408.0,0
4.12805216193053,408.0,0
4.12816139277732,408.0,0
4.128270623624112,408.0,0
4.128379854470903,408.0,0
4.128489085317694,408.0,0
4.128598316164485,408.0,0
4.128707547011276,408.0,0
4.128816777858067,408.0,0
4.128926008704858,408.0,0
4.12903523955165,408.0,0
4.12914447039844,408.0,0
4.129253701245232,408.0,0
4.1293629320920235,409.0,0
4.129472162938814,409.0,0
4.129581393785606,409.0,0
4.129690624632397,409.0,0
4.129799855479188,409.0,0
4.129909086325979,409.0,0
4.1300183171727705,409.0,0
4.130127548019561,409.0,0
4.130236778866353,409.0,0
4.1303460097131435,409.0,0
4.130455240559934,409.0,0
4.130564471406726,409.0,0
4.1306737022535165,409.0,0
4.130782933100308,409.0,0
4.130892163947099,409.0,0
4.13100139479389,409.0,0
4.131110625640681,410.0,0
4.131219856487473,409.0,0
4.131329087334263,410.0,0
4.131438318181054,410.0,0
4.131547549027846,410.0,0
4.131656779874636,410.0,0
4.131766010721428,411.0,0
4.131875241568219,411.0,0
4.13198447241501,411.0,0
4.132093703261802,411.0,0
4.132202934108593,411.0,0
4.132312164955384,411.0,0
4.132421395802175,411.0,0
4.1325306266489665,411.0,0
4.132639857495757,412.0,0
4.132749088342549,411.0,0
4.1328583191893395,412.0,0
4.13296755003613,412.0,0
4.133076780882922,412.0,0
4.133186011729713,412.0,0
4.133295242576504,412.0,0
4.133404473423295,412.0,0
4.1335137042700865,412.0,0
4.133622935116877,412.0,0
4.133732165963669,412.0,0
4.1338413968104595,412.0,0
4.13395062765725,412.0,0
4.134059858504042,412.0,0
4.1341690893508325,412.0,0
4.134278320197624,412.0,0
4.134387551044416,412.0,0
4.134496781891206,412.0,0
4.134606012737998,412.0,0
4.134715243584789,411.0,0
4.13482447443158,411.0,0
4.134933705278371,411.0,0
4.135042936125163,411.0,0
4.135152166971953,409.0,0
4.135261397818745,411.0,0
4.135370628665536,410.0,0
4.135479859512326,409.0,0
4.135589090359118,409.0,0
4.135698321205909,409.0,0
4.1358075520527,409.0,0
4.135916782899491,408.0,0
4.1360260137462825,408.0,0
4.136135244593073,408.0,0
4.136244475439865,408.0,0
4.1363537062866556,408.0,0
4.136462937133446,408.0,0
4.136572167980238,408.0,0
4.136681398827029,407.0,0
4.13679062967382,408.0,0
4.136899860520611,407.0,0
4.1370090913674025,406.0,0
4.137118322214194,406.0,0
4.137227553060985,406.0,0
4.137336783907776,406.0,0
4.137446014754567,405.0,0
4.137555245601359,406.0,0
4.137664476448149,406.0,0
4.137773707294941,404.0,0
4.137882938141732,404.0,0
4.137992168988522,405.0,0
4.138101399835314,406.0,0
4.138210630682105,404.0,0
4.138319861528896,404.0,0
4.138429092375687,404.0,0
4.138538323222479,404.0,0
4.138647554069269,404.0,0
4.138756784916061,404.0,0
4.138866015762852,404.0,0
4.138975246609642,404.0,0
4.139084477456434,404.0,0
4.139193708303225,405.0,0
4.139302939150016,404.0,0
4.139412169996808,404.0,0
4.1395214008435985,404.0,0
4.13963063169039,404.0,0
4.139739862537181,404.0,0
4.1398490933839724,404.0,0
4.139958324230763,404.0,0
4.140067555077555,404.0,0
4.1401767859243455,403.0,0
4.140286016771137,403.0,0
4.140395247617928,404.0,0
4.1405044784647185,404.0,0
4.14061370931151,403.0,0
4.140722940158301,404.0,0
4.140832171005092,404.0,0
4.140941401851883,403.0,0
4.141050632698675,403.0,0
4.141159863545465,403.0,0
4.141269094392257,403.0,0
4.141378325239048,403.0,0
4.141487556085838,403.0,0
4.14159678693263,403.0,0
4.141706017779421,403.0,0
4.141815248626212,403.0,0
4.141924479473003,403.0,0
4.142033710319795,403.0,0
4.142142941166586,403.0,0
4.142252172013377,403.0,0
4.1423614028601685,403.0,0
4.142470633706959,403.0,0
4.142579864553751,403.0,0
4.1426890954005415,404.0,0
4.142798326247333,404.0,0
4.142907557094124,404.0,0
4.1430167879409145,404.0,0
4.143126018787706,404.0,0
4.143235249634497,404.0,0
4.1433444804812884,404.0,0
4.143453711328079,404.0,0
4.143562942174871,405.0,0
4.1436721730216615,405.0,0
4.143781403868453,406.0,0
4.143890634715244,406.0,0
4.1439998655620345,406.0,0
4.144109096408826,406.0,0
4.144218327255617,406.0,0
4.144327558102408,406.0,0
4.1444367889492,407.0,0
4.144546019795991,407.0,0
4.144655250642782,408.0,0
4.144764481489573,407.0,0
4.144873712336365,408.0,0
4.144982943183155,408.0,0
4.145092174029947,408.0,0
4.145201404876738,408.0,0
4.145310635723529,408.0,0
4.14541986657032,408.0,0
4.1455290974171115,408.0,0
4.145638328263902,408.0,0
4.145747559110693,408.0,0
4.1458567899574845,408.0,0
4.145966020804275,408.0,0
4.146075251651067,408.0,0
4.1461844824978575,409.0,0
4.146293713344649,409.0,0
4.14640294419144,409.0,0
4.1465121750382306,409.0,0
4.146621405885022,409.0,0
4.146730636731813,409.0,0
4.1468398675786045,409.0,0
4.146949098425395,410.0,0
4.147058329272187,410.0,0
4.147167560118978,409.0,0
4.147276790965769,411.0,0
4.147386021812561,411.0,0
4.147495252659351,411.0,0
4.147604483506143,411.0,0
4.147713714352934,412.0,0
4.147822945199725,411.0,0
4.147932176046516,411.0,0
4.148041406893308,412.0,0
4.148150637740098,412.0,0
4.148259868586889,412.0,0
4.148369099433681,412.0,0
4.148478330280471,412.0,0
4.148587561127263,412.0,0
4.148696791974054,412.0,0
4.148806022820845,413.0,0
4.148915253667636,414.0,0
4.149024484514427,413.0,0
4.149133715361218,413.0,0
4.149242946208009,414.0,0
4.1493521770548005,414.0,0
4.149461407901592,414.0,0
4.149570638748383,414.0,0
4.149679869595174,414.0,0
4.149789100441965,414.0,0
4.149898331288757,414.0,0
4.1500075621355474,414.0,0
4.150116792982339,415.0,0
4.15022602382913,414.0,0
4.150335254675921,414.0,0
4.150444485522712,415.0,0
4.150553716369504,415.0,0
4.150662947216294,414.0,0
4.150772178063085,415.0,0
4.150881408909877,415.0,0
4.150990639756667,415.0,0
4.151099870603459,414.0,0
4.15120910145025,415.0,0
4.151318332297041,415.0,0
4.151427563143832,415.0,0
4.151536793990623,415.0,0
4.151646024837414,415.0,0
4.151755255684205,415.0,0
4.151864486530997,415.0,0
4.151973717377787,415.0,0
4.152082948224579,415.0,0
4.1521921790713705,415.0,0
4.152301409918161,415.0,0
4.152410640764953,415.0,0
4.1525198716117435,415.0,0
4.152629102458535,414.0,0
4.152738333305326,414.0,0
4.152847564152117,414.0,0
4.152956794998908,414.0,0
4.1530660258457,414.0,0
4.15317525669249,414.0,0
4.153284487539281,414.0,0
4.153393718386073,413.0,0
4.1535029492328635,413.0,0
4.153612180079655,414.0,0
4.153721410926446,413.0,0
4.153830641773237,413.0,0
4.153939872620028,413.0,0
4.154049103466819,414.0,0
4.15415833431361,413.0,0
4.154267565160401,413.0,0
4.154376796007193,414.0,0
4.154486026853984,413.0,0
4.154595257700775,412.0,0
4.154704488547567,413.0,0
4.154813719394357,414.0,0
4.154922950241149,413.0,0
4.15503218108794,412.0,0
4.155141411934731,413.0,0
4.155250642781522,413.0,0
4.1553598736283135,412.0,0
4.155469104475104,412.0,0
4.155578335321896,413.0,0
4.1556875661686865,412.0,0
4.155796797015477,412.0,0
4.155906027862269,412.0,0
4.1560152587090595,412.0,0
4.156124489555851,412.0,0
4.156233720402642,412.0,0
4.156342951249433,412.0,0
4.156452182096224,412.0,0
4.156561412943015,411.0,0
4.156670643789806,411.0,0
4.156779874636597,412.0,0
4.156889105483389,411.0,0
4.1569983363301795,411.0,0
4.157107567176971,411.0,0
4.157216798023763,411.0,0
4.157326028870553,411.0,0
4.157435259717345,409.0,0
4.157544490564136,411.0,0
4.157653721410927,411.0,0
4.157762952257718,410.0,0
4.15787218310451,409.0,0
4.1579814139513,411.0,0
4.158090644798092,410.0,0
4.158199875644883,409.0,0
4.158309106491673,410.0,0
4.158418337338465,411.0,0
4.158527568185256,410.0,0
4.158636799032047,409.0,0
4.158746029878838,410.0,0
4.1588552607256295,411.0,0
4.15896449157242,410.0,0
4.159073722419211,410.0,0
4.1591829532660025,411.0,0
4.159292184112793,411.0,0
4.159401414959585,410.0,0
4.159510645806376,411.0,0
4.159619876653167,412.0,0
4.159729107499959,411.0,0
4.159838338346749,411.0,0
4.159947569193541,412.0,0
4.160056800040332,412.0,0
4.160166030887123,412.0,0
4.160275261733914,412.0,0
4.160384492580706,413.0,0
4.160493723427496,412.0,0
4.160602954274288,412.0,0
4.160712185121079,413.0,0
4.160821415967869,414.0,0
4.160930646814661,414.0,0
4.161039877661452,414.0,0
4.161149108508243,415.0,0
4.161258339355034,415.0,0
4.161367570201826,415.0,0
4.161476801048616,415.0,0
4.161586031895407,416.0,0
4.161695262742199,415.0,0
4.161804493588989,415.0,0
4.161913724435781,416.0,0
4.162022955282572,416.0,0
4.162132186129363,416.0,0
4.162241416976155,416.0,0
4.1623506478229455,417.0,0
4.162459878669737,417.0,0
4.162569109516528,416.0,0
4.162678340363319,417.0,0
4.16278757121011,417.0,0
4.162896802056902,416.0,0
4.163006032903692,416.0,0
4.163115263750484,417.0,0
4.163224494597275,417.0,0
4.163333725444065,416.0,0
4.163442956290857,416.0,0
4.163552187137648,416.0,0
4.163661417984439,416.0,0
4.16377064883123,415.0,0
4.163879879678022,417.0,0
4.163989110524812,416.0,0
4.164098341371603,415.0,0
4.164207572218395,416.0,0
4.164316803065185,416.0,0
4.164426033911977,416.0,0
4.164535264758769,415.0,0
4.164644495605559,416.0,0
4.164753726452351,416.0,0
4.1648629572991425,415.0,0
4.164972188145933,415.0,0
4.165081418992724,415.0,0
4.1651906498395155,415.0,0
4.165299880686306,415.0,0
4.165409111533098,415.0,0
4.1655183423798885,415.0,0
4.16562757322668,415.0,0
4.165736804073471,415.0,0
4.1658460349202615,415.0,0
4.165955265767053,415.0,0
4.166064496613844,415.0,0
4.166173727460635,415.0,0
4.166282958307426,415.0,0
4.166392189154218,415.0,0
4.166501420001008,414.0,0
4.166610650847799,415.0,0
4.166719881694591,415.0,0
4.166829112541381,414.0,0
4.166938343388173,414.0,0
4.167047574234964,415.0,0
4.167156805081755,415.0,0
4.167266035928547,414.0,0
4.167375266775338,415.0,0
4.167484497622129,415.0,0
4.16759372846892,415.0,0
4.1677029593157116,414.0,0
4.167812190162502,415.0,0
4.167921421009294,415.0,0
4.168030651856085,415.0,0
4.168139882702876,415.0,0
4.168249113549667,415.0,0
4.168358344396458,415.0,0
4.168467575243249,415.0,0
4.16857680609004,415.0,0
4.1686860369368315,415.0,0
4.168795267783622,415.0,0
4.168904498630414,415.0,0
4.1690137294772045,415.0,0
4.169122960323995,415.0,0
4.169232191170787,415.0,0
4.1693414220175775,415.0,0
4.169450652864369,415.0,0
4.169559883711161,415.0,0
4.169669114557951,415.0,0
4.169778345404743,415.0,0
4.169887576251535,415.0,0
4.169996807098325,415.0,0
4.170106037945116,415.0,0
4.170215268791908,415.0,0
4.170324499638698,415.0,0
4.17043373048549,415.0,0
4.170542961332281,415.0,0
4.170652192179072,415.0,0
4.170761423025863,415.0,0
4.170870653872654,415.0,0
4.170979884719445,415.0,0
4.171089115566236,415.0,0
4.171198346413028,415.0,0
4.171307577259818,416.0,0
4.17141680810661,416.0,0
4.171526038953401,416.0,0
4.171635269800191,416.0,0
4.171744500646983,417.0,0
4.171853731493774,416.0,0
4.171962962340565,416.0,0
4.172072193187356,417.0,0
4.1721814240341475,417.0,0
4.172290654880939,417.0,0
4.17239988572773,417.0,0
4.172509116574521,418.0,0
4.172618347421312,418.0,0
4.172727578268104,418.0,0
4.172836809114894,418.0,0
4.172946039961686,418.0,0
4.173055270808477,418.0,0
4.173164501655268,418.0,0
4.173273732502059,419.0,0
4.17338296334885,419.0,0
4.173492194195641,418.0,0
4.173601425042432,418.0,0
4.173710655889224,419.0,0
4.173819886736014,418.0,0
4.173929117582806,418.0,0
4.174038348429597,418.0,0
4.174147579276387,418.0,0
4.174256810123179,418.0,0
4.17436604096997,418.0,0
4.174475271816761,418.0,0
4.174584502663553,418.0,0
4.174693733510344,417.0,0
4.174802964357135,418.0,0
4.174912195203927,417.0,0
4.1750214260507175,417.0,0
4.175130656897508,417.0,0
4.1752398877443,417.0,0
4.1753491185910905,417.0,0
4.175458349437882,417.0,0
4.175567580284673,417.0,0
4.175676811131464,417.0,0
4.175786041978255,417.0,0
4.175895272825046,417.0,0
4.176004503671837,417.0,0
4.176113734518628,417.0,0
4.17622296536542,416.0,0
4.17633219621221,417.0,0
4.176441427059002,417.0,0
4.176550657905793,417.0,0
4.176659888752584,416.0,0
4.176769119599375,417.0,0
4.176878350446166,417.0,0
4.176987581292957,417.0,0
4.177096812139748,417.0,0
4.17720604298654,418.0,0
4.177315273833331,417.0,0
4.177424504680122,417.0,0
4.1775337355269135,418.0,0
4.177642966373704,418.0,0
4.177752197220496,417.0,0
4.1778614280672866,418.0,0
4.177970658914078,418.0,0
4.178079889760869,418.0,0
4.1781891206076605,417.0,0
4.178298351454451,418.0,0
4.178407582301242,419.0,0
4.1785168131480335,418.0,0
4.178626043994824,418.0,0
4.178735274841616,419.0,0
4.1788445056884065,419.0,0
4.178953736535198,418.0,0
4.179062967381989,418.0,0
4.17917219822878,419.0,0
4.179281429075571,418.0,0
4.179390659922362,418.0,0
4.179499890769153,419.0,0
4.179609121615945,419.0,0
4.179718352462736,418.0,0
4.179827583309527,418.0,0
4.179936814156319,418.0,0
4.18004604500311,418.0,0
4.1801552758499,417.0,0
4.180264506696692,417.0,0
4.180373737543483,417.0,0
4.180482968390274,417.0,0
4.180592199237065,416.0,0
4.1807014300838565,417.0,0
4.180810660930647,416.0,0
4.180919891777438,416.0,0
4.1810291226242295,416.0,0
4.18113835347102,416.0,0
4.181247584317812,415.0,0
4.181356815164603,415.0,0
4.181466046011394,415.0,0
4.181575276858185,416.0,0
4.1816845077049765,415.0,0
4.181793738551767,415.0,0
4.181902969398558,415.0,0
4.1820122002453495,415.0,0
4.18212143109214,415.0,0
4.182230661938932,415.0,0
4.182339892785723,415.0,0
4.182449123632514,415.0,0
4.182558354479306,415.0,0
4.182667585326096,415.0,0
4.182776816172888,415.0,0
4.182886047019679,415.0,0
4.18299527786647,415.0,0
4.183104508713261,415.0,0
4.183213739560053,415.0,0
4.183322970406843,415.0,0
4.183432201253634,415.0,0
4.183541432100426,415.0,0
4.183650662947216,415.0,0
4.183759893794008,415.0,0
4.183869124640799,415.0,0
4.18397835548759,415.0,0
4.184087586334381,415.0,0
4.1841968171811725,415.0,0
4.184306048027963,415.0,0
4.184415278874754,415.0,0
4.1845245097215455,415.0,0
4.184633740568337,415.0,0
4.184742971415128,415.0,0
4.1848522022619195,415.0,0
4.184961433108711,415.0,0
4.185070663955502,415.0,0
4.1851798948022925,415.0,0
4.185289125649084,415.0,0
4.185398356495875,415.0,0
4.185507587342666,415.0,0
4.185616818189457,415.0,0
4.185726049036249,415.0,0
4.185835279883039,415.0,0
4.18594451072983,415.0,0
4.186053741576622,415.0,0
4.186162972423412,415.0,0
4.186272203270204,415.0,0
4.186381434116995,415.0,0
4.186490664963786,415.0,0
4.186599895810577,415.0,0
4.186709126657369,415.0,0
4.186818357504159,415.0,0
4.18692758835095,415.0,0
4.187036819197742,415.0,0
4.187146050044532,415.0,0
4.187255280891324,415.0,0
4.1873645117381155,415.0,0
4.187473742584906,415.0,0
4.187582973431698,415.0,0
4.1876922042784885,415.0,0
4.18780143512528,415.0,0
4.187910665972071,415.0,0
4.188019896818862,415.0,0
4.188129127665653,415.0,0
4.188238358512445,415.0,0
4.1883475893592355,415.0,0
4.188456820206026,415.0,0
4.188566051052818,415.0,0
4.1886752818996085,415.0,0
4.1887845127464,415.0,0
4.188893743593191,415.0,0
4.189002974439982,415.0,0
4.189112205286773,415.0,0
4.189221436133565,415.0,0
4.189330666980355,416.0,0
4.189439897827146,415.0,0
4.189549128673938,415.0,0
4.189658359520729,416.0,0
4.18976759036752,416.0,0
4.189876821214312,416.0,0
4.189986052061103,416.0,0
4.190095282907894,417.0,0
4.190204513754685,416.0,0
4.190313744601476,416.0,0
4.190422975448267,417.0,0
4.1905322062950585,417.0,0
4.190641437141849,417.0,0
4.190750667988641,417.0,0
4.1908598988354315,417.0,0
4.190969129682222,417.0,0
4.191078360529014,417.0,0
4.1911875913758045,417.0,0
4.191296822222596,417.0,0
4.191406053069387,417.0,0
4.1915152839161784,417.0,0
4.191624514762969,417.0,0
4.191733745609761,417.0,0
4.1918429764565515,417.0,0
4.191952207303342,417.0,0
4.192061438150134,418.0,0
4.1921706689969245,417.0,0
4.192279899843716,417.0,0
4.192389130690508,418.0,0
4.192498361537298,418.0,0
4.19260759238409,417.0,0
4.192716823230881,418.0,0
4.192826054077672,419.0,0
4.192935284924463,419.0,0
4.193044515771255,418.0,0
4.193153746618045,419.0,0
4.193262977464837,419.0,0
4.193372208311628,419.0,0
4.193481439158419,419.0,0
4.19359067000521,419.0,0
4.193699900852001,419.0,0
4.193809131698792,419.0,0
4.193918362545583,419.0,0
4.1940275933923745,419.0,0
4.194136824239165,419.0,0
4.194246055085957,419.0,0
4.1943552859327475,419.0,0
4.194464516779538,419.0,0
4.19457374762633,419.0,0
4.194682978473121,419.0,0
4.194792209319912,419.0,0
4.194901440166704,419.0,0
4.195010671013495,419.0,0
4.195119901860286,419.0,0
4.195229132707077,419.0,0
4.195338363553868,419.0,0
4.195447594400659,419.0,0
4.195556825247451,420.0,0
4.195666056094241,419.0,0
4.195775286941033,419.0,0
4.195884517787824,420.0,0
4.195993748634615,420.0,0
4.196102979481406,420.0,0
4.196212210328197,420.0,0
4.196321441174988,420.0,0
4.196430672021779,420.0,0
4.196539902868571,420.0,0
4.196649133715361,421.0,0
4.196758364562153,420.0,0
4.196867595408944,420.0,0
4.196976826255734,420.0,0
4.197086057102526,421.0,0
4.197195287949317,420.0,0
4.197304518796108,420.0,0
4.1974137496429,420.0,0
4.1975229804896905,420.0,0
4.197632211336482,420.0,0
4.197741442183273,420.0,0
4.197850673030064,420.0,0
4.197959903876855,420.0,0
4.198069134723647,420.0,0
4.198178365570437,420.0,0
4.198287596417229,420.0,0
4.19839682726402,420.0,0
4.198506058110811,419.0,0
4.198615288957602,420.0,0
4.198724519804393,420.0,0
4.198833750651184,420.0,0
4.198942981497975,420.0,0
4.199052212344767,420.0,0
4.199161443191557,420.0,0
4.199270674038349,420.0,0
4.19937990488514,420.0,0
4.19948913573193,420.0,0
4.199598366578722,420.0,0
4.199707597425514,420.0,0
4.199816828272304,420.0,0
4.199926059119096,420.0,0
4.2000352899658875,420.0,0
4.200144520812678,421.0,0
4.200253751659469,421.0,0
4.2003629825062605,421.0,0
4.200472213353051,422.0,0
4.200581444199843,422.0,0
4.2006906750466335,421.0,0
4.200799905893425,422.0,0
4.200909136740216,422.0,0
4.201018367587007,422.0,0
4.201127598433798,421.0,0
4.201236829280589,422.0,0
4.20134606012738,421.0,0
4.201455290974171,422.0,0
4.201564521820963,421.0,0
4.2016737526677534,422.0,0
4.201782983514545,421.0,0
4.201892214361336,422.0,0
4.2020014452081265,421.0,0
4.202110676054918,422.0,0
4.202219906901709,421.0,0
4.2023291377485,422.0,0
4.202438368595292,420.0,0
4.202547599442083,421.0,0
4.202656830288874,421.0,0
4.202766061135665,421.0,0
4.202875291982457,421.0,0
4.202984522829247,421.0,0
4.203093753676039,421.0,0
4.20320298452283,422.0,0
4.203312215369621,420.0,0
4.203421446216412,421.0,0
4.2035306770632035,421.0,0
4.203639907909994,421.0,0
4.203749138756785,421.0,0
4.2038583696035765,422.0,0
4.203967600450367,421.0,0
4.204076831297159,422.0,0
4.2041860621439495,421.0,0
4.204295292990741,422.0,0
4.204404523837532,422.0,0
4.2045137546843225,421.0,0
4.204622985531114,422.0,0
4.204732216377906,422.0,0
4.204841447224696,422.0,0
4.204950678071488,422.0,0
4.20505990891828,422.0,0
4.20516913976507,422.0,0
4.205278370611861,422.0,0
4.205387601458653,422.0,0
4.205496832305443,422.0,0
4.205606063152235,422.0,0
4.205715293999026,421.0,0
4.205824524845817,422.0,0
4.205933755692608,422.0,0
4.2060429865394,421.0,0
4.20615221738619,422.0,0
4.206261448232981,422.0,0
4.206370679079773,420.0,0
4.206479909926563,420.0,0
4.206589140773355,421.0,0
4.206698371620146,421.0,0
4.206807602466937,420.0,0
4.206916833313728,420.0,0
4.207026064160519,420.0,0
4.20713529500731,420.0,0
4.207244525854101,419.0,0
4.2073537567008925,419.0,0
4.207462987547684,419.0,0
4.207572218394475,419.0,0
4.207681449241266,419.0,0
4.207790680088058,419.0,0
4.207899910934849,419.0,0
4.208009141781639,419.0,0
4.208118372628431,419.0,0
4.208227603475222,419.0,0
4.208336834322013,419.0,0
4.208446065168804,418.0,0
4.208555296015596,418.0,0
4.208664526862386,419.0,0
4.208773757709177,418.0,0
4.208882988555969,418.0,0
4.208992219402759,418.0,0
4.209101450249551,418.0,0
4.209210681096342,417.0,0
4.209319911943133,418.0,0
4.209429142789924,417.0,0
4.209538373636715,417.0,0
4.209647604483506,417.0,0
4.209756835330298,417.0,0
4.209866066177089,417.0,0
4.20997529702388,417.0,0
4.210084527870672,417.0,0
4.2101937587174625,418.0,0
4.210302989564254,417.0,0
4.210412220411045,417.0,0
4.2105214512578355,418.0,0
4.210630682104627,418.0,0
4.210739912951418,417.0,0
4.210849143798209,418.0,0
4.210958374645,418.0,0
4.211067605491792,418.0,0
4.211176836338582,418.0,0
4.211286067185373,419.0,0
4.211395298032165,419.0,0
4.211504528878955,419.0,0
4.211613759725747,419.0,0
4.211722990572538,419.0,0
4.211832221419329,419.0,0
4.21194145226612,419.0,0
4.212050683112911,419.0,0
4.212159913959702,420.0,0
4.212269144806493,420.0,0
4.212378375653285,420.0,0
4.212487606500076,420.0,0
4.212596837346867,421.0,0
4.212706068193659,420.0,0
4.21281529904045,422.0,0
4.212924529887241,422.0,0
4.213033760734032,422.0,0
4.213142991580823,422.0,0
4.213252222427614,423.0,0
4.2133614532744055,423.0,0
4.213470684121196,423.0,0
4.213579914967988,423.0,0
4.2136891458147785,423.0,0
4.213798376661569,423.0,0
4.213907607508361,424.0,0
4.2140168383551515,424.0,0
4.214126069201943,424.0,0
4.214235300048734,425.0,0
4.214344530895525,425.0,0
4.214453761742316,425.0,0
4.214562992589107,425.0,0
4.214672223435898,426.0,0
4.21478145428269,426.0,0
4.214890685129481,426.0,0
4.214999915976272,426.0,0
4.215109146823064,427.0,0
4.215218377669855,427.0,0
4.215327608516646,426.0,0
4.215436839363437,427.0,0
4.215546070210228,427.0,0
4.215655301057019,427.0,0
4.21576453190381,426.0,0
4.2158737627506015,427.0,0
4.215982993597392,427.0,0
4.216092224444184,426.0,0
4.216201455290975,426.0,0
4.216310686137765,427.0,0
4.216419916984557,426.0,0
4.216529147831348,425.0,0
4.216638378678139,425.0,0
4.21674760952493,426.0,0
4.2168568403717215,425.0,0
4.216966071218512,425.0,0
4.217075302065303,425.0,0
4.2171845329120945,425.0,0
4.217293763758885,424.0,0
4.217402994605677,424.0,0
4.217512225452468,423.0,0
4.217621456299259,423.0,0
4.217730687146051,423.0,0
4.217839917992842,423.0,0
4.217949148839633,423.0,0
4.218058379686424,422.0,0
4.218167610533215,422.0,0
4.218276841380006,422.0,0
4.218386072226798,421.0,0
4.218495303073588,421.0,0
4.21860453392038,420.0,0
4.218713764767171,420.0,0
4.218822995613961,419.0,0
4.218932226460753,419.0,0
4.219041457307544,419.0,0
4.219150688154335,419.0,0
4.219259919001126,419.0,0
4.2193691498479176,419.0,0
4.219478380694708,419.0,0
4.219587611541499,419.0,0
4.219696842388291,419.0,0
4.219806073235082,419.0,0
4.219915304081873,419.0,0
4.2200245349286645,419.0,0
4.220133765775456,418.0,0
4.220242996622247,419.0,0
4.220352227469038,418.0,0
4.220461458315829,418.0,0
4.22057068916262,418.0,0
4.220679920009411,419.0,0
4.220789150856202,419.0,0
4.220898381702994,419.0,0
4.221007612549784,419.0,0
4.221116843396576,419.0,0
4.221226074243367,419.0,0
4.221335305090157,419.0,0
4.221444535936949,419.0,0
4.22155376678374,419.0,0
4.221662997630531,419.0,0
4.221772228477322,419.0,0
4.221881459324114,419.0,0
4.221990690170904,419.0,0
4.222099921017695,419.0,0
4.222209151864487,419.0,0
4.222318382711277,418.0,0
4.222427613558069,418.0,0
4.2225368444048605,419.0,0
4.222646075251651,419.0,0
4.222755306098443,418.0,0
4.2228645369452344,418.0,0
4.222973767792025,418.0,0
4.223082998638816,418.0,0
4.2231922294856075,418.0,0
4.223301460332398,417.0,0
4.22341069117919,417.0,0
4.2235199220259805,418.0,0
4.223629152872772,417.0,0
4.223738383719563,417.0,0
4.2238476145663535,417.0,0
4.223956845413145,417.0,0
4.224066076259936,417.0,0
4.224175307106727,416.0,0
4.224284537953518,416.0,0
4.22439376880031,416.0,0
4.2245029996471,415.0,0
4.224612230493892,415.0,0
4.224721461340683,415.0,0
4.224830692187474,415.0,0
4.224939923034265,415.0,0
4.225049153881057,415.0,0
4.225158384727848,415.0,0
4.225267615574639,415.0,0
4.2253768464214305,414.0,0
4.225486077268221,414.0,0
4.225595308115012,414.0,0
4.2257045389618035,414.0,0
4.225813769808594,413.0,0
4.225923000655386,414.0,0
4.2260322315021766,414.0,0
4.226141462348968,413.0,0
4.226250693195759,413.0,0
4.22635992404255,414.0,0
4.226469154889341,413.0,0
4.226578385736132,413.0,0
4.2266876165829235,413.0,0
4.226796847429714,414.0,0
4.226906078276506,413.0,0
4.2270153091232965,414.0,0
4.227124539970088,414.0,0
4.227233770816879,414.0,0
4.2273430016636695,414.0,0
4.227452232510461,414.0,0
4.227561463357253,414.0,0
4.227670694204043,414.0,0
4.227779925050835,414.0,0
4.227889155897627,414.0,0
4.227998386744417,415.0,0
4.228107617591208,414.0,0
4.228216848438,414.0,0
4.22832607928479,415.0,0
4.228435310131582,415.0,0
4.228544540978373,415.0,0
4.228653771825164,415.0,0
4.228763002671955,415.0,0
4.228872233518746,415.0,0
4.228981464365537,415.0,0
4.229090695212328,415.0,0
4.2291999260591195,415.0,0
4.22930915690591,415.0,0
4.229418387752702,415.0,0
4.2295276185994926,416.0,0
4.229636849446284,415.0,0
4.229746080293075,415.0,0
4.2298553111398665,416.0,0
4.229964541986657,416.0,0
4.230073772833449,415.0,0
4.23018300368024,415.0,0
4.230292234527031,416.0,0
4.230401465373823,416.0,0
4.230510696220613,415.0,0
4.230619927067404,416.0,0
4.230729157914196,416.0,0
4.230838388760986,416.0,0
4.230947619607778,416.0,0
4.231056850454569,416.0,0
4.23116608130136,417.0,0
4.231275312148151,416.0,0
4.231384542994942,416.0,0
4.231493773841733,417.0,0
4.231603004688524,417.0,0
4.231712235535316,416.0,0
4.231821466382106,417.0,0
4.231930697228898,417.0,0
4.232039928075689,417.0,0
4.23214915892248,417.0,0
4.232258389769271,417.0,0
4.232367620616062,417.0,0
4.232476851462853,417.0,0
4.232586082309645,417.0,0
4.2326953131564355,418.0,0
4.232804544003227,417.0,0
4.232913774850019,417.0,0
4.2330230056968094,417.0,0
4.2331322365436,418.0,0
4.233241467390392,417.0,0
4.2333506982371825,417.0,0
4.233459929083974,418.0,0
4.233569159930765,418.0,0
4.233678390777556,417.0,0
4.233787621624347,418.0,0
4.233896852471138,418.0,0
4.234006083317929,418.0,0
4.23411531416472,418.0,0
4.234224545011512,419.0,0
4.234333775858302,418.0,0
4.234443006705094,418.0,0
4.234552237551885,419.0,0
4.234661468398676,419.0,0
4.234770699245467,419.0,0
4.234879930092259,419.0,0
4.234989160939049,419.0,0
4.235098391785841,419.0,0
4.2352076226326325,419.0,0
4.235316853479423,419.0,0
4.235426084326215,419.0,0
4.2355353151730055,419.0,0
4.235644546019796,419.0,0
4.235753776866588,420.0,0
4.2358630077133785,419.0,0
4.23597223856017,419.0,0
4.236081469406961,419.0,0
4.236190700253752,420.0,0
4.236299931100543,419.0,0
4.236409161947334,419.0,0
4.2365183927941255,420.0,0
4.236627623640916,420.0,0
4.236736854487708,419.0,0
4.2368460853344985,419.0,0
4.23695531618129,420.0,0
4.237064547028081,420.0,0
4.237173777874872,419.0,0
4.237283008721663,420.0,0
4.237392239568454,420.0,0
4.237501470415245,420.0,0
4.237610701262037,420.0,0
4.237719932108828,420.0,0
4.237829162955619,420.0,0
4.237938393802411,420.0,0
4.238047624649202,420.0,0
4.238156855495992,420.0,0
4.238266086342784,420.0,0
4.238375317189575,420.0,0
4.238484548036366,420.0,0
4.238593778883157,420.0,0
4.2387030097299485,420.0,0
4.238812240576739,421.0,0
4.238921471423531,421.0,0
4.2390307022703215,420.0,0
4.239139933117112,420.0,0
4.239249163963904,421.0,0
4.2393583948106945,421.0,0
4.239467625657486,420.0,0
4.239576856504277,420.0,0
4.2396860873510684,421.0,0
4.239795318197859,420.0,0
4.239904549044651,420.0,0
4.2400137798914415,420.0,0
4.240123010738233,421.0,0
4.240232241585025,420.0,0
4.240341472431815,420.0,0
4.240450703278607,420.0,0
4.240559934125398,420.0,0
4.240669164972188,419.0,0
4.24077839581898,420.0,0
4.240887626665771,420.0,0
4.240996857512562,419.0,0
4.241106088359353,419.0,0
4.241215319206145,419.0,0
4.241324550052935,419.0,0
4.241433780899727,419.0,0
4.241543011746518,419.0,0
4.241652242593308,419.0,0
4.2417614734401,419.0,0
4.241870704286891,419.0,0
4.241979935133682,419.0,0
4.242089165980473,419.0,0
4.2421983968272645,419.0,0
4.242307627674055,419.0,0
4.242416858520846,419.0,0
4.2425260893676375,419.0,0
4.242635320214429,419.0,0
4.24274455106122,419.0,0
4.242853781908011,419.0,0
4.242963012754803,419.0,0
4.243072243601594,419.0,0
4.2431814744483844,419.0,0
4.243290705295176,420.0,0
4.243399936141967,420.0,0
4.243509166988758,419.0,0
4.243618397835549,420.0,0
4.243727628682341,420.0,0
4.243836859529131,420.0,0
4.243946090375923,420.0,0
4.244055321222714,420.0,0
4.244164552069504,420.0,0
4.244273782916296,420.0,0
4.244383013763087,420.0,0
4.244492244609878,420.0,0
4.244601475456669,420.0,0
4.244710706303461,420.0,0
4.244819937150251,420.0,0
4.244929167997043,420.0,0
4.245038398843834,420.0,0
4.245147629690625,420.0,0
4.245256860537417,420.0,0
4.2453660913842075,420.0,0
4.245475322230999,419.0,0
4.24558455307779,420.0,0
4.2456937839245805,420.0,0
4.245803014771372,419.0,0
4.245912245618163,419.0,0
4.246021476464954,419.0,0
4.246130707311745,419.0,0
4.246239938158537,419.0,0
4.246349169005327,419.0,0
4.246458399852119,419.0,0
4.24656763069891,419.0,0
4.2466768615457005,419.0,0
4.246786092392492,419.0,0
4.246895323239283,419.0,0
4.247004554086074,419.0,0
4.247113784932865,419.0,0
4.247223015779657,419.0,0
4.247332246626447,419.0,0
4.247441477473238,419.0,0
4.24755070832003,419.0,0
4.247659939166821,419.0,0
4.247769170013612,419.0,0
4.247878400860404,419.0,0
4.247987631707195,419.0,0
4.248096862553986,419.0,0
4.248206093400777,419.0,0
4.248315324247568,419.0,0
4.248424555094359,419.0,0
4.2485337859411505,419.0,0
4.248643016787941,419.0,0
4.248752247634733,419.0,0
4.2488614784815235,419.0,0
4.248970709328315,419.0,0
4.249079940175106,419.0,0
4.2491891710218965,419.0,0
4.249298401868688,419.0,0
4.249407632715479,419.0,0
4.24951686356227,419.0,0
4.249626094409061,419.0,0
4.249735325255853,419.0,0
4.2498445561026434,419.0,0
4.249953786949435,419.0,0
4.250063017796226,419.0,0
4.250172248643017,419.0,0
4.250281479489809,419.0,0
4.2503907103366,419.0,0
4.250499941183391,419.0,0
4.250609172030182,419.0,0
4.250718402876973,419.0,0
4.250827633723764,419.0,0
4.250936864570555,419.0,0
4.251046095417347,420.0,0
4.251155326264137,419.0,0
4.251264557110929,419.0,0
4.25137378795772,419.0,0
4.251483018804511,420.0,0
4.251592249651302,419.0,0
4.251701480498093,419.0,0
4.251810711344884,419.0,0
4.251919942191675,420.0,0
4.2520291730384665,419.0,0
4.252138403885257,419.0,0
4.252247634732049,419.0,0
4.2523568655788395,419.0,0
4.25246609642563,419.0,0
4.252575327272422,419.0,0
4.252684558119213,419.0,0
4.252793788966004,419.0,0
4.252903019812796,419.0,0
4.253012250659587,419.0,0
4.253121481506378,419.0,0
4.253230712353169,418.0,0
4.25333994319996,419.0,0
4.253449174046751,419.0,0
4.253558404893543,418.0,0
4.253667635740333,418.0,0
4.253776866587125,418.0,0
4.253886097433916,418.0,0
4.253995328280707,418.0,0
4.254104559127498,418.0,0
4.254213789974289,418.0,0
4.25432302082108,418.0,0
4.254432251667871,417.0,0
4.254541482514663,418.0,0
4.254650713361453,418.0,0
4.254759944208245,417.0,0
4.254869175055036,417.0,0
4.254978405901827,418.0,0
4.255087636748618,418.0,0
4.2551968675954095,417.0,0
4.255306098442201,417.0,0
4.255415329288992,418.0,0
4.255524560135783,417.0,0
4.255633790982574,417.0,0
4.255743021829366,418.0,0
4.255852252676156,418.0,0
4.255961483522947,418.0,0
4.256070714369739,419.0,0
4.256179945216529,419.0,0
4.256289176063321,419.0,0
4.256398406910112,419.0,0
4.256507637756903,419.0,0
4.256616868603694,419.0,0
4.256726099450485,419.0,0
4.256835330297276,419.0,0
4.256944561144067,419.0,0
4.257053791990859,419.0,0
4.257163022837649,419.0,0
4.257272253684441,419.0,0
4.257381484531232,420.0,0
4.257490715378022,420.0,0
4.257599946224814,420.0,0
4.257709177071606,420.0,0
4.257818407918396,420.0,0
4.257927638765188,420.0,0
4.2580368696119795,420.0,0
4.25814610045877,420.0,0
4.258255331305562,420.0,0
4.2583645621523525,420.0,0
4.258473792999143,420.0,0
4.258583023845935,421.0,0
4.2586922546927255,421.0,0
4.258801485539517,420.0,0
4.258910716386308,422.0,0
4.259019947233099,422.0,0
4.25912917807989,421.0,0
4.259238408926681,422.0,0
4.259347639773472,422.0,0
4.259456870620263,422.0,0
4.259566101467055,422.0,0
4.259675332313845,422.0,0
4.259784563160637,423.0,0
4.259893794007428,422.0,0
4.260003024854219,422.0,0
4.26011225570101,423.0,0
4.260221486547802,423.0,0
4.260330717394593,423.0,0
4.260439948241384,423.0,0
4.2605491790881755,423.0,0
4.260658409934966,423.0,0
4.260767640781758,423.0,0
4.260876871628549,423.0,0
4.260986102475339,423.0,0
4.261095333322131,423.0,0
4.261204564168922,423.0,0
4.261313795015713,423.0,0
4.261423025862504,423.0,0
4.2615322567092955,423.0,0
4.261641487556086,423.0,0
4.261750718402877,423.0,0
4.2618599492496685,423.0,0
4.261969180096459,423.0,0
4.262078410943251,423.0,0
4.2621876417900415,423.0,0
4.262296872636833,423.0,0
4.262406103483624,423.0,0
4.2625153343304145,423.0,0
4.262624565177206,423.0,0
4.262733796023998,423.0,0
4.262843026870788,423.0,0
4.26295225771758,423.0,0
4.263061488564372,423.0,0
4.263170719411162,423.0,0
4.263279950257954,423.0,0
4.263389181104745,423.0,0
4.263498411951535,423.0,0
4.263607642798327,423.0,0
4.263716873645118,423.0,0
4.263826104491909,423.0,0
4.2639353353387,423.0,0
4.2640445661854915,423.0,0
4.264153797032282,423.0,0
4.264263027879073,423.0,0
4.264372258725865,423.0,0
4.264481489572655,423.0,0
4.264590720419447,423.0,0
4.264699951266238,423.0,0
4.264809182113029,423.0,0
4.26491841295982,423.0,0
4.2650276438066115,423.0,0
4.265136874653402,423.0,0
4.265246105500194,423.0,0
4.265355336346985,423.0,0
4.265464567193776,423.0,0
4.265573798040568,423.0,0
4.265683028887358,423.0,0
4.26579225973415,423.0,0
4.265901490580941,423.0,0
4.266010721427731,423.0,0
4.266119952274523,423.0,0
4.266229183121314,423.0,0
4.266338413968105,423.0,0
4.266447644814896,423.0,0
4.266556875661688,423.0,0
4.266666106508478,423.0,0
4.266775337355269,423.0,0
4.266884568202061,423.0,0
4.266993799048851,423.0,0
4.267103029895643,423.0,0
4.267212260742434,423.0,0
4.267321491589225,423.0,0
4.267430722436016,423.0,0
4.267539953282807,423.0,0
4.267649184129598,423.0,0
4.26775841497639,423.0,0
4.267867645823181,423.0,0
4.267976876669972,423.0,0
4.268086107516764,423.0,0
4.2681953383635545,423.0,0
4.268304569210346,423.0,0
4.268413800057137,423.0,0
4.2685230309039275,423.0,0
4.268632261750719,423.0,0
4.26874149259751,423.0,0
4.268850723444301,423.0,0
4.268959954291092,423.0,0
4.269069185137884,423.0,0
4.269178415984674,423.0,0
4.269287646831465,423.0,0
4.269396877678257,423.0,0
4.269506108525047,423.0,0
4.269615339371839,423.0,0
4.26972457021863,423.0,0
4.269833801065421,423.0,0
4.269943031912212,423.0,0
4.270052262759004,423.0,0
4.270161493605794,423.0,0
4.270270724452586,423.0,0
4.2703799552993775,423.0,0
4.270489186146168,423.0,0
4.27059841699296,423.0,0
4.2707076478397505,423.0,0
4.270816878686542,423.0,0
4.270926109533333,423.0,0
4.271035340380124,423.0,0
4.271144571226915,423.0,0
4.271253802073706,423.0,0
4.2713630329204975,423.0,0
4.271472263767288,423.0,0
4.27158149461408,423.0,0
4.2716907254608705,422.0,0
4.271799956307661,423.0,0
4.271909187154453,423.0,0
4.2720184180012435,422.0,0
4.272127648848035,422.0,0
4.272236879694826,423.0,0
4.272346110541617,422.0,0
4.272455341388408,422.0,0
4.2725645722352,422.0,0
4.27267380308199,422.0,0
4.272783033928782,421.0,0
4.272892264775573,421.0,0
4.273001495622364,422.0,0
4.273110726469156,420.0,0
4.273219957315947,420.0,0
4.273329188162738,420.0,0
4.273438419009529,420.0,0
4.27354764985632,420.0,0
4.273656880703111,420.0,0
4.273766111549902,420.0,0
4.2738753423966935,420.0,0
4.273984573243484,419.0,0
4.274093804090276,420.0,0
4.2742030349370665,420.0,0
4.274312265783857,419.0,0
4.274421496630649,419.0,0
4.27453072747744,420.0,0
4.274639958324231,420.0,0
4.274749189171022,419.0,0
4.2748584200178135,420.0,0
4.274967650864604,420.0,0
4.275076881711396,420.0,0
4.2751861125581865,420.0,0
4.275295343404978,421.0,0
4.27540457425177,421.0,0
4.27551380509856,421.0,0
4.275623035945352,421.0,0
4.275732266792143,422.0,0
4.275841497638934,422.0,0
4.275950728485725,422.0,0
4.276059959332516,422.0,0
4.276169190179307,423.0,0
4.276278421026098,422.0,0
4.27638765187289,423.0,0
4.27649688271968,423.0,0
4.276606113566472,423.0,0
4.276715344413263,423.0,0
4.276824575260053,423.0,0
4.276933806106845,423.0,0
4.277043036953636,423.0,0
4.277152267800427,423.0,0
4.277261498647218,424.0,0
4.2773707294940095,424.0,0
4.2774799603408,424.0,0
4.277589191187592,425.0,0
4.2776984220343826,425.0,0
4.277807652881174,425.0,0
4.277916883727965,425.0,0
4.2780261145747565,425.0,0
4.278135345421548,426.0,0
4.278244576268339,425.0,0
4.27835380711513,426.0,0
4.278463037961921,427.0,0
4.278572268808712,427.0,0
4.278681499655503,427.0,0
4.278790730502294,427.0,0
4.278899961349086,428.0,0
4.279009192195876,427.0,0
4.279118423042668,428.0,0
4.279227653889459,428.0,0
4.279336884736249,428.0,0
4.279446115583041,428.0,0
4.279555346429832,428.0,0
4.279664577276623,430.0,0
4.279773808123414,429.0,0
4.279883038970206,430.0,0
4.279992269816996,430.0,0
4.280101500663788,430.0,0
4.280210731510579,430.0,0
4.28031996235737,430.0,0
4.280429193204162,430.0,0
4.2805384240509525,430.0,0
4.280647654897744,430.0,0
4.280756885744535,431.0,0
4.280866116591326,431.0,0
4.280975347438117,430.0,0
4.281084578284908,430.0,0
4.2811938091316994,431.0,0
4.28130303997849,430.0,0
4.281412270825282,430.0,0
4.2815215016720725,431.0,0
4.281630732518864,431.0,0
4.281739963365655,430.0,0
4.2818491942124455,430.0,0
4.281958425059237,431.0,0
4.282067655906028,431.0,0
4.282176886752819,430.0,0
4.28228611759961,430.0,0
4.282395348446402,431.0,0
4.282504579293192,430.0,0
4.282613810139984,430.0,0
4.282723040986775,431.0,0
4.282832271833566,431.0,0
4.282941502680357,430.0,0
4.283050733527149,431.0,0
4.28315996437394,431.0,0
4.283269195220731,430.0,0
4.2833784260675225,430.0,0
4.283487656914313,431.0,0
4.283596887761104,431.0,0
4.2837061186078955,430.0,0
4.283815349454686,430.0,0
4.283924580301478,430.0,0
4.2840338111482685,430.0,0
4.28414304199506,430.0,0
4.284252272841851,430.0,0
4.284361503688642,430.0,0
4.284470734535433,430.0,0
4.284579965382224,429.0,0
4.2846891962290155,430.0,0
4.284798427075806,429.0,0
4.284907657922598,428.0,0
4.2850168887693885,428.0,0
4.28512611961618,429.0,0
4.285235350462971,428.0,0
4.285344581309762,428.0,0
4.285453812156554,428.0,0
4.285563043003345,428.0,0
4.285672273850136,428.0,0
4.285781504696927,428.0,0
4.285890735543719,428.0,0
4.285999966390509,428.0,0
4.2861091972373,428.0,0
4.286218428084092,428.0,0
4.286327658930882,428.0,0
4.286436889777674,428.0,0
4.286546120624465,427.0,0
4.286655351471256,428.0,0
4.286764582318047,427.0,0
4.2868738131648385,427.0,0
4.286983044011629,428.0,0
4.28709227485842,428.0,0
4.2872015057052115,427.0,0
4.287310736552002,428.0,0
4.287419967398794,428.0,0
4.2875291982455845,428.0,0
4.287638429092376,427.0,0
4.287747659939167,428.0,0
4.287856890785958,428.0,0
4.287966121632749,428.0,0
4.288075352479541,427.0,0
4.288184583326332,428.0,0
4.288293814173123,428.0,0
4.288403045019915,427.0,0
4.288512275866705,428.0,0
4.288621506713496,428.0,0
4.288730737560288,428.0,0
4.288839968407078,428.0,0
4.28894919925387,428.0,0
4.289058430100661,428.0,0
4.289167660947452,428.0,0
4.289276891794243,428.0,0
4.289386122641035,428.0,0
4.289495353487825,428.0,0
4.289604584334616,428.0,0
4.289713815181408,428.0,0
4.289823046028198,428.0,0
4.28993227687499,428.0,0
4.290041507721781,428.0,0
4.290150738568572,428.0,0
4.290259969415363,428.0,0
4.2903692002621545,428.0,0
4.290478431108946,428.0,0
4.290587661955737,428.0,0
4.290696892802528,428.0,0
4.290806123649319,428.0,0
4.290915354496111,429.0,0
4.291024585342901,428.0,0
4.291133816189692,428.0,0
4.291243047036484,428.0,0
4.2913522778832744,428.0,0
4.291461508730066,428.0,0
4.291570739576857,428.0,0
4.291679970423648,428.0,0
4.291789201270439,428.0,0
4.291898432117231,428.0,0
4.292007662964021,428.0,0
4.292116893810812,428.0,0
4.292226124657604,427.0,0
4.292335355504394,427.0,0
4.292444586351186,427.0,0
4.292553817197977,427.0,0
4.292663048044768,426.0,0
4.292772278891559,426.0,0
4.292881509738351,426.0,0
4.292990740585141,425.0,0
4.293099971431933,425.0,0
4.2932092022787245,425.0,0
4.293318433125515,425.0,0
4.293427663972307,425.0,0
4.2935368948190975,425.0,0
4.293646125665888,425.0,0
4.29375535651268,425.0,0
4.2938645873594705,425.0,0
4.293973818206262,425.0,0
4.294083049053053,425.0,0
4.294192279899844,424.0,0
4.294301510746635,425.0,0
4.294410741593427,425.0,0
4.294519972440217,425.0,0
4.294629203287008,425.0,0
4.2947384341338,426.0,0
4.2948476649805905,425.0,0
4.294956895827382,425.0,0
4.295066126674173,426.0,0
4.295175357520964,426.0,0
4.295284588367755,426.0,0
4.295393819214547,427.0,0
4.295503050061338,427.0,0
4.295612280908129,427.0,0
4.295721511754921,427.0,0
4.295830742601711,427.0,0
4.295939973448503,427.0,0
4.296049204295294,427.0,0
4.296158435142084,427.0,0
4.296267665988876,428.0,0
4.296376896835667,427.0,0
4.296486127682458,428.0,0
4.296595358529249,428.0,0
4.2967045893760405,428.0,0
4.296813820222831,428.0,0
4.296923051069623,428.0,0
4.2970322819164135,428.0,0
4.297141512763204,428.0,0
4.297250743609996,428.0,0
4.2973599744567865,429.0,0
4.297469205303578,429.0,0
4.297578436150369,429.0,0
4.29768766699716,429.0,0
4.297796897843951,430.0,0
4.297906128690743,430.0,0
4.298015359537533,429.0,0
4.298124590384325,430.0,0
4.298233821231117,430.0,0
4.298343052077907,430.0,0
4.298452282924699,430.0,0
4.29856151377149,430.0,0
4.29867074461828,430.0,0
4.298779975465072,431.0,0
4.298889206311863,431.0,0
4.298998437158654,431.0,0
4.299107668005445,431.0,0
4.299216898852237,431.0,0
4.299326129699027,432.0,0
4.299435360545819,432.0,0
4.29954459139261,432.0,0
4.2996538222394,432.0,0
4.299763053086192,432.0,0
4.299872283932983,432.0,0
4.299981514779774,432.0,0
4.300090745626565,433.0,0
4.3001999764733565,433.0,0
4.300309207320147,433.0,0
4.300418438166939,433.0,0
4.30052766901373,433.0,0
4.300636899860521,433.0,0
4.300746130707313,433.0,0
4.300855361554103,433.0,0
4.300964592400895,434.0,0
4.301073823247686,433.0,0
4.301183054094477,433.0,0
4.301292284941268,434.0,0
4.301401515788059,434.0,0
4.30151074663485,433.0,0
4.301619977481641,433.0,0
4.301729208328433,434.0,0
4.301838439175223,434.0,0
4.301947670022015,433.0,0
4.302056900868806,434.0,0
4.302166131715596,435.0,0
4.302275362562388,434.0,0
4.302384593409179,434.0,0
4.30249382425597,435.0,0
4.302603055102761,435.0,0
4.302712285949553,434.0,0
4.302821516796343,435.0,0
4.302930747643135,435.0,0
4.303039978489926,435.0,0
4.303149209336717,435.0,0
4.303258440183509,436.0,0
4.3033676710302995,436.0,0
4.303476901877091,436.0,0
4.303586132723882,436.0,0
4.303695363570673,437.0,0
4.303804594417464,436.0,0
4.303913825264255,436.0,0
4.304023056111046,437.0,0
4.304132286957837,438.0,0
4.304241517804629,437.0,0
4.304350748651419,437.0,0
4.304459979498211,438.0,0
4.304569210345002,438.0,0
4.304678441191792,437.0,0
4.304787672038584,438.0,0
4.304896902885375,438.0,0
4.305006133732166,438.0,0
4.305115364578957,437.0,0
4.305224595425749,438.0,0
4.305333826272539,438.0,0
4.305443057119331,437.0,0
4.3055522879661225,438.0,0
4.305661518812913,438.0,0
4.305770749659705,438.0,0
4.305879980506496,437.0,0
4.305989211353287,438.0,0
4.306098442200078,438.0,0
4.3062076730468695,436.0,0
4.30631690389366,436.0,0
4.306426134740451,437.0,0
4.3065353655872425,436.0,0
4.306644596434033,436.0,0
4.306753827280825,436.0,0
4.3068630581276155,436.0,0
4.306972288974407,435.0,0
4.307081519821198,435.0,0
4.3071907506679885,436.0,0
4.30729998151478,435.0,0
4.307409212361571,435.0,0
4.307518443208362,435.0,0
4.307627674055153,436.0,0
4.307736904901945,435.0,0
4.307846135748735,435.0,0
4.307955366595527,435.0,0
4.308064597442318,435.0,0
4.308173828289109,435.0,0
4.308283059135901,435.0,0
4.308392289982692,435.0,0
4.308501520829483,435.0,0
4.308610751676274,435.0,0
4.3087199825230655,435.0,0
4.308829213369856,435.0,0
4.308938444216647,435.0,0
4.3090476750634386,435.0,0
4.309156905910229,435.0,0
4.309266136757021,435.0,0
4.309375367603812,435.0,0
4.309484598450603,435.0,0
4.309593829297394,435.0,0
4.309703060144185,435.0,0
4.309812290990976,435.0,0
4.309921521837767,435.0,0
4.3100307526845585,435.0,0
4.310139983531349,434.0,0
4.310249214378141,435.0,0
4.3103584452249315,435.0,0
4.310467676071723,434.0,0
4.310576906918515,434.0,0
4.310686137765305,435.0,0
4.310795368612097,435.0,0
4.310904599458888,434.0,0
4.311013830305679,434.0,0
4.31112306115247,435.0,0
4.311232291999262,435.0,0
4.311341522846052,434.0,0
4.311450753692843,435.0,0
4.311559984539635,435.0,0
4.311669215386425,435.0,0
4.311778446233217,435.0,0
4.311887677080008,435.0,0
4.311996907926799,435.0,0
4.31210613877359,435.0,0
4.312215369620381,435.0,0
4.312324600467172,436.0,0
4.312433831313963,435.0,0
4.312543062160755,435.0,0
4.312652293007545,436.0,0
4.312761523854337,436.0,0
4.312870754701128,435.0,0
4.312979985547919,435.0,0
4.31308921639471,436.0,0
4.3131984472415015,436.0,0
4.313307678088293,435.0,0
4.313416908935084,435.0,0
4.313526139781875,436.0,0
4.313635370628666,435.0,0
4.313744601475458,435.0,0
4.313853832322248,435.0,0
4.313963063169039,435.0,0
4.314072294015831,435.0,0
4.314181524862621,435.0,0
4.314290755709413,435.0,0
4.314399986556204,435.0,0
4.314509217402995,435.0,0
4.314618448249786,435.0,0
4.314727679096577,435.0,0
4.314836909943368,435.0,0
4.314946140790159,435.0,0
4.315055371636951,435.0,0
4.315164602483741,435.0,0
4.315273833330533,434.0,0
4.315383064177324,435.0,0
4.315492295024115,435.0,0
4.315601525870907,435.0,0
4.3157107567176975,434.0,0
4.315819987564489,435.0,0
4.31592921841128,435.0,0
4.3160384492580715,434.0,0
4.316147680104862,434.0,0
4.316256910951654,435.0,0
4.3163661417984445,435.0,0
4.316475372645235,434.0,0
4.316584603492027,434.0,0
4.3166938343388175,435.0,0
4.316803065185609,433.0,0
4.3169122960324,433.0,0
4.317021526879191,434.0,0
4.317130757725982,434.0,0
4.317239988572773,433.0,0
4.317349219419564,433.0,0
4.317458450266355,433.0,0
4.317567681113147,433.0,0
4.317676911959937,433.0,0
4.317786142806729,433.0,0
4.31789537365352,433.0,0
4.318004604500311,432.0,0
4.318113835347102,432.0,0
4.318223066193894,433.0,0
4.318332297040685,432.0,0
4.318441527887476,432.0,0
4.3185507587342675,432.0,0
4.318659989581058,432.0,0
4.31876922042785,432.0,0
4.3188784512746405,432.0,0
4.318987682121431,432.0,0
4.319096912968223,432.0,0
4.3192061438150136,432.0,0
4.319315374661805,432.0,0
4.319424605508596,432.0,0
4.3195338363553875,432.0,0
4.319643067202178,432.0,0
4.319752298048969,432.0,0
4.3198615288957605,432.0,0
4.319970759742551,432.0,0
4.320079990589343,432.0,0
4.3201892214361335,432.0,0
4.320298452282925,432.0,0
4.320407683129716,432.0,0
4.320516913976507,432.0,0
4.320626144823299,432.0,0
4.32073537567009,431.0,0
4.320844606516881,431.0,0
4.320953837363672,432.0,0
4.321063068210464,431.0,0
4.321172299057254,431.0,0
4.321281529904046,431.0,0
4.321390760750837,431.0,0
4.321499991597627,431.0,0
4.321609222444419,431.0,0
4.32171845329121,431.0,0
4.321827684138001,431.0,0
4.321936914984792,431.0,0
4.3220461458315835,431.0,0
4.322155376678374,431.0,0
4.322264607525165,431.0,0
4.3223738383719565,432.0,0
4.322483069218747,432.0,0
4.322592300065539,432.0,0
4.32270153091233,432.0,0
4.322810761759121,432.0,0
4.322919992605912,432.0,0
4.3230292234527035,432.0,0
4.323138454299494,432.0,0
4.323247685146286,432.0,0
4.323356915993077,432.0,0
4.323466146839868,432.0,0
4.32357537768666,432.0,0
4.32368460853345,432.0,0
4.323793839380242,432.0,0
4.323903070227033,432.0,0
4.324012301073823,432.0,0
4.324121531920615,432.0,0
4.324230762767406,432.0,0
4.324339993614197,432.0,0
4.324449224460988,432.0,0
4.32455845530778,432.0,0
4.32466768615457,432.0,0
4.324776917001361,432.0,0
4.324886147848153,432.0,0
4.324995378694943,432.0,0
4.325104609541735,432.0,0
4.325213840388526,432.0,0
4.325323071235317,432.0,0
4.325432302082108,432.0,0
4.3255415329288995,433.0,0
4.325650763775691,432.0,0
4.325759994622482,432.0,0
4.325869225469273,433.0,0
4.325978456316064,433.0,0
4.326087687162856,433.0,0
4.3261969180096465,433.0,0
4.326306148856438,433.0,0
4.326415379703229,433.0,0
4.3265246105500195,433.0,0
4.326633841396811,433.0,0
4.326743072243602,434.0,0
4.326852303090393,434.0,0
4.326961533937184,433.0,0
4.327070764783976,435.0,0
4.327179995630766,435.0,0
4.327289226477557,434.0,0
4.327398457324349,434.0,0
4.327507688171139,435.0,0
4.327616919017931,435.0,0
4.327726149864722,434.0,0
4.327835380711513,435.0,0
4.327944611558304,435.0,0
4.328053842405096,435.0,0
4.328163073251886,435.0,0
4.328272304098678,435.0,0
4.3283815349454695,435.0,0
4.32849076579226,435.0,0
4.328599996639052,435.0,0
4.3287092274858425,435.0,0
4.328818458332634,435.0,0
4.328927689179425,435.0,0
4.3290369200262155,435.0,0
4.329146150873007,435.0,0
4.329255381719798,434.0,0
4.329364612566589,434.0,0
4.32947384341338,435.0,0
4.329583074260172,435.0,0
4.3296923051069625,434.0,0
4.329801535953753,434.0,0
4.329910766800545,435.0,0
4.3300199976473355,434.0,0
4.330129228494127,434.0,0
4.330238459340918,434.0,0
4.330347690187709,435.0,0
4.3304569210345,434.0,0
4.330566151881292,434.0,0
4.330675382728083,434.0,0
4.330784613574874,434.0,0
4.330893844421666,434.0,0
4.331003075268456,434.0,0
4.331112306115248,435.0,0
4.331221536962039,434.0,0
4.33133076780883,433.0,0
4.331439998655621,434.0,0
4.331549229502412,434.0,0
4.331658460349203,433.0,0
4.331767691195994,433.0,0
4.3318769220427855,433.0,0
4.331986152889576,433.0,0
4.332095383736368,432.0,0
4.3322046145831585,432.0,0
4.33231384542995,432.0,0
4.332423076276741,432.0,0
4.3325323071235315,432.0,0
4.332641537970323,432.0,0
4.332750768817114,432.0,0
4.3328599996639054,431.0,0
4.332969230510696,431.0,0
4.333078461357488,431.0,0
4.3331876922042785,431.0,0
4.33329692305107,430.0,0
4.333406153897862,431.0,0
4.333515384744652,430.0,0
4.333624615591444,430.0,0
4.333733846438235,430.0,0
4.333843077285026,430.0,0
4.333952308131817,430.0,0
4.334061538978608,430.0,0
4.334170769825399,431.0,0
4.33428000067219,430.0,0
4.334389231518982,430.0,0
4.334498462365772,430.0,0
4.334607693212564,430.0,0
4.334716924059355,430.0,0
4.334826154906146,430.0,0
4.334935385752937,430.0,0
4.335044616599728,430.0,0
4.335153847446519,430.0,0
4.33526307829331,430.0,0
4.3353723091401015,431.0,0
4.335481539986892,430.0,0
4.335590770833684,430.0,0
4.335700001680475,430.0,0
4.335809232527266,430.0,0
4.335918463374058,430.0,0
4.336027694220848,430.0,0
4.33613692506764,431.0,0
4.336246155914431,430.0,0
4.336355386761222,430.0,0
4.336464617608013,430.0,0
4.336573848454804,430.0,0
4.336683079301595,430.0,0
4.336792310148386,430.0,0
4.336901540995178,431.0,0
4.337010771841968,430.0,0
4.33712000268876,430.0,0
4.337229233535551,430.0,0
4.337338464382342,431.0,0
4.337447695229133,430.0,0
4.337556926075924,430.0,0
4.337666156922715,431.0,0
4.337775387769506,430.0,0
4.337884618616298,430.0,0
4.337993849463088,430.0,0
4.33810308030988,431.0,0
4.338212311156671,430.0,0
4.338321542003462,430.0,0
4.338430772850254,430.0,0
4.3385400036970445,430.0,0
4.338649234543836,430.0,0
4.338758465390627,430.0,0
4.338867696237418,430.0,0
4.338976927084209,430.0,0
4.339086157931,430.0,0
4.339195388777791,430.0,0
4.339304619624582,430.0,0
4.339413850471374,430.0,0
4.339523081318164,430.0,0
4.339632312164956,430.0,0
4.339741543011747,430.0,0
4.339850773858538,430.0,0
4.339960004705329,430.0,0
4.34006923555212,430.0,0
4.340178466398911,430.0,0
4.340287697245702,430.0,0
4.340396928092494,430.0,0
4.340506158939284,430.0,0
4.340615389786076,430.0,0
4.340724620632868,430.0,0
4.340833851479658,430.0,0
4.34094308232645,430.0,0
4.341052313173241,430.0,0
4.341161544020032,430.0,0
4.341270774866823,430.0,0
4.3413800057136145,430.0,0
4.341489236560405,430.0,0
4.341598467407196,430.0,0
4.3417076982539875,430.0,0
4.341816929100778,430.0,0
4.34192615994757,430.0,0
4.3420353907943605,431.0,0
4.342144621641152,430.0,0
4.342253852487943,430.0,0
4.342363083334734,431.0,0
4.342472314181525,430.0,0
4.342581545028316,430.0,0
4.342690775875107,431.0,0
4.342800006721898,431.0,0
4.34290923756869,430.0,0
4.3430184684154804,430.0,0
4.343127699262272,431.0,0
4.343236930109063,431.0,0
4.343346160955854,431.0,0
4.343455391802646,431.0,0
4.343564622649437,432.0,0
4.343673853496228,431.0,0
4.343783084343019,431.0,0
4.343892315189811,431.0,0
4.344001546036601,432.0,0
4.344110776883392,431.0,0
4.344220007730184,431.0,0
4.344329238576974,432.0,0
4.344438469423766,432.0,0
4.344547700270557,431.0,0
4.344656931117348,432.0,0
4.344766161964139,432.0,0
4.3448753928109305,431.0,0
4.344984623657721,431.0,0
4.345093854504512,432.0,0
4.3452030853513035,432.0,0
4.345312316198094,431.0,0
4.345421547044886,431.0,0
4.3455307778916765,432.0,0
4.345640008738468,431.0,0
4.34574923958526,431.0,0
4.34585847043205,431.0,0
4.345967701278842,431.0,0
4.346076932125633,431.0,0
4.346186162972424,431.0,0
4.346295393819215,431.0,0
4.346404624666007,431.0,0
4.346513855512797,430.0,0
4.346623086359589,431.0,0
4.34673231720638,431.0,0
4.34684154805317,431.0,0
4.346950778899962,430.0,0
4.347060009746753,431.0,0
4.347169240593544,431.0,0
4.347278471440335,430.0,0
4.347387702287127,430.0,0
4.347496933133917,431.0,0
4.347606163980708,431.0,0
4.3477153948275,430.0,0
4.34782462567429,430.0,0
4.347933856521082,431.0,0
4.348043087367873,431.0,0
4.348152318214664,431.0,0
4.348261549061455,431.0,0
4.3483707799082465,432.0,0
4.348480010755038,431.0,0
4.348589241601829,432.0,0
4.34869847244862,432.0,0
4.348807703295411,432.0,0
4.348916934142203,432.0,0
4.349026164988993,432.0,0
4.349135395835785,432.0,0
4.349244626682576,432.0,0
4.349353857529366,432.0,0
4.349463088376158,433.0,0
4.349572319222949,432.0,0
4.34968155006974,432.0,0
4.349790780916531,433.0,0
4.349900011763323,433.0,0
4.350009242610113,432.0,0
4.350118473456904,433.0,0
4.350227704303696,433.0,0
4.350336935150486,433.0,0
4.350446165997278,432.0,0
4.350555396844069,433.0,0
4.35066462769086,433.0,0
4.350773858537652,433.0,0
4.350883089384443,433.0,0
4.350992320231234,433.0,0
4.351101551078025,433.0,0
4.3512107819248165,433.0,0
4.351320012771607,433.0,0
4.351429243618399,434.0,0
4.3515384744651895,433.0,0
4.351647705311981,433.0,0
4.351756936158772,434.0,0
4.3518661670055625,434.0,0
4.351975397852354,433.0,0
4.352084628699145,434.0,0
4.352193859545936,435.0,0
4.352303090392727,434.0,0
4.352412321239519,434.0,0
4.352521552086309,435.0,0
4.3526307829331,435.0,0
4.352740013779892,434.0,0
4.352849244626682,434.0,0
4.352958475473474,435.0,0
4.353067706320265,435.0,0
4.353176937167056,434.0,0
4.353286168013847,435.0,0
4.353395398860639,435.0,0
4.35350462970743,435.0,0
4.353613860554221,434.0,0
4.3537230914010125,435.0,0
4.353832322247803,435.0,0
4.353941553094595,435.0,0
4.354050783941386,435.0,0
4.354160014788177,435.0,0
4.354269245634968,435.0,0
4.354378476481759,435.0,0
4.35448770732855,435.0,0
4.354596938175341,435.0,0
4.3547061690221325,435.0,0
4.354815399868923,435.0,0
4.354924630715715,435.0,0
4.3550338615625055,435.0,0
4.355143092409296,435.0,0
4.355252323256088,435.0,0
4.3553615541028785,435.0,0
4.35547078494967,435.0,0
4.355580015796461,435.0,0
4.355689246643252,435.0,0
4.355798477490044,435.0,0
4.355907708336835,435.0,0
4.356016939183626,435.0,0
4.356126170030417,435.0,0
4.356235400877209,435.0,0
4.356344631723999,435.0,0
4.356453862570791,435.0,0
4.356563093417582,435.0,0
4.356672324264373,435.0,0
4.356781555111164,435.0,0
4.356890785957955,435.0,0
4.357000016804746,435.0,0
4.357109247651537,435.0,0
4.3572184784983286,435.0,0
4.357327709345119,435.0,0
4.357436940191911,435.0,0
4.357546171038702,435.0,0
4.357655401885492,435.0,0
4.357764632732284,435.0,0
4.357873863579075,435.0,0
4.357983094425866,435.0,0
4.358092325272657,435.0,0
4.3582015561194485,435.0,0
4.358310786966239,435.0,0
4.358420017813031,435.0,0
4.358529248659822,435.0,0
4.358638479506613,435.0,0
4.358747710353405,435.0,0
4.358856941200195,435.0,0
4.358966172046987,435.0,0
4.359075402893778,435.0,0
4.359184633740569,435.0,0
4.35929386458736,435.0,0
4.359403095434151,435.0,0
4.359512326280942,435.0,0
4.359621557127733,435.0,0
4.359730787974525,435.0,0
4.359840018821315,435.0,0
4.359949249668107,435.0,0
4.360058480514898,435.0,0
4.360167711361688,435.0,0
4.36027694220848,435.0,0
4.360386173055271,435.0,0
4.360495403902062,435.0,0
4.360604634748853,435.0,0
4.360713865595645,435.0,0
4.360823096442436,435.0,0
4.360932327289227,435.0,0
4.3610415581360185,435.0,0
4.361150788982809,435.0,0
4.361260019829601,435.0,0
4.3613692506763915,435.0,0
4.361478481523183,435.0,0
4.361587712369974,435.0,0
4.361696943216765,435.0,0
4.361806174063556,434.0,0
4.361915404910347,435.0,0
4.362024635757138,435.0,0
4.362133866603929,435.0,0
4.362243097450721,434.0,0
4.362352328297511,435.0,0
4.362461559144303,434.0,0
4.362570789991094,434.0,0
4.362680020837884,434.0,0
4.362789251684676,435.0,0
4.362898482531467,434.0,0
4.363007713378258,434.0,0
4.363116944225049,434.0,0
4.363226175071841,434.0,0
4.363335405918631,433.0,0
4.363444636765423,434.0,0
4.3635538676122145,434.0,0
4.363663098459005,434.0,0
4.363772329305797,433.0,0
4.3638815601525875,434.0,0
4.363990790999379,434.0,0
4.36410002184617,433.0,0
4.3642092526929614,433.0,0
4.364318483539752,434.0,0
4.364427714386543,433.0,0
4.3645369452333345,433.0,0
4.364646176080125,433.0,0
4.364755406926917,434.0,0
4.3648646377737075,433.0,0
4.364973868620499,433.0,0
4.36508309946729,434.0,0
4.3651923303140805,434.0,0
4.365301561160872,433.0,0
4.365410792007663,434.0,0
4.365520022854454,434.0,0
4.365629253701245,435.0,0
4.365738484548037,434.0,0
4.365847715394828,435.0,0
4.365956946241619,435.0,0
4.366066177088411,435.0,0
4.366175407935201,435.0,0
4.366284638781993,435.0,0
4.366393869628784,435.0,0
4.366503100475575,435.0,0
4.366612331322366,435.0,0
4.3667215621691575,436.0,0
4.366830793015948,435.0,0
4.366940023862739,435.0,0
4.3670492547095305,436.0,0
4.367158485556321,436.0,0
4.367267716403113,435.0,0
4.3673769472499036,436.0,0
4.367486178096695,436.0,0
4.367595408943486,436.0,0
4.367704639790277,436.0,0
4.367813870637068,437.0,0
4.367923101483859,437.0,0
4.3680323323306505,436.0,0
4.368141563177441,436.0,0
4.368250794024233,438.0,0
4.3683600248710235,437.0,0
4.368469255717815,436.0,0
4.368578486564607,436.0,0
4.368687717411397,438.0,0
4.368796948258189,437.0,0
4.36890617910498,437.0,0
4.369015409951771,438.0,0
4.369124640798562,438.0,0
4.369233871645354,437.0,0
4.369343102492144,438.0,0
4.369452333338935,438.0,0
4.369561564185727,438.0,0
4.369670795032517,437.0,0
4.369780025879309,438.0,0
4.3698892567261,438.0,0
4.369998487572891,438.0,0
4.370107718419682,437.0,0
4.370216949266473,438.0,0
4.370326180113264,438.0,0
4.370435410960055,437.0,0
4.3705446418068465,438.0,0
4.370653872653637,438.0,0
4.370763103500429,437.0,0
4.3708723343472204,437.0,0
4.370981565194011,438.0,0
4.371090796040803,437.0,0
4.3712000268875935,436.0,0
4.371309257734385,437.0,0
4.371418488581176,438.0,0
4.371527719427967,436.0,0
4.371636950274758,436.0,0
4.37174618112155,437.0,0
4.37185541196834,436.0,0
4.371964642815131,436.0,0
4.372073873661923,436.0,0
4.372183104508713,436.0,0
4.372292335355505,436.0,0
4.372401566202296,436.0,0
4.372510797049087,436.0,0
4.372620027895878,436.0,0
4.372729258742669,436.0,0
4.37283848958946,436.0,0
4.372947720436251,436.0,0
4.373056951283043,436.0,0
4.373166182129833,436.0,0
4.373275412976625,436.0,0
4.373384643823416,436.0,0
4.373493874670207,436.0,0
4.373603105516999,436.0,0
4.3737123363637895,436.0,0
4.373821567210581,436.0,0
4.373930798057372,436.0,0
4.374040028904163,436.0,0
4.374149259750954,436.0,0
4.374258490597746,436.0,0
4.3743677214445364,436.0,0
4.374476952291327,436.0,0
4.374586183138119,436.0,0
4.3746954139849095,436.0,0
4.374804644831701,436.0,0
4.374913875678492,436.0,0
4.375023106525283,436.0,0
4.375132337372074,436.0,0
4.375241568218865,437.0,0
4.375350799065656,437.0,0
4.375460029912447,436.0,0
4.375569260759239,436.0,0
4.375678491606029,437.0,0
4.375787722452821,436.0,0
4.375896953299613,436.0,0
4.376006184146403,436.0,0
4.376115414993195,437.0,0
4.376224645839986,436.0,0
4.376333876686777,436.0,0
4.376443107533568,437.0,0
4.3765523383803595,436.0,0
4.37666156922715,436.0,0
4.376770800073942,438.0,0
4.3768800309207325,436.0,0
4.376989261767523,436.0,0
4.377098492614315,437.0,0
4.3772077234611055,438.0,0
4.377316954307897,436.0,0
4.377426185154688,436.0,0
4.377535416001479,437.0,0
4.37764464684827,438.0,0
4.377753877695062,436.0,0
4.3778631085418525,437.0,0
4.377972339388643,438.0,0
4.378081570235435,437.0,0
4.3781908010822255,437.0,0
4.378300031929017,438.0,0
4.378409262775808,438.0,0
4.378518493622599,437.0,0
4.378627724469391,438.0,0
4.378736955316182,438.0,0
4.378846186162973,438.0,0
4.378955417009764,438.0,0
4.379064647856556,438.0,0
4.379173878703346,438.0,0
4.379283109550138,438.0,0
4.379392340396929,438.0,0
4.379501571243719,438.0,0
4.379610802090511,438.0,0
4.379720032937302,437.0,0
4.379829263784093,438.0,0
4.379938494630884,438.0,0
4.3800477254776755,437.0,0
4.380156956324466,437.0,0
4.380266187171258,438.0,0
4.3803754180180485,438.0,0
4.380484648864839,436.0,0
4.380593879711631,436.0,0
4.3807031105584215,438.0,0
4.380812341405213,436.0,0
4.380921572252005,436.0,0
4.3810308030987954,436.0,0
4.381140033945587,437.0,0
4.381249264792378,436.0,0
4.381358495639169,436.0,0
4.38146772648596,437.0,0
4.381576957332752,437.0,0
4.381686188179542,436.0,0
4.381795419026334,437.0,0
4.381904649873125,438.0,0
4.382013880719915,437.0,0
4.382123111566707,437.0,0
4.382232342413498,438.0,0
4.382341573260289,438.0,0
4.38245080410708,437.0,0
4.382560034953872,438.0,0
4.382669265800662,438.0,0
4.382778496647454,438.0,0
4.382887727494245,437.0,0
4.382996958341035,438.0,0
4.383106189187827,438.0,0
4.383215420034618,438.0,0
4.383324650881409,438.0,0
4.3834338817282,438.0,0
4.3835431125749915,438.0,0
4.383652343421783,438.0,0
4.383761574268574,438.0,0
4.383870805115365,438.0,0
4.383980035962156,438.0,0
4.384089266808948,438.0,0
4.384198497655738,439.0,0
4.38430772850253,438.0,0
4.384416959349321,438.0,0
4.3845261901961115,438.0,0
4.384635421042903,438.0,0
4.384744651889694,438.0,0
4.384853882736485,438.0,0
4.384963113583276,438.0,0
4.385072344430068,438.0,0
4.385181575276858,438.0,0
4.38529080612365,438.0,0
4.385400036970441,438.0,0
4.385509267817231,438.0,0
4.385618498664023,438.0,0
4.385727729510814,438.0,0
4.385836960357605,438.0,0
4.385946191204397,438.0,0
4.386055422051188,438.0,0
4.386164652897979,438.0,0
4.38627388374477,437.0,0
4.3863831145915615,438.0,0
4.386492345438352,438.0,0
4.386601576285144,437.0,0
4.3867108071319345,436.0,0
4.386820037978726,438.0,0
4.386929268825517,437.0,0
4.3870384996723075,436.0,0
4.387147730519099,436.0,0
4.38725696136589,438.0,0
4.387366192212681,437.0,0
4.387475423059472,437.0,0
4.387584653906264,437.0,0
4.387693884753054,437.0,0
4.387803115599846,436.0,0
4.387912346446637,437.0,0
4.3880215772934275,438.0,0
4.388130808140219,437.0,0
4.38824003898701,437.0,0
4.388349269833801,438.0,0
4.388458500680592,438.0,0
4.388567731527384,438.0,0
4.388676962374175,438.0,0
4.388786193220966,438.0,0
4.388895424067758,438.0,0
4.389004654914548,438.0,0
4.38911388576134,438.0,0
4.389223116608131,439.0,0
4.389332347454922,439.0,0
4.389441578301713,439.0,0
4.389550809148504,440.0,0
4.389660039995295,440.0,0
4.389769270842086,440.0,0
4.3898785016888775,440.0,0
4.389987732535668,440.0,0
4.39009696338246,440.0,0
4.3902061942292505,440.0,0
4.390315425076042,440.0,0
4.390424655922833,440.0,0
4.3905338867696235,440.0,0
4.390643117616415,440.0,0
4.390752348463206,441.0,0
4.390861579309997,441.0,0
4.390970810156789,441.0,0
4.39108004100358,442.0,0
4.391189271850371,443.0,0
4.391298502697162,442.0,0
4.391407733543954,443.0,0
4.391516964390744,443.0,0
4.391626195237536,443.0,0
4.391735426084327,443.0,0
4.391844656931118,444.0,0
4.391953887777909,444.0,0
4.3920631186247,443.0,0
4.392172349471491,443.0,0
4.392281580318282,444.0,0
4.392390811165074,444.0,0
4.392500042011864,444.0,0
4.392609272858656,444.0,0
4.392718503705447,444.0,0
4.392827734552238,444.0,0
4.392936965399029,444.0,0
4.39304619624582,444.0,0
4.393155427092611,444.0,0
4.393264657939402,444.0,0
4.3933738887861935,444.0,0
4.393483119632984,444.0,0
4.393592350479776,444.0,0
4.393701581326567,444.0,0
4.393810812173358,444.0,0
4.39392004302015,444.0,0
4.39402927386694,444.0,0
4.394138504713732,444.0,0
4.394247735560523,444.0,0
4.394356966407314,444.0,0
4.394466197254105,444.0,0
4.394575428100897,444.0,0
4.394684658947687,444.0,0
4.394793889794478,444.0,0
4.39490312064127,444.0,0
4.39501235148806,444.0,0
4.395121582334852,444.0,0
4.395230813181643,444.0,0
4.395340044028434,444.0,0
4.395449274875225,444.0,0
4.395558505722016,444.0,0
4.395667736568807,444.0,0
4.395776967415598,444.0,0
4.39588619826239,444.0,0
4.395995429109181,444.0,0
4.396104659955972,444.0,0
4.3962138908027635,444.0,0
4.396323121649554,444.0,0
4.396432352496346,445.0,0
4.3965415833431365,445.0,0
4.396650814189928,444.0,0
4.396760045036719,445.0,0
4.39686927588351,445.0,0
4.396978506730301,445.0,0
4.397087737577093,445.0,0
4.397196968423883,446.0,0
4.397306199270674,446.0,0
4.397415430117466,445.0,0
4.397524660964256,446.0,0
4.397633891811048,446.0,0
4.397743122657839,446.0,0
4.39785235350463,445.0,0
4.397961584351421,446.0,0
4.398070815198212,446.0,0
4.398180046045003,446.0,0
4.398289276891794,446.0,0
4.398398507738586,446.0,0
4.398507738585376,446.0,0
4.398616969432168,446.0,0
4.3987262002789596,446.0,0
4.39883543112575,446.0,0
4.398944661972542,445.0,0
4.399053892819333,446.0,0
4.399163123666124,446.0,0
4.399272354512915,445.0,0
4.3993815853597065,444.0,0
4.399490816206497,445.0,0
4.399600047053289,444.0,0
4.3997092779000795,444.0,0
4.39981850874687,444.0,0
4.399927739593662,444.0,0
4.4000369704404525,444.0,0
4.400146201287244,444.0,0
4.400255432134035,444.0,0
4.400364662980826,444.0,0
4.400473893827617,443.0,0
4.400583124674408,443.0,0
4.400692355521199,444.0,0
4.40080158636799,443.0,0
4.400910817214782,443.0,0
4.401020048061573,443.0,0
4.401129278908364,443.0,0
4.401238509755156,443.0,0
4.401347740601946,443.0,0
4.401456971448738,443.0,0
4.401566202295529,443.0,0
4.40167543314232,442.0,0
4.401784663989111,442.0,0
4.4018938948359025,443.0,0
4.402003125682693,441.0,0
4.402112356529485,441.0,0
4.402221587376276,442.0,0
4.402330818223066,441.0,0
4.402440049069858,441.0,0
4.402549279916649,441.0,0
4.40265851076344,441.0,0
4.402767741610231,441.0,0
4.4028769724570225,441.0,0
4.402986203303813,441.0,0
4.403095434150604,441.0,0
4.4032046649973955,440.0,0
4.403313895844186,440.0,0
4.403423126690978,441.0,0
4.4035323575377685,441.0,0
4.40364158838456,440.0,0
4.403750819231352,440.0,0
4.403860050078142,441.0,0
4.403969280924934,440.0,0
4.404078511771725,440.0,0
4.404187742618516,440.0,0
4.404296973465307,441.0,0
4.404406204312099,440.0,0
4.404515435158889,441.0,0
4.404624666005681,441.0,0
4.404733896852472,441.0,0
4.404843127699262,441.0,0
4.404952358546054,441.0,0
4.405061589392845,441.0,0
4.405170820239636,441.0,0
4.405280051086427,441.0,0
4.4053892819332185,442.0,0
4.405498512780009,441.0,0
4.4056077436268,441.0,0
4.405716974473592,441.0,0
4.405826205320382,442.0,0
4.405935436167174,441.0,0
4.4060446670139655,441.0,0
4.406153897860756,442.0,0
4.406263128707548,441.0,0
4.4063723595543385,441.0,0
4.40648159040113,442.0,0
4.406590821247921,441.0,0
4.406700052094712,441.0,0
4.406809282941503,441.0,0
4.406918513788295,442.0,0
4.407027744635085,441.0,0
4.407136975481877,441.0,0
4.407246206328668,441.0,0
4.407355437175458,442.0,0
4.40746466802225,441.0,0
4.407573898869041,441.0,0
4.407683129715832,441.0,0
4.407792360562623,441.0,0
4.407901591409415,441.0,0
4.408010822256205,441.0,0
4.408120053102996,441.0,0
4.408229283949788,440.0,0
4.408338514796578,440.0,0
4.40844774564337,441.0,0
4.408556976490161,441.0,0
4.408666207336952,440.0,0
4.408775438183744,440.0,0
4.4088846690305346,441.0,0
4.408993899877326,440.0,0
4.409103130724117,440.0,0
4.4092123615709085,440.0,0
4.409321592417699,440.0,0
4.409430823264491,440.0,0
4.4095400541112815,440.0,0
4.409649284958073,440.0,0
4.409758515804864,440.0,0
4.4098677466516545,440.0,0
4.409976977498446,440.0,0
4.410086208345237,440.0,0
4.410195439192028,440.0,0
4.410304670038819,440.0,0
4.410413900885611,440.0,0
4.410523131732401,440.0,0
4.410632362579192,440.0,0
4.410741593425984,440.0,0
4.410850824272774,440.0,0
4.410960055119566,440.0,0
4.411069285966358,440.0,0
4.411178516813148,440.0,0
4.41128774765994,440.0,0
4.4113969785067315,440.0,0
4.411506209353522,440.0,0
4.411615440200313,440.0,0
4.4117246710471045,440.0,0
4.411833901893895,440.0,0
4.411943132740687,440.0,0
4.4120523635874775,440.0,0
4.412161594434269,440.0,0
4.41227082528106,440.0,0
4.412380056127851,440.0,0
4.412489286974642,440.0,0
4.412598517821433,440.0,0
4.4127077486682245,440.0,0
4.412816979515015,440.0,0
4.412926210361807,440.0,0
4.4130354412085975,441.0,0
4.413144672055388,441.0,0
4.41325390290218,441.0,0
4.4133631337489705,441.0,0
4.413472364595762,441.0,0
4.413581595442553,442.0,0
4.413690826289344,441.0,0
4.413800057136136,442.0,0
4.413909287982927,443.0,0
4.414018518829718,443.0,0
4.414127749676509,443.0,0
4.414236980523301,444.0,0
4.414346211370091,444.0,0
4.414455442216883,444.0,0
4.414564673063674,444.0,0
4.414673903910465,444.0,0
4.414783134757256,444.0,0
4.414892365604047,444.0,0
4.415001596450838,444.0,0
4.415110827297629,444.0,0
4.4152200581444205,444.0,0
4.415329288991211,444.0,0
4.415438519838003,444.0,0
4.4155477506847935,444.0,0
4.415656981531584,444.0,0
4.415766212378376,444.0,0
4.415875443225167,444.0,0
4.415984674071958,444.0,0
4.41609390491875,444.0,0
4.4162031357655405,444.0,0
4.416312366612332,444.0,0
4.416421597459124,444.0,0
4.416530828305914,444.0,0
4.416640059152705,444.0,0
4.416749289999497,443.0,0
4.416858520846287,443.0,0
4.416967751693079,444.0,0
4.41707698253987,443.0,0
4.417186213386661,443.0,0
4.417295444233452,443.0,0
4.417404675080243,444.0,0
4.417513905927034,443.0,0
4.417623136773825,443.0,0
4.417732367620617,444.0,0
4.417841598467407,443.0,0
4.417950829314199,443.0,0
4.41806006016099,443.0,0
4.41816929100778,444.0,0
4.418278521854572,443.0,0
4.418387752701363,443.0,0
4.418496983548154,443.0,0
4.418606214394945,443.0,0
4.4187154452417365,443.0,0
4.418824676088528,442.0,0
4.418933906935319,443.0,0
4.41904313778211,443.0,0
4.419152368628901,442.0,0
4.419261599475693,443.0,0
4.4193708303224835,443.0,0
4.419480061169275,443.0,0
4.419589292016066,442.0,0
4.419698522862857,443.0,0
4.419807753709648,443.0,0
4.419916984556439,442.0,0
4.42002621540323,442.0,0
4.420135446250021,442.0,0
4.420244677096813,441.0,0
4.420353907943603,441.0,0
4.420463138790395,441.0,0
4.420572369637186,441.0,0
4.420681600483976,441.0,0
4.420790831330768,440.0,0
4.420900062177559,441.0,0
4.42100929302435,440.0,0
4.421118523871142,440.0,0
4.421227754717933,440.0,0
4.421336985564724,440.0,0
4.421446216411516,440.0,0
4.4215554472583065,440.0,0
4.421664678105097,440.0,0
4.421773908951889,440.0,0
4.4218831397986795,440.0,0
4.421992370645471,440.0,0
4.422101601492262,440.0,0
4.422210832339053,439.0,0
4.422320063185844,439.0,0
4.422429294032635,440.0,0
4.4225385248794264,439.0,0
4.422647755726217,438.0,0
4.422756986573009,438.0,0
4.4228662174197995,439.0,0
4.422975448266591,438.0,0
4.423084679113382,438.0,0
4.4231939099601725,438.0,0
4.423303140806964,438.0,0
4.423412371653755,438.0,0
4.423521602500546,438.0,0
4.423630833347337,438.0,0
4.423740064194129,438.0,0
4.42384929504092,438.0,0
4.423958525887711,438.0,0
4.424067756734503,438.0,0
4.424176987581293,438.0,0
4.424286218428085,438.0,0
4.424395449274876,439.0,0
4.424504680121667,439.0,0
4.424613910968458,439.0,0
4.4247231418152495,439.0,0
4.42483237266204,439.0,0
4.424941603508831,439.0,0
4.4250508343556225,439.0,0
4.425160065202413,439.0,0
4.425269296049205,440.0,0
4.4253785268959955,440.0,0
4.425487757742787,440.0,0
4.425596988589578,440.0,0
4.425706219436369,440.0,0
4.42581545028316,440.0,0
4.425924681129951,440.0,0
4.4260339119767425,440.0,0
4.426143142823534,440.0,0
4.426252373670325,440.0,0
4.426361604517116,440.0,0
4.426470835363908,440.0,0
4.426580066210699,440.0,0
4.426689297057489,440.0,0
4.426798527904281,440.0,0
4.426907758751072,440.0,0
4.427016989597863,440.0,0
4.427126220444654,440.0,0
4.427235451291446,440.0,0
4.427344682138236,440.0,0
4.427453912985027,440.0,0
4.427563143831819,440.0,0
4.427672374678609,440.0,0
4.427781605525401,440.0,0
4.427890836372192,440.0,0
4.428000067218983,440.0,0
4.428109298065774,440.0,0
4.4282185289125655,440.0,0
4.428327759759356,440.0,0
4.428436990606147,440.0,0
4.4285462214529385,440.0,0
4.428655452299729,440.0,0
4.428764683146521,440.0,0
4.428873913993312,440.0,0
4.428983144840103,440.0,0
4.429092375686895,440.0,0
4.429201606533685,440.0,0
4.429310837380477,440.0,0
4.429420068227268,440.0,0
4.429529299074059,440.0,0
4.42963852992085,441.0,0
4.429747760767642,441.0,0
4.429856991614432,441.0,0
4.429966222461223,440.0,0
4.430075453308015,440.0,0
4.430184684154805,440.0,0
4.430293915001597,441.0,0
4.430403145848388,441.0,0
4.430512376695179,441.0,0
4.43062160754197,441.0,0
4.430730838388762,441.0,0
4.430840069235552,441.0,0
4.430949300082343,441.0,0
4.431058530929135,440.0,0
4.431167761775926,441.0,0
4.431276992622717,440.0,0
4.4313862234695085,441.0,0
4.4314954543163,441.0,0
4.431604685163091,441.0,0
4.4317139160098815,440.0,0
4.431823146856673,441.0,0
4.431932377703464,441.0,0
4.432041608550255,441.0,0
4.432150839397046,440.0,0
4.432260070243838,441.0,0
4.432369301090628,441.0,0
4.432478531937419,441.0,0
4.432587762784211,441.0,0
4.4326969936310014,441.0,0
4.432806224477793,441.0,0
4.432915455324584,441.0,0
4.433024686171375,441.0,0
4.433133917018166,442.0,0
4.433243147864958,441.0,0
4.433352378711748,442.0,0
4.433461609558539,442.0,0
4.433570840405331,443.0,0
4.433680071252121,442.0,0
4.433789302098913,443.0,0
4.433898532945705,443.0,0
4.434007763792495,443.0,0
4.434116994639287,443.0,0
4.434226225486078,443.0,0
4.434335456332869,443.0,0
4.43444468717966,443.0,0
4.4345539180264515,443.0,0
4.434663148873242,444.0,0
4.434772379720034,444.0,0
4.4348816105668245,444.0,0
4.434990841413615,444.0,0
4.435100072260407,444.0,0
4.4352093031071975,444.0,0
4.435318533953989,444.0,0
4.43542776480078,444.0,0
4.435536995647571,444.0,0
4.435646226494362,444.0,0
4.435755457341154,444.0,0
4.435864688187944,444.0,0
4.435973919034735,444.0,0
4.436083149881527,444.0,0
4.436192380728318,444.0,0
4.436301611575109,444.0,0
4.436410842421901,444.0,0
4.436520073268692,444.0,0
4.436629304115483,444.0,0
4.436738534962274,444.0,0
4.436847765809065,444.0,0
4.436956996655856,444.0,0
4.437066227502648,444.0,0
4.437175458349438,444.0,0
4.43728468919623,444.0,0
4.437393920043021,444.0,0
4.437503150889811,444.0,0
4.437612381736603,444.0,0
4.437721612583394,444.0,0
4.437830843430185,444.0,0
4.437940074276976,444.0,0
4.4380493051237675,444.0,0
4.438158535970558,444.0,0
4.43826776681735,444.0,0
4.4383769976641405,444.0,0
4.438486228510931,444.0,0
4.438595459357723,444.0,0
4.4387046902045135,444.0,0
4.438813921051305,444.0,0
4.438923151898097,444.0,0
4.439032382744887,444.0,0
4.439141613591679,444.0,0
4.43925084443847,444.0,0
4.439360075285261,444.0,0
4.439469306132052,444.0,0
4.439578536978844,444.0,0
4.439687767825634,444.0,0
4.439796998672426,444.0,0
4.439906229519217,444.0,0
4.440015460366008,444.0,0
4.440124691212799,444.0,0
4.44023392205959,444.0,0
4.440343152906381,444.0,0
4.440452383753172,444.0,0
4.440561614599964,444.0,0
4.440670845446754,444.0,0
4.440780076293546,444.0,0
4.440889307140337,444.0,0
4.440998537987127,444.0,0
4.441107768833919,444.0,0
4.4412169996807105,445.0,0
4.441326230527501,444.0,0
4.441435461374293,445.0,0
4.441544692221084,445.0,0
4.441653923067875,445.0,0
4.441763153914666,445.0,0
4.441872384761457,445.0,0
4.441981615608248,445.0,0
4.44209084645504,445.0,0
4.44220007730183,445.0,0
4.442309308148622,446.0,0
4.442418538995413,445.0,0
4.442527769842204,446.0,0
4.442637000688995,445.0,0
4.442746231535786,446.0,0
4.442855462382577,445.0,0
4.442964693229368,445.0,0
4.44307392407616,445.0,0
4.44318315492295,445.0,0
4.443292385769742,445.0,0
4.443401616616533,445.0,0
4.443510847463323,445.0,0
4.443620078310115,444.0,0
4.443729309156906,444.0,0
4.443838540003697,444.0,0
4.443947770850489,444.0,0
4.44405700169728,444.0,0
4.444166232544071,444.0,0
4.444275463390862,444.0,0
4.4443846942376535,444.0,0
4.444493925084444,444.0,0
4.444603155931236,444.0,0
4.4447123867780265,444.0,0
4.444821617624818,444.0,0
4.444930848471609,444.0,0
4.4450400793184,444.0,0
4.445149310165191,444.0,0
4.445258541011982,443.0,0
4.445367771858773,443.0,0
4.445477002705564,444.0,0
4.445586233552356,443.0,0
4.445695464399146,443.0,0
4.445804695245938,444.0,0
4.445913926092729,443.0,0
4.446023156939519,443.0,0
4.446132387786311,443.0,0
4.446241618633103,444.0,0
4.446350849479893,443.0,0
4.446460080326685,443.0,0
4.4465693111734765,444.0,0
4.446678542020267,444.0,0
4.446787772867058,443.0,0
4.4468970037138495,444.0,0
4.44700623456064,444.0,0
4.447115465407432,444.0,0
4.447224696254223,444.0,0
4.447333927101014,444.0,0
4.447443157947805,444.0,0
4.4475523887945965,444.0,0
4.447661619641387,444.0,0
4.447770850488178,444.0,0
4.4478800813349695,444.0,0
4.44798931218176,444.0,0
4.448098543028552,444.0,0
4.4482077738753425,444.0,0
4.448317004722134,444.0,0
4.448426235568925,444.0,0
4.4485354664157155,444.0,0
4.448644697262507,444.0,0
4.448753928109298,444.0,0
4.448863158956089,444.0,0
4.448972389802881,445.0,0
4.449081620649672,445.0,0
4.449190851496463,444.0,0
4.449300082343254,445.0,0
4.449409313190046,445.0,0
4.449518544036836,445.0,0
4.449627774883628,445.0,0
4.449737005730419,446.0,0
4.44984623657721,446.0,0
4.449955467424001,446.0,0
4.4500646982707925,446.0,0
4.450173929117583,446.0,0
4.450283159964374,446.0,0
4.4503923908111656,446.0,0
4.450501621657956,446.0,0
4.450610852504748,446.0,0
4.450720083351539,446.0,0
4.45082931419833,446.0,0
4.450938545045121,446.0,0
4.451047775891912,446.0,0
4.451157006738703,446.0,0
4.451266237585495,446.0,0
4.4513754684322855,446.0,0
4.451484699279077,446.0,0
4.451593930125869,446.0,0
4.451703160972659,446.0,0
4.45181239181945,446.0,0
4.451921622666242,446.0,0
4.452030853513032,446.0,0
4.452140084359824,446.0,0
4.452249315206615,445.0,0
4.452358546053406,446.0,0
4.452467776900197,446.0,0
4.452577007746989,445.0,0
4.452686238593779,444.0,0
4.45279546944057,445.0,0
4.452904700287362,445.0,0
4.453013931134152,444.0,0
4.453123161980944,444.0,0
4.453232392827735,445.0,0
4.453341623674526,445.0,0
4.453450854521317,444.0,0
4.453560085368108,445.0,0
4.453669316214899,445.0,0
4.45377854706169,445.0,0
4.453887777908482,445.0,0
4.453997008755273,445.0,0
4.454106239602064,445.0,0
4.4542154704488555,445.0,0
4.454324701295646,445.0,0
4.454433932142438,445.0,0
4.4545431629892285,445.0,0
4.45465239383602,445.0,0
4.454761624682811,445.0,0
4.454870855529602,445.0,0
4.454980086376393,445.0,0
4.455089317223185,445.0,0
4.455198548069975,445.0,0
4.455307778916766,445.0,0
4.455417009763558,445.0,0
4.455526240610348,445.0,0
4.45563547145714,445.0,0
4.455744702303931,444.0,0
4.455853933150722,445.0,0
4.455963163997513,444.0,0
4.456072394844304,444.0,0
4.456181625691095,444.0,0
4.456290856537887,445.0,0
4.456400087384678,444.0,0
4.456509318231469,444.0,0
4.456618549078261,444.0,0
4.4567277799250515,444.0,0
4.456837010771843,444.0,0
4.456946241618634,444.0,0
4.4570554724654246,444.0,0
4.457164703312216,444.0,0
4.457273934159007,444.0,0
4.4573831650057985,444.0,0
4.457492395852589,444.0,0
4.457601626699381,444.0,0
4.4577108575461715,444.0,0
4.457820088392962,444.0,0
4.457929319239754,444.0,0
4.4580385500865445,444.0,0
4.458147780933336,444.0,0
4.458257011780127,445.0,0
4.458366242626918,445.0,0
4.458475473473709,445.0,0
4.4585847043205,445.0,0
4.458693935167291,446.0,0
4.458803166014082,445.0,0
4.458912396860874,446.0,0
4.459021627707665,446.0,0
4.459130858554456,446.0,0
4.459240089401248,446.0,0
4.459349320248039,446.0,0
4.45945855109483,446.0,0
4.459567781941621,446.0,0
4.459677012788412,446.0,0
4.459786243635203,446.0,0
4.4598954744819945,446.0,0
4.460004705328785,445.0,0
4.460113936175577,445.0,0
4.4602231670223675,445.0,0
4.460332397869158,445.0,0
4.46044162871595,444.0,0
4.4605508595627406,444.0,0
4.460660090409532,444.0,0
4.460769321256323,444.0,0
4.4608785521031145,444.0,0
4.460987782949905,444.0,0
4.461097013796696,444.0,0
4.4612062446434875,443.0,0
4.461315475490279,444.0,0
4.46142470633707,444.0,0
4.461533937183861,443.0,0
4.461643168030653,443.0,0
4.461752398877444,444.0,0
4.461861629724235,443.0,0
4.461970860571026,443.0,0
4.462080091417817,444.0,0
4.462189322264608,444.0,0
4.462298553111399,443.0,0
4.462407783958191,443.0,0
4.462517014804981,444.0,0
4.462626245651773,443.0,0
4.462735476498564,443.0,0
4.462844707345354,443.0,0
4.462953938192146,443.0,0
4.463063169038937,443.0,0
4.463172399885728,443.0,0
4.463281630732519,443.0,0
4.4633908615793105,443.0,0
4.463500092426101,443.0,0
4.463609323272892,443.0,0
4.4637185541196835,443.0,0
4.463827784966474,443.0,0
4.463937015813266,443.0,0
4.4640462466600574,444.0,0
4.464155477506848,443.0,0
4.46426470835364,443.0,0
4.464373939200431,444.0,0
4.464483170047222,444.0,0
4.464592400894013,444.0,0
4.464701631740804,444.0,0
4.464810862587595,444.0,0
4.464920093434387,444.0,0
4.465029324281177,444.0,0
4.465138555127969,444.0,0
4.46524778597476,444.0,0
4.46535701682155,444.0,0
4.465466247668342,444.0,0
4.465575478515133,444.0,0
4.465684709361924,444.0,0
4.465793940208715,444.0,0
4.465903171055507,444.0,0
4.466012401902297,444.0,0
4.466121632749088,444.0,0
4.46623086359588,444.0,0
4.466340094442671,445.0,0
4.466449325289462,444.0,0
4.4665585561362535,444.0,0
4.466667786983045,444.0,0
4.466777017829836,444.0,0
4.466886248676627,444.0,0
4.466995479523418,444.0,0
4.467104710370209,444.0,0
4.467213941217,444.0,0
4.467323172063791,444.0,0
4.467432402910583,444.0,0
4.4675416337573735,444.0,0
4.467650864604165,444.0,0
4.467760095450956,444.0,0
4.4678693262977465,444.0,0
4.467978557144538,444.0,0
4.468087787991329,444.0,0
4.46819701883812,444.0,0
4.468306249684911,444.0,0
4.468415480531703,444.0,0
4.468524711378493,444.0,0
4.468633942225284,444.0,0
4.468743173072076,444.0,0
4.468852403918866,444.0,0
4.468961634765658,444.0,0
4.46907086561245,444.0,0
4.46918009645924,444.0,0
4.469289327306032,444.0,0
4.4693985581528235,444.0,0
4.469507788999614,444.0,0
4.469617019846405,444.0,0
4.4697262506931965,444.0,0
4.469835481539987,444.0,0
4.469944712386779,444.0,0
4.4700539432335695,444.0,0
4.470163174080361,444.0,0
4.470272404927152,444.0,0
4.4703816357739425,444.0,0
4.470490866620734,444.0,0
4.470600097467525,444.0,0
4.4707093283143164,444.0,0
4.470818559161107,444.0,0
4.470927790007899,444.0,0
4.4710370208546895,444.0,0
4.471146251701481,443.0,0
4.471255482548272,444.0,0
4.471364713395063,444.0,0
4.471473944241854,443.0,0
4.471583175088646,443.0,0
4.471692405935437,444.0,0
4.471801636782228,444.0,0
4.47191086762902,443.0,0
4.47202009847581,443.0,0
4.472129329322601,443.0,0
4.472238560169393,443.0,0
4.472347791016183,443.0,0
4.472457021862975,443.0,0
4.472566252709766,443.0,0
4.472675483556557,442.0,0
4.472784714403348,442.0,0
4.472893945250139,443.0,0
4.47300317609693,443.0,0
4.473112406943721,442.0,0
4.4732216377905125,442.0,0
4.473330868637303,443.0,0
4.473440099484095,442.0,0
4.4735493303308855,442.0,0
4.473658561177677,442.0,0
4.473767792024468,443.0,0
4.4738770228712585,442.0,0
4.47398625371805,442.0,0
4.474095484564842,443.0,0
4.4742047154116324,442.0,0
4.474313946258424,442.0,0
4.474423177105216,443.0,0
4.474532407952006,442.0,0
4.474641638798797,442.0,0
4.474750869645589,441.0,0
4.474860100492379,443.0,0
4.474969331339171,442.0,0
4.475078562185962,441.0,0
4.475187793032753,442.0,0
4.475297023879544,442.0,0
4.475406254726335,441.0,0
4.475515485573126,442.0,0
4.475624716419917,442.0,0
4.475733947266709,442.0,0
4.475843178113499,441.0,0
4.475952408960291,443.0,0
4.476061639807082,442.0,0
4.476170870653873,442.0,0
4.476280101500664,442.0,0
4.4763893323474555,443.0,0
4.476498563194246,443.0,0
4.476607794041038,442.0,0
4.476717024887829,443.0,0
4.47682625573462,443.0,0
4.476935486581412,443.0,0
4.477044717428202,443.0,0
4.477153948274993,444.0,0
4.477263179121785,444.0,0
4.477372409968575,444.0,0
4.477481640815367,444.0,0
4.477590871662158,444.0,0
4.477700102508949,444.0,0
4.47780933335574,444.0,0
4.477918564202531,444.0,0
4.478027795049322,444.0,0
4.478137025896113,444.0,0
4.478246256742905,444.0,0
4.478355487589695,445.0,0
4.478464718436487,445.0,0
4.478573949283278,445.0,0
4.478683180130069,446.0,0
4.47879241097686,446.0,0
4.478901641823651,445.0,0
4.479010872670442,446.0,0
4.479120103517234,446.0,0
4.479229334364025,446.0,0
4.479338565210816,446.0,0
4.479447796057608,447.0,0
4.4795570269043985,447.0,0
4.479666257751189,447.0,0
4.479775488597981,447.0,0
4.4798847194447715,448.0,0
4.479993950291563,447.0,0
4.480103181138354,447.0,0
4.480212411985145,448.0,0
4.480321642831936,448.0,0
4.480430873678727,447.0,0
4.480540104525518,448.0,0
4.480649335372309,448.0,0
4.480758566219101,448.0,0
4.4808677970658914,448.0,0
4.480977027912683,448.0,0
4.481086258759474,448.0,0
4.481195489606265,448.0,0
4.481304720453056,448.0,0
4.481413951299848,448.0,0
4.481523182146638,448.0,0
4.48163241299343,448.0,0
4.481741643840222,448.0,0
4.481850874687012,448.0,0
4.481960105533804,448.0,0
4.482069336380595,448.0,0
4.482178567227385,448.0,0
4.482287798074177,448.0,0
4.482397028920968,448.0,0
4.482506259767759,448.0,0
4.48261549061455,448.0,0
4.4827247214613415,448.0,0
4.482833952308132,448.0,0
4.482943183154923,448.0,0
4.4830524140017145,448.0,0
4.483161644848505,448.0,0
4.483270875695297,448.0,0
4.4833801065420875,448.0,0
4.483489337388879,448.0,0
4.48359856823567,448.0,0
4.483707799082461,448.0,0
4.483817029929252,448.0,0
4.483926260776043,448.0,0
4.484035491622834,448.0,0
4.484144722469626,448.0,0
4.484253953316417,448.0,0
4.484363184163208,448.0,0
4.48447241501,448.0,0
4.484581645856791,448.0,0
4.484690876703581,448.0,0
4.484800107550373,448.0,0
4.484909338397164,448.0,0
4.485018569243955,448.0,0
4.485127800090746,448.0,0
4.485237030937538,449.0,0
4.485346261784328,448.0,0
4.485455492631119,448.0,0
4.485564723477911,449.0,0
4.485673954324701,449.0,0
4.485783185171493,448.0,0
4.485892416018284,448.0,0
4.486001646865075,448.0,0
4.486110877711866,448.0,0
4.4862201085586575,448.0,0
4.486329339405448,448.0,0
4.48643857025224,448.0,0
4.4865478010990305,448.0,0
4.486657031945822,448.0,0
4.486766262792614,448.0,0
4.486875493639404,448.0,0
4.486984724486196,448.0,0
4.487093955332987,448.0,0
4.487203186179777,449.0,0
4.487312417026569,448.0,0
4.48742164787336,448.0,0
4.487530878720151,449.0,0
4.487640109566942,448.0,0
4.487749340413734,448.0,0
4.487858571260524,448.0,0
4.487967802107316,448.0,0
4.488077032954107,448.0,0
4.488186263800897,448.0,0
4.488295494647689,448.0,0
4.48840472549448,448.0,0
4.488513956341271,448.0,0
4.488623187188062,448.0,0
4.488732418034854,448.0,0
4.488841648881644,448.0,0
4.488950879728435,447.0,0
4.489060110575227,448.0,0
4.489169341422018,448.0,0
4.489278572268809,448.0,0
4.4893878031156005,447.0,0
4.489497033962392,448.0,0
4.489606264809183,448.0,0
4.4897154956559735,447.0,0
4.489824726502765,447.0,0
4.489933957349556,448.0,0
4.490043188196347,448.0,0
4.490152419043138,447.0,0
4.49026164988993,447.0,0
4.49037088073672,448.0,0
4.490480111583512,447.0,0
4.490589342430303,447.0,0
4.490698573277093,448.0,0
4.490807804123885,448.0,0
4.490917034970676,448.0,0
4.491026265817467,448.0,0
4.491135496664258,448.0,0
4.49124472751105,448.0,0
4.49135395835784,448.0,0
4.491463189204632,448.0,0
4.491572420051423,448.0,0
4.491681650898214,448.0,0
4.491790881745006,448.0,0
4.491900112591797,449.0,0
4.492009343438588,448.0,0
4.492118574285379,448.0,0
4.49222780513217,449.0,0
4.492337035978961,449.0,0
4.492446266825752,449.0,0
4.4925554976725435,449.0,0
4.492664728519334,450.0,0
4.492773959366126,450.0,0
4.4928831902129165,449.0,0
4.492992421059708,450.0,0
4.493101651906499,450.0,0
4.4932108827532895,450.0,0
4.493320113600081,450.0,0
4.493429344446872,451.0,0
4.493538575293663,451.0,0
4.493647806140454,450.0,0
4.493757036987246,451.0,0
4.493866267834036,451.0,0
4.493975498680827,451.0,0
4.494084729527619,451.0,0
4.49419396037441,451.0,0
4.494303191221201,451.0,0
4.494412422067993,450.0,0
4.494521652914784,451.0,0
4.494630883761575,451.0,0
4.494740114608366,451.0,0
4.494849345455157,450.0,0
4.494958576301948,451.0,0
4.4950678071487395,451.0,0
4.49517703799553,450.0,0
4.495286268842322,450.0,0
4.495395499689113,451.0,0
4.495504730535904,451.0,0
4.495613961382695,450.0,0
4.495723192229486,451.0,0
4.495832423076277,451.0,0
4.495941653923068,450.0,0
4.4960508847698595,450.0,0
4.49616011561665,451.0,0
4.496269346463442,451.0,0
4.4963785773102325,450.0,0
4.496487808157024,451.0,0
4.496597039003815,451.0,0
4.496706269850606,450.0,0
4.496815500697398,450.0,0
4.496924731544189,451.0,0
4.49703396239098,451.0,0
4.497143193237771,450.0,0
4.497252424084562,450.0,0
4.497361654931353,451.0,0
4.497470885778144,451.0,0
4.497580116624936,450.0,0
4.497689347471726,451.0,0
4.497798578318518,451.0,0
4.497907809165309,451.0,0
4.4980170400121,451.0,0
4.498126270858891,451.0,0
4.498235501705682,451.0,0
4.498344732552473,451.0,0
4.498453963399264,451.0,0
4.4985631942460556,452.0,0
4.498672425092846,451.0,0
4.498781655939638,452.0,0
4.498890886786429,452.0,0
4.499000117633219,452.0,0
4.499109348480011,452.0,0
4.4992185793268025,452.0,0
4.499327810173593,454.0,0
4.499437041020385,454.0,0
4.499546271867176,454.0,0
4.499655502713967,454.0,0
4.499764733560758,455.0,0
4.499873964407549,454.0,0
4.49998319525434,455.0,0
4.500092426101132,455.0,0
4.500201656947922,455.0,0
4.500310887794714,455.0,0
4.500420118641505,455.0,0
4.500529349488296,455.0,0
4.500638580335087,455.0,0
4.500747811181878,455.0,0
4.500857042028669,455.0,0
4.50096627287546,455.0,0
4.501075503722252,455.0,0
4.501184734569042,455.0,0
4.501293965415834,456.0,0
4.501403196262625,455.0,0
4.501512427109416,455.0,0
4.501621657956207,456.0,0
4.5017308888029985,456.0,0
4.50184011964979,455.0,0
4.501949350496581,456.0,0
4.5020585813433724,456.0,0
4.502167812190163,456.0,0
4.502277043036955,456.0,0
4.5023862738837455,456.0,0
4.502495504730536,456.0,0
4.502604735577328,456.0,0
4.5027139664241185,456.0,0
4.50282319727091,457.0,0
4.502932428117701,456.0,0
4.503041658964492,456.0,0
4.503150889811283,456.0,0
4.503260120658074,456.0,0
4.503369351504865,456.0,0
4.503478582351656,456.0,0
4.503587813198448,456.0,0
4.503697044045238,456.0,0
4.50380627489203,455.0,0
4.503915505738821,456.0,0
4.504024736585611,456.0,0
4.504133967432403,456.0,0
4.504243198279195,456.0,0
4.504352429125985,456.0,0
4.504461659972777,455.0,0
4.5045708908195685,455.0,0
4.504680121666359,455.0,0
4.504789352513151,455.0,0
4.5048985833599415,455.0,0
4.505007814206732,455.0,0
4.505117045053524,455.0,0
4.5052262759003145,455.0,0
4.505335506747106,455.0,0
4.505444737593897,455.0,0
4.5055539684406885,455.0,0
4.505663199287479,455.0,0
4.50577243013427,455.0,0
4.5058816609810615,455.0,0
4.505990891827852,455.0,0
4.506100122674644,455.0,0
4.5062093535214345,455.0,0
4.506318584368226,455.0,0
4.506427815215017,455.0,0
4.506537046061808,455.0,0
4.506646276908599,455.0,0
4.506755507755391,455.0,0
4.506864738602182,454.0,0
4.506973969448973,454.0,0
4.507083200295765,454.0,0
4.507192431142555,454.0,0
4.507301661989347,454.0,0
4.507410892836138,454.0,0
4.507520123682928,454.0,0
4.50762935452972,454.0,0
4.507738585376511,454.0,0
4.507847816223302,454.0,0
4.507957047070093,454.0,0
4.5080662779168845,454.0,0
4.508175508763675,454.0,0
4.508284739610466,454.0,0
4.5083939704572575,453.0,0
4.508503201304048,454.0,0
4.50861243215084,454.0,0
4.5087216629976306,454.0,0
4.508830893844422,452.0,0
4.508940124691213,454.0,0
4.509049355538004,454.0,0
4.509158586384795,452.0,0
4.509267817231587,452.0,0
4.5093770480783775,454.0,0
4.509486278925169,453.0,0
4.509595509771961,452.0,0
4.509704740618751,452.0,0
4.509813971465543,454.0,0
4.509923202312334,452.0,0
4.510032433159124,453.0,0
4.510141664005916,453.0,0
4.510250894852707,454.0,0
4.510360125699498,452.0,0
4.510469356546289,454.0,0
4.510578587393081,454.0,0
4.510687818239871,454.0,0
4.510797049086662,453.0,0
4.510906279933454,454.0,0
4.511015510780244,454.0,0
4.511124741627036,454.0,0
4.511233972473827,454.0,0
4.511343203320618,454.0,0
4.511452434167409,454.0,0
4.5115616650142005,454.0,0
4.511670895860991,454.0,0
4.511780126707783,454.0,0
4.511889357554574,454.0,0
4.511998588401365,454.0,0
4.512107819248157,454.0,0
4.5122170500949474,454.0,0
4.512326280941739,454.0,0
4.51243551178853,454.0,0
4.5125447426353205,454.0,0
4.512653973482112,454.0,0
4.512763204328903,454.0,0
4.512872435175694,454.0,0
4.512981666022485,454.0,0
4.513090896869277,454.0,0
4.513200127716067,454.0,0
4.513309358562858,454.0,0
4.51341858940965,453.0,0
4.51352782025644,454.0,0
4.513637051103232,454.0,0
4.513746281950023,454.0,0
4.513855512796814,453.0,0
4.513964743643605,454.0,0
4.514073974490396,454.0,0
4.514183205337187,452.0,0
4.514292436183979,453.0,0
4.51440166703077,454.0,0
4.514510897877561,453.0,0
4.514620128724353,453.0,0
4.5147293595711435,453.0,0
4.514838590417935,453.0,0
4.514947821264726,452.0,0
4.5150570521115165,452.0,0
4.515166282958308,453.0,0
4.515275513805099,452.0,0
4.51538474465189,452.0,0
4.515493975498681,452.0,0
4.515603206345473,452.0,0
4.5157124371922635,452.0,0
4.515821668039054,452.0,0
4.515930898885846,452.0,0
4.5160401297326365,452.0,0
4.516149360579428,452.0,0
4.516258591426219,452.0,0
4.51636782227301,452.0,0
4.516477053119801,451.0,0
4.516586283966593,451.0,0
4.516695514813383,451.0,0
4.516804745660175,451.0,0
4.516913976506967,451.0,0
4.517023207353757,451.0,0
4.517132438200549,451.0,0
4.51724166904734,451.0,0
4.517350899894131,450.0,0
4.517460130740922,451.0,0
4.517569361587713,450.0,0
4.517678592434504,449.0,0
4.517787823281295,449.0,0
4.5178970541280865,450.0,0
4.518006284974877,449.0,0
4.518115515821669,449.0,0
4.5182247466684595,449.0,0
4.51833397751525,449.0,0
4.518443208362042,448.0,0
4.5185524392088325,448.0,0
4.518661670055624,449.0,0
4.518770900902415,449.0,0
4.518880131749206,448.0,0
4.518989362595997,448.0,0
4.519098593442789,448.0,0
4.5192078242895795,448.0,0
4.519317055136371,448.0,0
4.519426285983162,448.0,0
4.519535516829953,448.0,0
4.519644747676745,448.0,0
4.519753978523536,448.0,0
4.519863209370327,448.0,0
4.519972440217118,448.0,0
4.520081671063909,448.0,0
4.5201909019107,448.0,0
4.520300132757491,448.0,0
4.520409363604283,448.0,0
4.520518594451073,448.0,0
4.520627825297865,448.0,0
4.520737056144656,448.0,0
4.520846286991446,448.0,0
4.520955517838238,448.0,0
4.521064748685029,448.0,0
4.52117397953182,448.0,0
4.521283210378611,448.0,0
4.5213924412254025,448.0,0
4.521501672072193,448.0,0
4.521610902918985,448.0,0
4.5217201337657755,448.0,0
4.521829364612567,448.0,0
4.521938595459359,448.0,0
4.522047826306149,448.0,0
4.522157057152941,448.0,0
4.522266287999732,448.0,0
4.522375518846523,448.0,0
4.522484749693314,449.0,0
4.522593980540105,449.0,0
4.522703211386896,449.0,0
4.522812442233687,449.0,0
4.522921673080479,449.0,0
4.523030903927269,449.0,0
4.523140134774061,449.0,0
4.523249365620852,450.0,0
4.523358596467642,450.0,0
4.523467827314434,449.0,0
4.523577058161225,450.0,0
4.523686289008016,450.0,0
4.523795519854807,450.0,0
4.523904750701599,450.0,0
4.524013981548389,451.0,0
4.524123212395181,451.0,0
4.524232443241972,451.0,0
4.524341674088763,451.0,0
4.524450904935554,451.0,0
4.5245601357823455,451.0,0
4.524669366629137,451.0,0
4.524778597475928,451.0,0
4.524887828322719,451.0,0
4.52499705916951,451.0,0
4.525106290016301,451.0,0
4.525215520863092,451.0,0
4.525324751709883,452.0,0
4.525433982556675,451.0,0
4.525543213403465,452.0,0
4.525652444250257,451.0,0
4.525761675097048,451.0,0
4.5258709059438385,451.0,0
4.52598013679063,451.0,0
4.526089367637421,451.0,0
4.526198598484212,451.0,0
4.526307829331003,451.0,0
4.526417060177795,451.0,0
4.526526291024585,451.0,0
4.526635521871377,451.0,0
4.526744752718168,451.0,0
4.526853983564959,451.0,0
4.526963214411751,451.0,0
4.527072445258542,451.0,0
4.527181676105333,451.0,0
4.527290906952124,451.0,0
4.5274001377989155,451.0,0
4.527509368645706,451.0,0
4.527618599492497,451.0,0
4.5277278303392885,451.0,0
4.527837061186079,451.0,0
4.527946292032871,452.0,0
4.5280555228796615,452.0,0
4.528164753726453,452.0,0
4.528273984573244,452.0,0
4.5283832154200345,452.0,0
4.528492446266826,452.0,0
4.528601677113617,452.0,0
4.528710907960408,452.0,0
4.528820138807199,453.0,0
4.528929369653991,452.0,0
4.529038600500781,452.0,0
4.529147831347573,454.0,0
4.529257062194364,453.0,0
4.529366293041155,452.0,0
4.529475523887946,454.0,0
4.529584754734738,454.0,0
4.529693985581529,453.0,0
4.52980321642832,453.0,0
4.5299124472751116,454.0,0
4.530021678121902,454.0,0
4.530130908968693,453.0,0
4.530240139815485,454.0,0
4.530349370662275,454.0,0
4.530458601509067,453.0,0
4.530567832355858,453.0,0
4.530677063202649,453.0,0
4.53078629404944,454.0,0
4.530895524896231,452.0,0
4.531004755743022,452.0,0
4.531113986589813,453.0,0
4.5312232174366045,453.0,0
4.531332448283395,452.0,0
4.531441679130187,452.0,0
4.5315509099769775,453.0,0
4.531660140823769,452.0,0
4.53176937167056,452.0,0
4.531878602517351,453.0,0
4.531987833364143,452.0,0
4.532097064210934,452.0,0
4.532206295057725,452.0,0
4.532315525904516,453.0,0
4.532424756751308,452.0,0
4.532533987598098,452.0,0
4.532643218444889,453.0,0
4.532752449291681,453.0,0
4.532861680138471,452.0,0
4.532970910985263,452.0,0
4.533080141832054,452.0,0
4.533189372678845,452.0,0
4.533298603525636,451.0,0
4.533407834372428,452.0,0
4.533517065219218,452.0,0
4.533626296066009,451.0,0
4.533735526912801,451.0,0
4.533844757759591,451.0,0
4.533953988606383,451.0,0
4.534063219453174,450.0,0
4.534172450299965,451.0,0
4.534281681146756,451.0,0
4.5343909119935475,450.0,0
4.534500142840338,450.0,0
4.53460937368713,450.0,0
4.534718604533921,449.0,0
4.534827835380712,449.0,0
4.534937066227504,450.0,0
4.535046297074294,449.0,0
4.535155527921085,449.0,0
4.535264758767877,449.0,0
4.535373989614667,449.0,0
4.535483220461459,449.0,0
4.53559245130825,449.0,0
4.535701682155041,449.0,0
4.535810913001832,450.0,0
4.535920143848624,449.0,0
4.536029374695414,449.0,0
4.536138605542205,450.0,0
4.536247836388997,450.0,0
4.536357067235787,449.0,0
4.536466298082579,450.0,0
4.53657552892937,450.0,0
4.536684759776161,450.0,0
4.536793990622952,450.0,0
4.536903221469744,451.0,0
4.537012452316535,451.0,0
4.537121683163326,451.0,0
4.5372309140101175,451.0,0
4.537340144856908,451.0,0
4.5374493757037,451.0,0
4.5375586065504905,451.0,0
4.537667837397281,452.0,0
4.537777068244073,452.0,0
4.5378862990908635,452.0,0
4.537995529937655,452.0,0
4.538104760784446,453.0,0
4.538213991631237,452.0,0
4.538323222478028,453.0,0
4.53843245332482,454.0,0
4.53854168417161,454.0,0
4.538650915018401,454.0,0
4.538760145865193,454.0,0
4.538869376711983,454.0,0
4.538978607558775,454.0,0
4.539087838405566,454.0,0
4.539197069252357,455.0,0
4.539306300099148,455.0,0
4.53941553094594,455.0,0
4.53952476179273,455.0,0
4.539633992639522,455.0,0
4.5397432234863135,455.0,0
4.539852454333104,455.0,0
4.539961685179896,455.0,0
4.5400709160266866,455.0,0
4.540180146873477,455.0,0
4.540289377720269,455.0,0
4.54039860856706,455.0,0
4.540507839413851,455.0,0
4.540617070260642,456.0,0
4.5407263011074335,456.0,0
4.540835531954224,456.0,0
4.540944762801016,456.0,0
4.5410539936478065,456.0,0
4.541163224494597,456.0,0
4.541272455341389,457.0,0
4.5413816861881795,456.0,0
4.541490917034971,457.0,0
4.541600147881762,457.0,0
4.541709378728553,457.0,0
4.541818609575344,457.0,0
4.541927840422136,457.0,0
4.542037071268927,457.0,0
4.542146302115718,457.0,0
4.54225553296251,457.0,0
4.5423647638093,457.0,0
4.542473994656092,457.0,0
4.542583225502883,457.0,0
4.542692456349673,457.0,0
4.542801687196465,457.0,0
4.542910918043256,457.0,0
4.543020148890047,457.0,0
4.543129379736838,457.0,0
4.5432386105836295,457.0,0
4.54334784143042,457.0,0
4.543457072277212,457.0,0
4.543566303124003,457.0,0
4.543675533970793,457.0,0
4.543784764817585,457.0,0
4.543893995664376,458.0,0
4.544003226511167,457.0,0
4.544112457357958,457.0,0
4.5442216882047495,457.0,0
4.54433091905154,458.0,0
4.544440149898332,457.0,0
4.5445493807451225,457.0,0
4.544658611591914,457.0,0
4.544767842438706,457.0,0
4.544877073285496,457.0,0
4.544986304132288,457.0,0
4.545095534979079,457.0,0
4.545204765825869,457.0,3
4.545313996672661,456.0,0
4.545423227519452,457.0,0
4.545532458366243,457.0,0
4.545641689213034,456.0,0
4.545750920059826,456.0,0
4.545860150906616,457.0,0
4.545969381753408,456.0,0
4.546078612600199,456.0,0
4.546187843446989,456.0,0
4.546297074293781,457.0,0
4.546406305140572,456.0,0
4.546515535987363,456.0,0
4.546624766834154,457.0,0
4.5467339976809455,457.0,0
4.546843228527736,456.0,0
4.546952459374528,457.0,0
4.5470616902213195,457.0,0
4.54717092106811,456.0,0
4.547280151914902,456.0,0
4.5473893827616925,457.0,0
4.547498613608484,456.0,0
4.547607844455275,456.0,0
4.547717075302066,456.0,0
4.547826306148857,457.0,0
4.547935536995648,456.0,0
4.548044767842439,455.0,0
4.54815399868923,456.0,0
4.548263229536022,456.0,0
4.548372460382812,455.0,0
4.548481691229604,455.0,0
4.548590922076395,455.0,0
4.548700152923185,455.0,0
4.548809383769977,455.0,0
4.548918614616768,455.0,0
4.549027845463559,455.0,0
4.54913707631035,455.0,0
4.549246307157142,455.0,0
4.549355538003932,456.0,0
4.549464768850724,455.0,0
4.549573999697515,455.0,0
4.549683230544306,455.0,0
4.549792461391098,455.0,0
4.5499016922378885,455.0,0
4.55001092308468,455.0,0
4.550120153931471,455.0,0
4.550229384778262,455.0,0
4.550338615625053,455.0,0
4.550447846471844,455.0,0
4.5505570773186355,455.0,0
4.550666308165426,455.0,0
4.550775539012218,455.0,0
4.5508847698590085,455.0,0
4.5509940007058,455.0,0
4.551103231552591,455.0,0
4.5512124623993815,455.0,0
4.551321693246173,455.0,0
4.551430924092964,454.0,0
4.551540154939755,454.0,0
4.551649385786546,454.0,0
4.551758616633338,454.0,0
4.551867847480128,453.0,0
4.55197707832692,453.0,0
4.552086309173712,453.0,0
4.552195540020502,452.0,0
4.552304770867294,451.0,0
4.552414001714085,451.0,0
4.552523232560876,451.0,0
4.552632463407667,451.0,0
4.5527416942544585,450.0,0
4.552850925101249,450.0,0
4.55296015594804,449.0,0
4.5530693867948315,449.0,0
4.553178617641622,448.0,0
4.553287848488414,448.0,0
4.5533970793352045,448.0,0
4.553506310181996,447.0,0
4.553615541028787,447.0,0
4.553724771875578,447.0,0
4.553834002722369,446.0,0
4.55394323356916,446.0,0
4.5540524644159515,445.0,0
4.554161695262742,444.0,0
4.554270926109534,444.0,0
4.5543801569563245,444.0,0
4.554489387803116,444.0,0
4.554598618649907,443.0,0
4.554707849496698,442.0,0
4.55481708034349,443.0,0
4.554926311190281,441.0,0
4.555035542037072,441.0,0
4.555144772883863,441.0,0
4.555254003730655,440.0,0
4.555363234577445,440.0,0
4.555472465424236,440.0,0
4.555581696271028,440.0,0
4.555690927117818,440.0,0
4.55580015796461,439.0,0
4.555909388811401,438.0,0
4.556018619658192,438.0,0
4.556127850504983,437.0,0
4.556237081351774,436.0,0
4.556346312198565,436.0,0
4.556455543045356,436.0,0
4.5565647738921475,435.0,0
4.556674004738938,435.0,0
4.55678323558573,435.0,0
4.5568924664325205,435.0,0
4.557001697279312,434.0,0
4.557110928126104,434.0,0
4.5572201589728945,434.0,0
4.557329389819686,433.0,0
4.557438620666477,433.0,0
4.557547851513268,432.0,0
4.557657082360059,432.0,0
4.557766313206851,432.0,0
4.557875544053641,432.0,0
4.557984774900432,432.0,0
4.558094005747224,431.0,0
4.558203236594014,431.0,0
4.558312467440806,431.0,0
4.558421698287597,430.0,0
4.558530929134388,430.0,0
4.558640159981179,430.0,0
4.55874939082797,430.0,0
4.558858621674761,429.0,0
4.558967852521552,429.0,0
4.559077083368344,428.0,0
4.559186314215134,428.0,0
4.559295545061926,428.0,0
4.559404775908717,428.0,0
4.559514006755508,428.0,0
4.559623237602299,428.0,0
4.5597324684490905,427.0,0
4.559841699295882,427.0,0
4.559950930142673,426.0,0
4.560060160989464,426.0,0
4.560169391836255,425.0,0
4.560278622683047,425.0,0
4.560387853529837,424.0,0
4.560497084376628,424.0,0
4.56060631522342,423.0,0
4.5607155460702105,423.0,0
4.560824776917002,423.0,0
4.560934007763793,423.0,0
4.561043238610584,422.0,0
4.561152469457375,421.0,0
4.561261700304166,420.0,0
4.561370931150957,420.0,0
4.561480161997748,419.0,0
4.56158939284454,419.0,0
4.56169862369133,418.0,0
4.561807854538122,417.0,0
4.561917085384913,417.0,0
4.562026316231704,416.0,0
4.562135547078496,415.0,0
4.562244777925287,415.0,0
4.562354008772078,415.0,0
4.562463239618869,414.0,0
4.5625724704656605,413.0,0
4.562681701312451,412.0,0
4.562790932159243,412.0,0
4.5629001630060335,412.0,0
4.563009393852824,411.0,0
4.563118624699616,411.0,0
4.5632278555464065,410.0,0
4.563337086393198,409.0,0
4.563446317239989,408.0,0
4.56355554808678,408.0,0
4.563664778933571,408.0,0
4.563774009780362,407.0,0
4.5638832406271534,406.0,0
4.563992471473944,406.0,0
4.564101702320736,405.0,0
4.5642109331675265,404.0,0
4.564320164014318,403.0,0
4.564429394861109,403.0,0
4.5645386257079,403.0,0
4.564647856554691,402.0,0
4.564757087401483,401.0,0
4.564866318248274,401.0,0
4.564975549095065,400.0,0
4.565084779941857,399.0,0
4.565194010788647,399.0,0
4.565303241635439,398.0,0
4.56541247248223,398.0,0
4.56552170332902,398.0,0
4.565630934175812,396.0,0
4.565740165022603,396.0,0
4.565849395869394,396.0,0
4.565958626716185,396.0,0
4.5660678575629765,394.0,0
4.566177088409767,393.0,0
4.566286319256558,393.0,0
4.5663955501033495,392.0,0
4.56650478095014,391.0,0
4.566614011796932,391.0,0
4.5667232426437225,391.0,0
4.566832473490514,390.0,0
4.566941704337305,388.0,0
4.567050935184096,388.0,0
4.567160166030888,388.0,0
4.567269396877679,387.0,0
4.56737862772447,387.0,0
4.567487858571261,386.0,0
4.567597089418053,386.0,0
4.567706320264843,385.0,0
4.567815551111635,384.0,0
4.567924781958426,384.0,0
4.568034012805216,384.0,0
4.568143243652008,382.0,0
4.568252474498799,382.0,0
4.56836170534559,382.0,0
4.568470936192381,380.0,0
4.568580167039173,380.0,0
4.568689397885963,379.0,0
4.568798628732754,379.0,0
4.568907859579546,377.0,0
4.569017090426336,377.0,0
4.569126321273128,376.0,0
4.569235552119919,376.0,0
4.56934478296671,376.0,0
4.569454013813501,375.0,0
4.5695632446602925,374.0,0
4.569672475507083,373.0,0
4.569781706353875,371.0,0
4.569890937200666,371.0,0
4.570000168047457,371.0,0
4.570109398894249,369.0,0
4.570218629741039,369.0,0
4.570327860587831,369.0,0
4.570437091434622,368.0,0
4.570546322281412,367.0,0
4.570655553128204,366.0,0
4.570764783974995,366.0,0
4.570874014821786,364.0,0
4.570983245668577,364.0,0
4.571092476515369,364.0,0
4.571201707362159,364.0,0
4.57131093820895,361.0,0
4.571420169055742,361.0,0
4.571529399902532,360.0,0
4.571638630749324,359.0,0
4.571747861596115,358.0,0
4.571857092442906,358.0,0
4.571966323289697,357.0,0
4.572075554136489,355.0,0
4.57218478498328,355.0,0
4.572294015830071,355.0,0
4.5724032466768625,353.0,0
4.572512477523653,352.0,0
4.572621708370445,352.0,0
4.5727309392172355,351.0,0
4.572840170064027,350.0,0
4.572949400910818,348.0,0
4.5730586317576085,348.0,0
4.5731678626044,347.0,0
4.573277093451191,345.0,0
4.573386324297982,344.0,0
4.573495555144773,344.0,0
4.573604785991565,344.0,0
4.573714016838355,342.0,0
4.573823247685146,340.0,0
4.573932478531938,339.0,0
4.5740417093787284,339.0,0
4.57415094022552,337.0,0
4.574260171072311,337.0,0
4.574369401919102,336.0,0
4.574478632765893,335.0,0
4.574587863612685,334.0,0
4.574697094459475,334.0,0
4.574806325306267,332.0,0
4.574915556153059,331.0,0
4.575024786999849,331.0,0
4.575134017846641,330.0,0
4.575243248693432,328.0,0
4.575352479540223,327.0,0
4.575461710387014,327.0,0
4.575570941233805,327.0,0
4.575680172080596,326.0,0
4.575789402927387,324.0,0
4.5758986337741785,324.0,0
4.576007864620969,323.0,0
4.576117095467761,322.0,0
4.5762263263145515,321.0,0
4.576335557161342,321.0,0
4.576444788008134,320.0,0
4.5765540188549245,319.0,0
4.576663249701716,319.0,0
4.576772480548507,319.0,0
4.576881711395298,318.0,0
4.576990942242089,316.0,0
4.577100173088881,316.0,0
4.577209403935672,316.0,0
4.577318634782463,314.0,0
4.577427865629255,313.0,0
4.577537096476045,313.0,0
4.577646327322837,312.0,0
4.577755558169628,311.0,0
4.577864789016419,310.0,0
4.57797401986321,309.0,0
4.578083250710001,307.0,0
4.578192481556792,307.0,0
4.578301712403583,306.0,0
4.578410943250375,305.0,0
4.578520174097165,304.0,0
4.578629404943957,303.0,0
4.578738635790748,302.0,0
4.578847866637539,302.0,0
4.57895709748433,300.0,0
4.579066328331121,300.0,0
4.579175559177912,299.0,0
4.579284790024703,297.0,0
4.5793940208714945,296.0,0
4.579503251718285,296.0,0
4.579612482565077,295.0,0
4.5797217134118675,295.0,0
4.579830944258659,294.0,0
4.579940175105451,294.0,0
4.580049405952241,292.0,0
4.580158636799033,291.0,0
4.580267867645824,291.0,0
4.580377098492615,291.0,0
4.580486329339406,289.0,0
4.580595560186197,288.0,0
4.580704791032988,288.0,0
4.580814021879779,288.0,0
4.580923252726571,287.0,0
4.581032483573361,286.0,0
4.581141714420153,286.0,0
4.581250945266944,286.0,0
4.581360176113735,284.0,0
4.581469406960526,284.0,0
4.581578637807317,284.0,0
4.581687868654108,283.0,0
4.581797099500899,281.0,0
4.581906330347691,281.0,0
4.582015561194481,280.0,0
4.582124792041273,280.0,0
4.5822340228880645,279.0,0
4.582343253734855,278.0,0
4.582452484581647,277.0,0
4.5825617154284375,275.0,0
4.582670946275229,275.0,0
4.58278017712202,275.0,0
4.582889407968811,273.0,0
4.582998638815602,272.0,0
4.583107869662393,271.0,0
4.583217100509184,271.0,0
4.583326331355975,270.0,0
4.583435562202767,268.0,0
4.583544793049557,268.0,0
4.583654023896349,267.0,0
4.58376325474314,265.0,0
4.583872485589931,264.0,0
4.583981716436722,263.0,0
4.584090947283513,263.0,0
4.584200178130304,262.0,0
4.584309408977095,260.0,0
4.584418639823887,259.0,0
4.584527870670677,258.0,0
4.584637101517469,257.0,0
4.58474633236426,256.0,0
4.584855563211051,255.0,0
4.584964794057843,254.0,0
4.585074024904634,252.0,0
4.585183255751425,252.0,0
4.585292486598216,251.0,0
4.5854017174450075,250.0,0
4.585510948291798,249.0,0
4.585620179138589,248.0,0
4.5857294099853805,248.0,0
4.585838640832171,247.0,0
4.585947871678963,246.0,0
4.5860571025257535,244.0,0
4.586166333372545,243.0,0
4.586275564219336,243.0,0
4.586384795066127,243.0,0
4.586494025912918,241.0,0
4.586603256759709,240.0,0
4.5867124876065,240.0,0
4.586821718453291,239.0,0
4.586930949300083,238.0,0
4.587040180146873,237.0,0
4.587149410993665,236.0,0
4.587258641840457,236.0,0
4.587367872687247,235.0,0
4.587477103534039,233.0,0
4.58758633438083,233.0,0
4.587695565227621,232.0,0
4.587804796074412,231.0,0
4.5879140269212035,230.0,0
4.588023257767994,230.0,0
4.588132488614785,228.0,0
4.5882417194615766,227.0,0
4.588350950308367,227.0,0
4.588460181155159,227.0,0
4.58856941200195,225.0,0
4.588678642848741,225.0,0
4.588787873695532,224.0,0
4.5888971045423235,224.0,0
4.589006335389114,223.0,0
4.589115566235905,223.0,0
4.5892247970826965,222.0,0
4.589334027929487,220.0,0
4.589443258776279,220.0,0
4.5895524896230695,220.0,0
4.589661720469861,219.0,0
4.589770951316652,218.0,0
4.589880182163443,217.0,0
4.589989413010235,217.0,0
4.590098643857026,216.0,0
4.590207874703817,216.0,0
4.590317105550608,216.0,0
4.5904263363974,215.0,0
4.59053556724419,214.0,0
4.590644798090981,212.0,0
4.590754028937773,212.0,0
4.590863259784563,211.0,0
4.590972490631355,211.0,0
4.591081721478146,210.0,0
4.591190952324937,209.0,0
4.591300183171728,208.0,0
4.5914094140185195,208.0,0
4.59151864486531,207.0,0
4.591627875712101,207.0,0
4.591737106558893,206.0,0
4.591846337405683,205.0,0
4.591955568252475,205.0,0
4.592064799099266,204.0,0
4.592174029946057,204.0,0
4.592283260792849,202.0,0
4.5923924916396395,202.0,0
4.592501722486431,201.0,0
4.592610953333222,200.0,0
4.592720184180013,199.0,0
4.592829415026804,199.0,0
4.592938645873596,198.0,0
4.593047876720386,197.0,0
4.593157107567177,196.0,0
4.593266338413969,195.0,0
4.593375569260759,195.0,0
4.593484800107551,194.0,0
4.593594030954342,193.0,0
4.593703261801133,192.0,0
4.593812492647924,192.0,0
4.593921723494716,192.0,0
4.594030954341506,191.0,0
4.594140185188297,190.0,0
4.594249416035089,189.0,0
4.594358646881879,188.0,0
4.594467877728671,188.0,0
4.594577108575462,187.0,0
4.594686339422253,187.0,0
4.594795570269044,185.0,0
4.5949048011158355,184.0,0
4.595014031962627,184.0,0
4.595123262809418,184.0,0
4.5952324936562094,183.0,0
4.595341724503,182.0,0
4.595450955349792,181.0,0
4.5955601861965825,180.0,0
4.595669417043374,179.0,0
4.595778647890165,178.0,0
4.5958878787369555,177.0,0
4.595997109583747,177.0,0
4.596106340430538,176.0,0
4.596215571277329,175.0,0
4.59632480212412,175.0,0
4.596434032970912,174.0,0
4.596543263817702,173.0,0
4.596652494664493,172.0,0
4.596761725511285,172.0,0
4.596870956358075,172.0,0
4.596980187204867,171.0,0
4.597089418051658,170.0,0
4.597198648898449,169.0,0
4.597307879745241,169.0,0
4.597417110592032,168.0,0
4.597526341438823,167.0,0
4.597635572285614,167.0,0
4.5977448031324055,166.0,0
4.597854033979196,166.0,0
4.597963264825988,164.0,0
4.5980724956727785,164.0,0
4.59818172651957,163.0,0
4.598290957366361,163.0,0
4.5984001882131516,163.0,0
4.598509419059943,161.0,0
4.598618649906734,161.0,0
4.5987278807535255,161.0,0
4.598837111600316,160.0,0
4.598946342447108,159.0,0
4.5990555732938985,159.0,0
4.599164804140689,159.0,0
4.599274034987481,158.0,0
4.5993832658342715,157.0,0
4.599492496681063,156.0,0
4.599601727527854,156.0,0
4.599710958374645,156.0,0
4.599820189221436,155.0,0
4.599929420068228,153.0,0
4.600038650915019,153.0,0
4.60014788176181,153.0,0
4.600257112608602,152.0,0
4.600366343455392,152.0,0
4.600475574302184,152.0,0
4.600584805148975,152.0,0
4.600694035995766,151.0,0
4.600803266842557,150.0,0
4.600912497689348,150.0,0
4.601021728536139,149.0,0
4.60113095938293,148.0,0
4.6012401902297215,148.0,0
4.601349421076512,147.0,0
4.601458651923304,147.0,0
4.6015678827700945,147.0,0
4.601677113616885,146.0,0
4.601786344463677,145.0,0
4.601895575310468,145.0,0
4.602004806157259,144.0,0
4.60211403700405,144.0,0
4.6022232678508415,143.0,0
4.602332498697633,142.0,0
4.602441729544424,142.0,0
4.602550960391215,141.0,0
4.602660191238006,140.0,0
4.602769422084798,140.0,0
4.602878652931588,140.0,0
4.60298788377838,139.0,0
4.603097114625171,138.0,0
4.603206345471962,137.0,0
4.603315576318753,137.0,0
4.603424807165544,136.0,0
4.603534038012335,135.0,0
4.603643268859126,135.0,0
4.603752499705918,134.0,0
4.603861730552708,133.0,0
4.6039709613995,132.0,0
4.604080192246291,131.0,0
4.604189423093081,131.0,0
4.604298653939873,130.0,0
4.604407884786664,129.0,0
4.604517115633455,129.0,0
4.604626346480246,128.0,0
4.6047355773270375,127.0,0
4.604844808173828,126.0,0
4.60495403902062,126.0,0
4.605063269867411,125.0,0
4.605172500714202,124.0,0
4.605281731560994,124.0,0
4.6053909624077844,123.0,0
4.605500193254576,123.0,0
4.605609424101367,121.0,0
4.605718654948158,121.0,0
4.605827885794949,120.0,0
4.60593711664174,120.0,0
4.606046347488531,120.0,0
4.606155578335322,120.0,0
4.606264809182114,119.0,0
4.606374040028904,117.0,0
4.606483270875696,116.0,0
4.606592501722487,116.0,0
4.606701732569277,116.0,0
4.606810963416069,115.0,0
4.60692019426286,114.0,0
4.607029425109651,113.0,0
4.607138655956442,113.0,0
4.607247886803234,112.0,0
4.607357117650025,111.0,0
4.607466348496816,111.0,0
4.6075755793436075,110.0,0
4.607684810190398,109.0,0
4.60779404103719,108.0,0
4.6079032718839805,109.0,0
4.608012502730772,108.0,0
4.608121733577563,107.0,0
4.608230964424354,107.0,0
4.608340195271145,107.0,0
4.608449426117936,105.0,0
4.608558656964727,104.0,0
4.608667887811518,104.0,0
4.60877711865831,103.0,0
4.6088863495051005,103.0,0
4.608995580351892,102.0,0
4.609104811198683,102.0,0
4.6092140420454735,102.0,0
4.609323272892265,100.0,0
4.609432503739056,100.0,0
4.609541734585847,99.0,0
4.609650965432638,99.0,0
4.60976019627943,98.0,0
4.60986942712622,97.0,0
4.609978657973012,97.0,0
4.610087888819804,97.0,0
4.610197119666594,96.0,0
4.610306350513386,96.0,0
4.610415581360177,96.0,0
4.610524812206968,96.0,0
4.610634043053759,94.0,0
4.6107432739005505,94.0,0
4.610852504747341,94.0,0
4.610961735594132,94.0,0
4.6110709664409235,94.0,0
4.611180197287714,93.0,0
4.611289428134506,93.0,0
4.6113986589812965,93.0,0
4.611507889828088,92.0,0
4.611617120674879,92.0,0
4.6117263515216695,92.0,0
4.611835582368461,92.0,0
4.611944813215252,92.0,0
4.6120540440620434,92.0,0
4.612163274908834,92.0,0
4.612272505755626,91.0,0
4.612381736602417,91.0,0
4.612490967449208,91.0,0
4.612600198296,91.0,0
4.61270942914279,91.0,0
4.612818659989582,90.0,0
4.612927890836373,89.0,0
4.613037121683164,89.0,0
4.613146352529955,89.0,0
4.613255583376747,89.0,0
4.613364814223537,88.0,0
4.613474045070328,88.0,0
4.61358327591712,88.0,0
4.61369250676391,88.0,0
4.613801737610702,88.0,0
4.613910968457493,88.0,0
4.614020199304284,88.0,0
4.614129430151075,87.0,0
4.614238660997866,86.0,0
4.614347891844657,86.0,0
4.614457122691448,86.0,0
4.6145663535382395,85.0,0
4.61467558438503,84.0,0
4.614784815231822,84.0,0
4.6148940460786125,84.0,0
4.615003276925404,83.0,0
4.615112507772196,83.0,0
4.615221738618986,83.0,0
4.615330969465778,82.0,0
4.615440200312569,81.0,0
4.61554943115936,81.0,0
4.615658662006151,80.0,0
4.615767892852943,80.0,0
4.615877123699733,79.0,0
4.615986354546524,79.0,0
4.616095585393316,78.0,0
4.616204816240106,78.0,0
4.616314047086898,76.0,0
4.616423277933689,76.0,0
4.61653250878048,76.0,0
4.616641739627271,76.0,0
4.616750970474062,75.0,0
4.616860201320853,75.0,0
4.616969432167644,75.0,0
4.617078663014436,73.0,0
4.617187893861226,73.0,0
4.617297124708018,73.0,0
4.6174063555548095,72.0,0
4.6175155864016,72.0,0
4.617624817248392,71.0,0
4.6177340480951825,71.0,0
4.617843278941974,70.0,0
4.617952509788765,70.0,0
4.618061740635556,68.0,0
4.618170971482347,68.0,0
4.618280202329139,68.0,0
4.618389433175929,68.0,0
4.61849866402272,67.0,0
4.618607894869512,67.0,0
4.618717125716302,67.0,0
4.618826356563094,66.0,0
4.618935587409885,65.0,0
4.619044818256676,65.0,0
4.619154049103467,65.0,0
4.619263279950258,65.0,0
4.619372510797049,64.0,0
4.61948174164384,63.0,0
4.619590972490632,63.0,0
4.619700203337422,63.0,0
4.619809434184214,62.0,0
4.619918665031005,62.0,0
4.620027895877796,61.0,0
4.620137126724588,60.0,0
4.620246357571379,60.0,0
4.62035558841817,60.0,0
4.620464819264961,59.0,0
4.6205740501117525,59.0,0
4.620683280958543,57.0,0
4.620792511805335,57.0,0
4.6209017426521255,56.0,0
4.621010973498916,56.0,0
4.621120204345708,56.0,0
4.6212294351924985,56.0,0
4.62133866603929,55.0,0
4.621447896886081,54.0,0
4.621557127732872,53.0,0
4.621666358579663,53.0,0
4.621775589426454,52.0,0
4.621884820273245,51.0,0
4.621994051120036,51.0,0
4.622103281966828,51.0,0
4.6222125128136184,51.0,0
4.62232174366041,50.0,0
4.622430974507202,49.0,0
4.622540205353992,49.0,0
4.622649436200784,49.0,0
4.622758667047575,48.0,0
4.622867897894366,48.0,0
4.622977128741157,48.0,0
4.623086359587949,48.0,0
4.623195590434739,47.0,0
4.623304821281531,46.0,0
4.623414052128322,47.0,0
4.623523282975112,46.0,0
4.623632513821904,46.0,0
4.623741744668695,45.0,0
4.623850975515486,46.0,0
4.623960206362277,45.0,0
4.6240694372090685,45.0,0
4.624178668055859,44.0,0
4.62428789890265,45.0,0
4.6243971297494415,44.0,0
4.624506360596232,44.0,0
4.624615591443024,44.0,0
4.6247248222898145,44.0,0
4.624834053136606,44.0,0
4.624943283983397,44.0,0
4.625052514830188,44.0,0
4.62516174567698,44.0,0
4.625270976523771,44.0,0
4.625380207370562,44.0,0
4.625489438217353,44.0,0
4.625598669064145,44.0,0
4.625707899910935,44.0,0
4.625817130757727,44.0,0
4.625926361604518,43.0,0
4.626035592451308,44.0,0
4.6261448232981,43.0,0
4.626254054144891,43.0,0
4.626363284991682,43.0,0
4.626472515838473,43.0,0
4.626581746685265,43.0,0
4.626690977532055,42.0,0
4.626800208378847,42.0,0
4.626909439225638,43.0,0
4.627018670072428,42.0,0
4.62712790091922,41.0,0
4.627237131766011,41.0,0
4.627346362612802,42.0,0
4.627455593459594,41.0,0
4.6275648243063845,41.0,0
4.627674055153176,41.0,0
4.627783285999967,41.0,0
4.627892516846758,41.0,0
4.628001747693549,41.0,0
4.628110978540341,41.0,0
4.628220209387131,41.0,0
4.628329440233923,40.0,0
4.628438671080714,40.0,0
4.628547901927504,41.0,0
4.628657132774296,40.0,0
4.628766363621087,40.0,0
4.628875594467878,40.0,0
4.628984825314669,40.0,0
4.629094056161461,40.0,0
4.629203287008251,40.0,0
4.629312517855043,40.0,0
4.629421748701834,40.0,0
4.629530979548624,40.0,0
4.629640210395416,39.0,0
4.629749441242207,39.0,0
4.629858672088998,39.0,0
4.629967902935789,39.0,0
4.630077133782581,39.0,0
4.630186364629372,39.0,0
4.630295595476163,39.0,0
4.6304048263229545,39.0,0
4.630514057169745,38.0,0
4.630623288016537,38.0,0
4.6307325188633275,38.0,0
4.630841749710119,38.0,0
4.63095098055691,37.0,0
4.6310602114037005,37.0,0
4.631169442250492,37.0,0
4.631278673097283,36.0,0
4.631387903944074,36.0,0
4.631497134790865,36.0,0
4.631606365637657,35.0,0
4.631715596484447,35.0,0
4.631824827331239,35.0,0
4.63193405817803,35.0,0
4.63204328902482,35.0,0
4.632152519871612,35.0,0
4.632261750718403,35.0,0
4.632370981565194,34.0,0
4.632480212411986,34.0,0
4.632589443258777,33.0,0
4.632698674105568,33.0,0
4.632807904952359,33.0,0
4.6329171357991505,33.0,0
4.633026366645941,33.0,0
4.633135597492733,32.0,0
4.633244828339524,32.0,0
4.633354059186315,32.0,0
4.633463290033106,32.0,0
4.633572520879897,31.0,0
4.633681751726688,32.0,0
4.633790982573479,31.0,0
4.6339002134202705,31.0,0
4.634009444267061,31.0,0
4.634118675113853,31.0,0
4.6342279059606435,31.0,0
4.634337136807435,31.0,0
4.634446367654226,31.0,0
4.6345555985010165,31.0,0
4.634664829347808,31.0,0
4.634774060194599,31.0,0
4.63488329104139,30.0,0
4.634992521888181,31.0,0
4.635101752734973,30.0,0
4.635210983581764,30.0,0
4.635320214428555,29.0,0
4.635429445275347,30.0,0
4.635538676122137,30.0,0
4.635647906968929,29.0,0
4.63575713781572,29.0,0
4.635866368662511,29.0,0
4.635975599509302,29.0,0
4.636084830356093,28.0,0
4.636194061202884,28.0,0
4.636303292049675,28.0,0
4.6364125228964665,28.0,0
4.636521753743257,28.0,0
4.636630984590049,28.0,0
4.63674021543684,28.0,0
4.636849446283631,28.0,0
4.636958677130422,28.0,0
4.637067907977213,28.0,0
4.637177138824004,28.0,0
4.637286369670795,28.0,0
4.6373956005175865,28.0,0
4.637504831364378,28.0,0
4.637614062211169,28.0,0
4.63772329305796,28.0,0
4.637832523904751,28.0,0
4.637941754751543,28.0,0
4.638050985598333,28.0,0
4.638160216445125,27.0,0
4.638269447291916,27.0,0
4.638378678138707,27.0,0
4.638487908985498,27.0,0
4.638597139832289,27.0,0
4.63870637067908,27.0,0
4.638815601525871,27.0,0
4.638924832372663,27.0,0
4.639034063219453,27.0,0
4.639143294066245,27.0,0
4.639252524913036,27.0,0
4.639361755759827,27.0,0
4.639470986606618,27.0,0
4.639580217453409,27.0,0
4.6396894483002,27.0,0
4.639798679146991,27.0,0
4.6399079099937826,27.0,0
4.640017140840573,27.0,0
4.640126371687365,27.0,0
4.6402356025341565,27.0,0
4.640344833380947,27.0,0
4.640454064227739,27.0,0
4.6405632950745295,27.0,0
4.640672525921321,27.0,0
4.640781756768112,27.0,0
4.640890987614903,27.0,0
4.641000218461694,26.0,0
4.641109449308486,27.0,0
4.641218680155276,26.0,0
4.641327911002067,26.0,0
4.641437141848859,26.0,0
4.641546372695649,25.0,0
4.641655603542441,26.0,0
4.641764834389232,25.0,0
4.641874065236023,25.0,0
4.641983296082814,25.0,0
4.642092526929605,25.0,0
4.642201757776396,25.0,0
4.642310988623187,25.0,0
4.642420219469979,25.0,0
4.64252945031677,25.0,0
4.642638681163561,25.0,0
4.6427479120103525,25.0,0
4.642857142857143,25.0,0
4.642966373703935,25.0,0
4.6430756045507255,25.0,0
4.643184835397517,25.0,0
4.643294066244308,25.0,0
4.6434032970910994,25.0,0
4.64351252793789,25.0,0
4.643621758784682,25.0,0
4.6437309896314725,25.0,0
4.643840220478263,24.0,0
4.643949451325055,24.0,0
4.6440586821718455,24.0,0
4.644167913018637,24.0,0
4.644277143865428,24.0,0
4.644386374712219,24.0,0
4.64449560555901,24.0,0
4.644604836405801,24.0,0
4.644714067252592,24.0,0
4.644823298099383,24.0,0
4.644932528946175,24.0,0
4.645041759792965,24.0,0
4.645150990639757,24.0,0
4.645260221486549,24.0,0
4.645369452333339,24.0,0
4.645478683180131,24.0,0
4.645587914026922,24.0,0
4.645697144873713,24.0,0
4.645806375720504,24.0,0
4.6459156065672955,24.0,0
4.646024837414086,24.0,0
4.646134068260878,24.0,0
4.6462432991076685,24.0,0
4.646352529954459,24.0,0
4.646461760801251,24.0,0
4.6465709916480415,24.0,0
4.646680222494833,24.0,0
4.646789453341624,24.0,0
4.6468986841884155,24.0,0
4.647007915035206,24.0,0
4.647117145881997,24.0,0
4.6472263767287885,24.0,0
4.647335607575579,24.0,0
4.647444838422371,24.0,0
4.647554069269162,24.0,0
4.647663300115953,24.0,0
4.647772530962745,24.0,0
4.647881761809535,24.0,0
4.647990992656327,24.0,0
4.648100223503118,24.0,0
4.648209454349909,24.0,0
4.6483186851967,24.0,0
4.648427916043492,24.0,0
4.648537146890282,24.0,0
4.648646377737074,24.0,0
4.648755608583865,24.0,0
4.648864839430655,24.0,0
4.648974070277447,24.0,0
4.649083301124238,24.0,0
4.649192531971029,24.0,0
4.64930176281782,24.0,0
4.6494109936646115,24.0,0
4.649520224511402,24.0,0
4.649629455358193,24.0,0
4.6497386862049845,24.0,0
4.649847917051775,24.0,0
4.649957147898567,24.0,0
4.6500663787453576,24.0,0
4.650175609592149,24.0,0
4.650284840438941,24.0,0
4.6503940712857315,24.0,0
4.650503302132523,24.0,0
4.650612532979314,24.0,0
4.650721763826105,24.0,0
4.650830994672896,24.0,0
4.650940225519688,24.0,0
4.651049456366478,24.0,0
4.65115868721327,24.0,0
4.651267918060061,24.0,0
4.651377148906851,24.0,0
4.651486379753643,24.0,0
4.651595610600434,24.0,0
4.651704841447225,24.0,0
4.651814072294016,24.0,0
4.651923303140808,24.0,0
4.652032533987598,24.0,0
4.652141764834389,24.0,0
4.652250995681181,24.0,0
4.652360226527971,24.0,0
4.652469457374763,24.0,0
4.6525786882215545,24.0,0
4.652687919068345,24.0,0
4.652797149915137,24.0,0
4.6529063807619275,24.0,0
4.653015611608719,24.0,0
4.65312484245551,24.0,0
4.653234073302301,24.0,0
4.653343304149092,24.0,0
4.653452534995884,24.0,0
4.6535617658426744,24.0,0
4.653670996689466,24.0,0
4.653780227536257,24.0,0
4.6538894583830475,24.0,0
4.653998689229839,24.0,0
4.65410792007663,24.0,0
4.654217150923421,24.0,0
4.654326381770212,24.0,0
4.654435612617004,24.0,0
4.654544843463794,24.0,0
4.654654074310585,24.0,0
4.654763305157377,24.0,0
4.654872536004167,25.0,0
4.654981766850959,25.0,0
4.65509099769775,25.0,0
4.655200228544541,24.0,0
4.655309459391333,25.0,0
4.655418690238124,25.0,0
4.655527921084915,25.0,0
4.655637151931706,25.0,0
4.6557463827784975,25.0,0
4.655855613625288,25.0,0
4.65596484447208,25.0,0
4.6560740753188705,25.0,0
4.656183306165662,25.0,0
4.656292537012453,25.0,0
4.6564017678592435,25.0,0
4.656510998706035,25.0,0
4.656620229552826,25.0,0
4.656729460399617,25.0,0
4.656838691246408,25.0,0
4.6569479220932,25.0,0
4.6570571529399905,25.0,0
4.657166383786781,25.0,0
4.657275614633573,25.0,0
4.6573848454803635,25.0,0
4.657494076327155,25.0,0
4.657603307173947,25.0,0
4.657712538020737,25.0,0
4.657821768867529,25.0,0
4.657930999714321,25.0,0
4.658040230561111,25.0,0
4.658149461407902,25.0,0
4.658258692254694,25.0,0
4.658367923101484,25.0,0
4.658477153948276,25.0,0
4.658586384795067,25.0,0
4.658695615641858,24.0,0
4.658804846488649,25.0,0
4.65891407733544,24.0,0
4.659023308182231,24.0,0
4.659132539029022,24.0,0
4.6592417698758135,24.0,0
4.659351000722604,24.0,0
4.659460231569396,24.0,0
4.6595694624161865,24.0,0
4.659678693262977,24.0,0
4.659787924109769,24.0,0
4.6598971549565595,24.0,0
4.660006385803351,24.0,0
4.660115616650142,24.0,0
4.660224847496933,24.0,0
4.660334078343725,24.0,0
4.660443309190516,24.0,0
4.660552540037307,24.0,0
4.660661770884098,24.0,0
4.66077100173089,24.0,0
4.66088023257768,24.0,0
4.660989463424472,24.0,0
4.661098694271263,24.0,0
4.661207925118054,24.0,0
4.661317155964845,24.0,0
4.661426386811636,24.0,0
4.661535617658427,24.0,0
4.661644848505218,24.0,0
4.66175407935201,24.0,0
4.6618633101988,24.0,0
4.661972541045592,24.0,0
4.662081771892383,24.0,0
4.662191002739173,24.0,0
4.662300233585965,24.0,0
4.662409464432756,24.0,0
4.662518695279547,24.0,0
4.662627926126339,24.0,0
4.6627371569731295,24.0,0
4.662846387819921,24.0,0
4.662955618666713,24.0,0
4.663064849513503,24.0,0
4.663174080360294,24.0,0
4.663283311207086,24.0,0
4.663392542053876,24.0,0
4.663501772900668,24.0,0
4.663611003747459,24.0,0
4.66372023459425,24.0,0
4.663829465441041,24.0,0
4.663938696287832,24.0,0
4.664047927134623,24.0,0
4.664157157981414,24.0,0
4.664266388828206,24.0,0
4.664375619674996,24.0,0
4.664484850521788,24.0,0
4.664594081368579,24.0,0
4.664703312215369,24.0,0
4.664812543062161,24.0,0
4.664921773908952,24.0,0
4.665031004755743,24.0,0
4.665140235602534,23.0,0
4.665249466449326,24.0,0
4.665358697296117,24.0,0
4.665467928142908,24.0,0
4.6655771589896995,24.0,0
4.66568638983649,24.0,0
4.665795620683282,24.0,0
4.6659048515300725,24.0,0
4.666014082376864,24.0,0
4.666123313223655,24.0,0
4.666232544070446,24.0,0
4.666341774917237,24.0,0
4.666451005764028,24.0,0
4.666560236610819,24.0,0
4.66666946745761,24.0,0
4.666778698304402,24.0,0
4.666887929151192,24.0,0
4.666997159997984,24.0,0
4.667106390844775,24.0,0
4.6672156216915655,24.0,0
4.667324852538357,24.0,0
4.667434083385148,24.0,0
4.667543314231939,24.0,0
4.667652545078731,24.0,0
4.667761775925522,24.0,0
4.667871006772313,24.0,0
4.667980237619105,24.0,0
4.668089468465896,24.0,0
4.668198699312686,24.0,0
4.668307930159478,24.0,0
4.668417161006269,24.0,0
4.66852639185306,24.0,0
4.668635622699851,24.0,0
4.6687448535466425,24.0,0
4.668854084393433,24.0,0
4.668963315240224,24.0,0
4.6690725460870155,24.0,0
4.669181776933806,24.0,0
4.669291007780598,24.0,0
4.6694002386273885,24.0,0
4.66950946947418,24.0,0
4.669618700320971,24.0,0
4.6697279311677615,24.0,0
4.669837162014553,24.0,0
4.669946392861344,24.0,0
4.670055623708135,24.0,0
4.670164854554926,24.0,0
4.670274085401718,24.0,0
4.670383316248509,24.0,0
4.6704925470953,24.0,0
4.670601777942092,24.0,0
4.670711008788882,24.0,0
4.670820239635674,24.0,0
4.670929470482465,24.0,0
4.671038701329256,24.0,0
4.671147932176047,24.0,0
4.6712571630228386,24.0,0
4.671366393869629,24.0,0
4.67147562471642,24.0,0
4.671584855563212,24.0,0
4.671694086410002,24.0,0
4.671803317256794,24.0,0
4.671912548103585,24.0,0
4.672021778950376,24.0,0
4.672131009797167,24.0,0
4.6722402406439585,24.0,0
4.672349471490749,24.0,0
4.67245870233754,24.0,0
4.6725679331843315,24.0,0
4.672677164031123,24.0,0
4.672786394877914,24.0,0
4.672895625724705,24.0,0
4.673004856571497,24.0,0
4.673114087418288,24.0,0
4.673223318265078,24.0,0
4.67333254911187,24.0,0
4.673441779958661,24.0,0
4.673551010805452,24.0,0
4.673660241652243,24.0,0
4.673769472499035,24.0,0
4.673878703345825,25.0,0
4.673987934192616,25.0,0
4.674097165039408,25.0,0
4.674206395886198,25.0,0
4.67431562673299,25.0,0
4.674424857579781,25.0,0
4.674534088426572,25.0,0
4.674643319273363,25.0,0
4.674752550120155,25.0,0
4.674861780966945,25.0,0
4.674971011813736,25.0,0
4.675080242660528,25.0,0
4.675189473507318,25.0,0
4.67529870435411,25.0,0
4.6754079352009015,25.0,0
4.675517166047692,25.0,0
4.675626396894484,25.0,0
4.6757356277412745,25.0,0
4.675844858588066,25.0,0
4.675954089434857,25.0,0
4.676063320281648,25.0,0
4.676172551128439,25.0,0
4.676281781975231,25.0,0
4.676391012822021,25.0,0
4.676500243668812,26.0,0
4.676609474515604,25.0,0
4.676718705362394,26.0,0
4.676827936209186,25.0,0
4.676937167055977,26.0,0
4.677046397902768,26.0,0
4.677155628749559,26.0,0
4.677264859596351,26.0,0
4.677374090443141,26.0,0
4.677483321289932,26.0,0
4.677592552136724,27.0,0
4.677701782983515,26.0,0
4.677811013830306,26.0,0
4.6779202446770975,26.0,0
4.678029475523889,27.0,0
4.67813870637068,27.0,0
4.678247937217471,27.0,0
4.678357168064262,26.0,0
4.678466398911053,27.0,0
4.6785756297578445,27.0,0
4.678684860604635,27.0,0
4.678794091451427,27.0,0
4.6789033222982175,26.0,0
4.679012553145008,26.0,0
4.6791217839918,27.0,0
4.6792310148385905,26.0,0
4.679340245685382,26.0,0
4.679449476532173,26.0,0
4.679558707378964,26.0,0
4.679667938225755,25.0,0
4.679777169072547,25.0,0
4.679886399919337,26.0,0
4.679995630766128,25.0,0
4.68010486161292,25.0,0
4.68021409245971,25.0,0
4.680323323306502,25.0,0
4.680432554153294,25.0,0
4.680541785000084,25.0,0
4.680651015846876,25.0,0
4.680760246693667,25.0,0
4.680869477540458,25.0,0
4.680978708387249,25.0,0
4.6810879392340405,25.0,0
4.681197170080831,25.0,0
4.681306400927623,25.0,0
4.6814156317744136,25.0,0
4.681524862621204,26.0,0
4.681634093467996,26.0,0
4.681743324314787,27.0,0
4.681852555161578,27.0,0
4.681961786008369,27.0,0
4.6820710168551605,27.0,0
4.682180247701951,27.0,0
4.682289478548743,27.0,0
4.6823987093955335,27.0,0
4.682507940242324,27.0,0
4.682617171089116,28.0,0
4.682726401935907,27.0,0
4.682835632782698,28.0,0
4.68294486362949,28.0,0
4.683054094476281,28.0,0
4.683163325323072,28.0,0
4.683272556169863,28.0,0
4.683381787016654,28.0,0
4.683491017863445,28.0,0
4.683600248710237,28.0,0
4.683709479557027,28.0,0
4.683818710403819,29.0,0
4.68392794125061,29.0,0
4.6840371720974,29.0,0
4.684146402944192,29.0,0
4.684255633790983,29.0,0
4.684364864637774,30.0,0
4.684474095484565,29.0,0
4.6845833263313565,30.0,0
4.684692557178147,30.0,0
4.684801788024939,30.0,0
4.68491101887173,30.0,0
4.68502024971852,30.0,0
4.685129480565312,30.0,0
4.685238711412103,30.0,0
4.685347942258894,30.0,0
4.685457173105686,30.0,0
4.6855664039524765,30.0,0
4.685675634799268,30.0,0
4.685784865646059,30.0,0
4.68589409649285,30.0,0
4.686003327339641,30.0,0
4.686112558186433,30.0,0
4.686221789033223,30.0,0
4.686331019880015,30.0,0
4.686440250726806,30.0,0
4.686549481573596,30.0,0
4.686658712420388,29.0,0
4.686767943267179,30.0,0
4.68687717411397,29.0,0
4.686986404960761,29.0,0
4.687095635807553,29.0,0
4.687204866654343,29.0,0
4.687314097501135,29.0,0
4.687423328347926,29.0,0
4.687532559194716,28.0,0
4.687641790041508,29.0,0
4.6877510208882995,29.0,0
4.68786025173509,29.0,0
4.687969482581882,29.0,0
4.688078713428673,30.0,0
4.688187944275464,29.0,0
4.688297175122255,29.0,0
4.6884064059690465,29.0,0
4.688515636815837,30.0,0
4.688624867662629,30.0,0
4.6887340985094195,30.0,0
4.688843329356211,30.0,0
4.688952560203002,30.0,0
4.689061791049793,30.0,0
4.689171021896584,30.0,0
4.689280252743375,30.0,0
4.689389483590166,31.0,0
4.689498714436957,31.0,0
4.689607945283749,31.0,0
4.689717176130539,31.0,0
4.689826406977331,31.0,0
4.689935637824122,32.0,0
4.690044868670912,31.0,0
4.690154099517704,32.0,0
4.690263330364495,32.0,0
4.690372561211286,32.0,0
4.690481792058078,32.0,0
4.690591022904869,32.0,0
4.69070025375166,33.0,0
4.690809484598451,33.0,0
4.6909187154452425,33.0,0
4.691027946292033,33.0,0
4.691137177138825,33.0,0
4.6912464079856155,33.0,0
4.691355638832407,33.0,0
4.691464869679198,33.0,0
4.691574100525989,33.0,0
4.69168333137278,34.0,0
4.691792562219571,33.0,0
4.6919017930663625,33.0,0
4.692011023913153,34.0,0
4.692120254759945,34.0,0
4.6922294856067355,34.0,0
4.692338716453527,34.0,0
4.692447947300318,34.0,0
4.6925571781471085,35.0,0
4.6926664089939,35.0,0
4.692775639840692,34.0,0
4.692884870687482,35.0,0
4.692994101534274,35.0,0
4.693103332381066,35.0,0
4.693212563227856,35.0,0
4.693321794074647,35.0,0
4.693431024921439,35.0,0
4.693540255768229,35.0,0
4.693649486615021,35.0,0
4.693758717461812,35.0,0
4.693867948308603,36.0,0
4.693977179155394,36.0,0
4.6940864100021855,35.0,0
4.694195640848976,36.0,0
4.694304871695767,36.0,0
4.6944141025425585,36.0,0
4.694523333389349,36.0,0
4.694632564236141,36.0,0
4.6947417950829315,36.0,0
4.694851025929723,36.0,0
4.694960256776514,36.0,0
4.695069487623305,36.0,0
4.695178718470096,37.0,0
4.695287949316887,37.0,0
4.6953971801636785,36.0,0
4.69550641101047,38.0,0
4.695615641857261,38.0,0
4.695724872704052,38.0,0
4.695834103550843,37.0,0
4.695943334397635,38.0,0
4.696052565244425,38.0,0
4.696161796091217,38.0,0
4.696271026938008,38.0,0
4.696380257784799,38.0,0
4.69648948863159,38.0,0
4.696598719478382,38.0,0
4.696707950325172,38.0,0
4.696817181171963,38.0,0
4.696926412018755,38.0,0
4.697035642865545,38.0,0
4.697144873712337,38.0,0
4.697254104559128,38.0,0
4.697363335405919,39.0,0
4.69747256625271,39.0,0
4.697581797099501,38.0,0
4.697691027946292,38.0,0
4.697800258793084,38.0,0
4.6979094896398745,38.0,0
4.698018720486666,38.0,0
4.698127951333458,38.0,0
4.698237182180248,39.0,0
4.698346413027039,39.0,0
4.698455643873831,38.0,0
4.6985648747206215,38.0,0
4.698674105567413,38.0,0
4.698783336414204,39.0,0
4.698892567260995,39.0,0
4.699001798107786,39.0,0
4.699111028954578,39.0,0
4.699220259801368,39.0,0
4.699329490648159,39.0,0
4.699438721494951,39.0,0
4.699547952341741,39.0,0
4.699657183188533,39.0,0
4.699766414035324,39.0,0
4.699875644882115,39.0,0
4.699984875728906,40.0,0
4.700094106575697,40.0,0
4.700203337422488,40.0,0
4.700312568269279,40.0,0
4.700421799116071,41.0,0
4.700531029962862,41.0,0
4.700640260809653,41.0,0
4.7007494916564445,42.0,0
4.700858722503235,42.0,0
4.700967953350027,42.0,0
4.7010771841968175,42.0,0
4.701186415043609,43.0,0
4.7012956458904,43.0,0
4.701404876737191,43.0,0
4.701514107583982,43.0,0
4.701623338430774,44.0,0
4.7017325692775644,44.0,0
4.701841800124355,44.0,0
4.701951030971147,43.0,0
4.7020602618179375,44.0,0
4.702169492664729,44.0,0
4.70227872351152,44.0,0
4.702387954358311,44.0,0
4.702497185205102,44.0,0
4.702606416051893,44.0,0
4.702715646898684,44.0,0
4.702824877745476,44.0,0
4.702934108592267,44.0,0
4.703043339439058,45.0,0
4.70315257028585,45.0,0
4.703261801132641,45.0,0
4.703371031979432,46.0,0
4.703480262826223,46.0,0
4.703589493673014,46.0,0
4.703698724519805,46.0,0
4.703807955366596,47.0,0
4.7039171862133875,48.0,0
4.704026417060178,48.0,0
4.70413564790697,48.0,0
4.7042448787537605,48.0,0
4.704354109600551,49.0,0
4.704463340447343,49.0,0
4.7045725712941335,49.0,0
4.704681802140925,49.0,0
4.704791032987716,49.0,0
4.704900263834507,50.0,0
4.705009494681298,49.0,0
4.705118725528089,49.0,0
4.7052279563748804,50.0,0
4.705337187221671,50.0,0
4.705446418068463,49.0,0
4.705555648915254,49.0,0
4.705664879762045,50.0,0
4.705774110608837,50.0,0
4.705883341455628,49.0,0
4.705992572302419,49.0,0
4.70610180314921,49.0,0
4.706211033996001,49.0,0
4.706320264842792,49.0,0
4.706429495689584,48.0,0
4.706538726536374,49.0,0
4.706647957383166,49.0,0
4.706757188229957,49.0,0
4.706866419076747,48.0,0
4.706975649923539,49.0,0
4.70708488077033,49.0,0
4.707194111617121,49.0,0
4.707303342463912,49.0,0
4.7074125733107035,49.0,0
4.707521804157494,49.0,0
4.707631035004285,49.0,0
4.7077402658510765,49.0,0
4.707849496697868,49.0,0
4.707958727544659,50.0,0
4.70806795839145,50.0,0
4.708177189238242,49.0,0
4.708286420085033,50.0,0
4.708395650931824,50.0,0
4.708504881778615,50.0,0
4.708614112625406,50.0,0
4.708723343472197,51.0,0
4.708832574318988,51.0,0
4.70894180516578,51.0,0
4.70905103601257,51.0,0
4.709160266859362,51.0,0
4.709269497706153,51.0,0
4.709378728552943,51.0,0
4.709487959399735,51.0,0
4.709597190246526,52.0,0
4.709706421093317,52.0,0
4.709815651940108,52.0,0
4.7099248827869,52.0,0
4.71003411363369,52.0,0
4.710143344480481,53.0,0
4.710252575327273,53.0,0
4.710361806174063,54.0,0
4.710471037020855,54.0,0
4.7105802678676465,54.0,0
4.710689498714437,54.0,0
4.710798729561229,55.0,0
4.71090796040802,55.0,0
4.711017191254811,56.0,0
4.711126422101602,56.0,0
4.711235652948393,56.0,0
4.711344883795184,56.0,0
4.711454114641976,57.0,0
4.711563345488766,57.0,0
4.711672576335558,57.0,0
4.711781807182349,58.0,0
4.7118910380291394,58.0,0
4.712000268875931,58.0,0
4.712109499722722,59.0,0
4.712218730569513,60.0,0
4.712327961416304,59.0,0
4.712437192263096,59.0,0
4.712546423109886,60.0,0
4.712655653956677,60.0,0
4.712764884803469,60.0,0
4.71287411565026,60.0,0
4.712983346497051,60.0,0
4.713092577343843,60.0,0
4.713201808190634,60.0,0
4.713311039037425,60.0,0
4.7134202698842165,60.0,0
4.713529500731007,60.0,0
4.713638731577798,60.0,0
4.7137479624245895,60.0,0
4.71385719327138,60.0,0
4.713966424118172,60.0,0
4.7140756549649625,60.0,0
4.714184885811754,60.0,0
4.714294116658545,61.0,0
4.7144033475053355,60.0,0
4.714512578352127,60.0,0
4.714621809198918,60.0,0
4.714731040045709,61.0,0
4.7148402708925,61.0,0
4.714949501739292,61.0,0
4.715058732586082,61.0,0
4.715167963432873,62.0,0
4.715277194279665,62.0,0
4.7153864251264554,62.0,0
4.715495655973247,62.0,0
4.715604886820039,63.0,0
4.715714117666829,62.0,0
4.715823348513621,63.0,0
4.7159325793604125,63.0,0
4.716041810207203,63.0,0
4.716151041053994,63.0,0
4.716260271900786,63.0,0
4.716369502747576,64.0,0
4.716478733594368,64.0,0
4.716587964441159,64.0,0
4.71669719528795,64.0,0
4.716806426134741,65.0,0
4.716915656981532,66.0,0
4.717024887828323,66.0,0
4.717134118675114,66.0,0
4.7172433495219055,66.0,0
4.717352580368696,67.0,0
4.717461811215488,67.0,0
4.7175710420622785,67.0,0
4.717680272909069,67.0,0
4.717789503755861,68.0,0
4.717898734602652,68.0,0
4.718007965449443,68.0,0
4.718117196296235,70.0,0
4.718226427143026,70.0,0
4.718335657989817,71.0,0
4.718444888836609,71.0,0
4.718554119683399,71.0,0
4.71866335053019,72.0,0
4.718772581376982,72.0,0
4.718881812223772,73.0,0
4.718991043070564,73.0,0
4.719100273917355,75.0,0
4.719209504764146,75.0,0
4.719318735610937,76.0,0
4.719427966457728,76.0,0
4.719537197304519,77.0,0
4.71964642815131,77.0,0
4.719755658998102,78.0,0
4.719864889844892,78.0,0
4.719974120691684,79.0,0
4.720083351538475,79.0,0
4.720192582385266,80.0,0
4.720301813232057,80.0,0
4.720411044078848,81.0,0
4.720520274925639,81.0,0
4.720629505772431,81.0,0
4.7207387366192215,82.0,0
4.720847967466013,83.0,0
4.720957198312805,83.0,0
4.721066429159595,83.0,0
4.721175660006386,83.0,0
4.721284890853178,83.0,0
4.721394121699968,84.0,0
4.72150335254676,84.0,0
4.721612583393551,84.0,0
4.721721814240342,85.0,0
4.721831045087133,86.0,0
4.721940275933924,86.0,0
4.722049506780715,86.0,0
4.722158737627506,86.0,0
4.722267968474298,87.0,0
4.722377199321088,87.0,0
4.72248643016788,86.0,0
4.722595661014671,87.0,0
4.722704891861462,88.0,0
4.722814122708253,88.0,0
4.722923353555045,88.0,0
4.723032584401835,88.0,0
4.723141815248627,88.0,0
4.7232510460954185,88.0,0
4.723360276942209,88.0,0
4.723469507789001,88.0,0
4.7235787386357915,88.0,0
4.723687969482582,88.0,0
4.723797200329374,88.0,0
4.7239064311761645,88.0,0
4.724015662022956,88.0,0
4.724124892869747,88.0,0
4.724234123716538,88.0,0
4.724343354563329,88.0,0
4.72445258541012,88.0,0
4.724561816256911,88.0,0
4.724671047103702,88.0,0
4.724780277950494,88.0,0
4.724889508797284,88.0,0
4.724998739644076,88.0,0
4.725107970490867,88.0,0
4.725217201337658,88.0,0
4.725326432184449,88.0,0
4.72543566303124,88.0,0
4.725544893878031,88.0,0
4.725654124724823,88.0,0
4.725763355571614,88.0,0
4.725872586418405,89.0,0
4.725981817265197,88.0,0
4.7260910481119875,89.0,0
4.726200278958778,89.0,0
4.72630950980557,89.0,0
4.726418740652361,89.0,0
4.726527971499152,89.0,0
4.726637202345943,90.0,0
4.7267464331927345,90.0,0
4.726855664039525,90.0,0
4.726964894886316,91.0,0
4.7270741257331075,91.0,0
4.727183356579898,91.0,0
4.72729258742669,91.0,0
4.7274018182734805,92.0,0
4.727511049120272,92.0,0
4.727620279967063,92.0,0
4.727729510813854,92.0,0
4.727838741660645,92.0,0
4.727947972507437,92.0,0
4.728057203354227,93.0,0
4.728166434201019,93.0,0
4.728275665047811,94.0,0
4.728384895894601,94.0,0
4.728494126741393,94.0,0
4.728603357588184,94.0,0
4.728712588434974,96.0,0
4.728821819281766,95.0,0
4.728931050128557,96.0,0
4.729040280975348,96.0,0
4.729149511822139,96.0,0
4.7292587426689305,96.0,0
4.729367973515721,96.0,0
4.729477204362512,96.0,0
4.7295864352093036,97.0,0
4.729695666056094,97.0,0
4.729804896902886,97.0,0
4.729914127749677,98.0,0
4.730023358596468,98.0,0
4.730132589443259,98.0,0
4.7302418202900505,99.0,0
4.730351051136841,99.0,0
4.730460281983632,99.0,0
4.7305695128304235,99.0,0
4.730678743677215,100.0,0
4.730787974524006,100.0,0
4.730897205370797,101.0,0
4.731006436217589,101.0,0
4.73111566706438,102.0,0
4.73122489791117,102.0,0
4.731334128757962,102.0,0
4.731443359604753,102.0,0
4.731552590451544,103.0,0
4.731661821298335,103.0,0
4.731771052145127,103.0,0
4.731880282991917,103.0,0
4.731989513838708,103.0,0
4.7320987446855,103.0,0
4.73220797553229,103.0,0
4.732317206379082,103.0,0
4.732426437225873,104.0,0
4.732535668072664,104.0,0
4.732644898919455,104.0,0
4.7327541297662465,104.0,0
4.732863360613037,105.0,0
4.732972591459829,105.0,0
4.73308182230662,105.0,0
4.733191053153411,105.0,0
4.733300284000203,105.0,0
4.7334095148469935,105.0,0
4.733518745693785,105.0,0
4.733627976540576,105.0,0
4.7337372073873665,107.0,0
4.733846438234158,106.0,0
4.733955669080949,106.0,0
4.73406489992774,107.0,0
4.734174130774531,108.0,0
4.734283361621323,108.0,0
4.734392592468113,108.0,0
4.734501823314905,108.0,0
4.734611054161696,109.0,0
4.734720285008486,109.0,0
4.734829515855278,110.0,0
4.734938746702069,110.0,0
4.73504797754886,111.0,0
4.735157208395651,112.0,0
4.735266439242443,112.0,0
4.735375670089233,113.0,0
4.735484900936024,113.0,0
4.735594131782816,113.0,0
4.735703362629607,113.0,0
4.735812593476398,114.0,0
4.7359218243231895,115.0,0
4.736031055169981,115.0,0
4.736140286016772,115.0,0
4.7362495168635625,115.0,0
4.736358747710354,115.0,0
4.736467978557145,116.0,0
4.7365772094039365,116.0,0
4.736686440250727,117.0,0
4.736795671097519,117.0,0
4.7369049019443095,117.0,0
4.737014132791101,118.0,0
4.737123363637892,118.0,0
4.7372325944846825,118.0,0
4.737341825331474,118.0,0
4.737451056178265,119.0,0
4.737560287025056,120.0,0
4.737669517871847,120.0,0
4.737778748718639,120.0,0
4.737887979565429,120.0,0
4.737997210412221,120.0,0
4.738106441259012,120.0,0
4.738215672105803,120.0,0
4.738324902952595,120.0,0
4.738434133799386,121.0,0
4.738543364646177,120.0,0
4.738652595492968,121.0,0
4.738761826339759,121.0,0
4.73887105718655,122.0,0
4.738980288033341,121.0,0
4.7390895188801325,121.0,0
4.739198749726923,123.0,0
4.739307980573715,123.0,0
4.7394172114205055,123.0,0
4.739526442267297,123.0,0
4.739635673114088,123.0,0
4.7397449039608786,124.0,0
4.73985413480767,124.0,0
4.739963365654461,123.0,0
4.7400725965012525,124.0,0
4.740181827348043,124.0,0
4.740291058194835,124.0,0
4.7404002890416255,124.0,0
4.740509519888416,124.0,0
4.740618750735208,124.0,0
4.740727981581999,124.0,0
4.74083721242879,124.0,0
4.740946443275582,124.0,0
4.741055674122373,125.0,0
4.741164904969164,125.0,0
4.741274135815955,124.0,0
4.741383366662746,125.0,0
4.741492597509537,125.0,0
4.741601828356329,126.0,0
4.741711059203119,125.0,0
4.741820290049911,126.0,0
4.741929520896702,126.0,0
4.742038751743493,126.0,0
4.742147982590284,126.0,0
4.742257213437075,127.0,0
4.742366444283866,127.0,0
4.742475675130657,127.0,0
4.7425849059774485,127.0,0
4.742694136824239,127.0,0
4.742803367671031,128.0,0
4.7429125985178215,128.0,0
4.743021829364613,128.0,0
4.743131060211404,128.0,0
4.7432402910581954,129.0,0
4.743349521904987,129.0,0
4.743458752751778,129.0,0
4.743567983598569,129.0,0
4.74367721444536,130.0,0
4.743786445292151,130.0,0
4.743895676138942,130.0,0
4.744004906985733,131.0,0
4.744114137832525,131.0,0
4.744223368679315,131.0,0
4.744332599526107,131.0,0
4.744441830372898,131.0,0
4.744551061219689,131.0,0
4.74466029206648,132.0,0
4.744769522913271,132.0,0
4.744878753760062,132.0,0
4.744987984606853,132.0,0
4.745097215453645,134.0,0
4.745206446300435,134.0,0
4.745315677147227,134.0,0
4.745424907994018,134.0,0
4.745534138840808,134.0,0
4.7456433696876,134.0,0
4.7457526005343915,135.0,0
4.745861831381182,135.0,0
4.745971062227974,135.0,0
4.746080293074765,135.0,0
4.746189523921556,135.0,0
4.746298754768347,135.0,0
4.746407985615138,136.0,0
4.746517216461929,136.0,0
4.746626447308721,137.0,0
4.7467356781555115,137.0,0
4.746844909002303,137.0,0
4.746954139849094,138.0,0
4.747063370695885,138.0,0
4.747172601542676,139.0,0
4.747281832389467,140.0,0
4.747391063236258,139.0,0
4.747500294083049,140.0,0
4.747609524929841,140.0,0
4.747718755776631,140.0,0
4.747827986623423,140.0,0
4.747937217470214,140.0,0
4.748046448317005,141.0,0
4.748155679163796,142.0,0
4.748264910010588,142.0,0
4.748374140857379,142.0,0
4.74848337170417,142.0,0
4.7485926025509615,143.0,0
4.748701833397752,143.0,0
4.748811064244543,143.0,0
4.7489202950913345,144.0,0
4.749029525938125,144.0,0
4.749138756784917,144.0,0
4.7492479876317075,144.0,0
4.749357218478499,145.0,0
4.74946644932529,145.0,0
4.749575680172081,145.0,0
4.749684911018872,145.0,0
4.749794141865663,145.0,0
4.749903372712454,146.0,0
4.750012603559245,146.0,0
4.750121834406037,146.0,0
4.7502310652528275,147.0,0
4.750340296099619,147.0,0
4.75044952694641,147.0,0
4.7505587577932005,147.0,0
4.750667988639992,147.0,0
4.750777219486784,147.0,0
4.750886450333574,147.0,0
4.750995681180366,147.0,0
4.751104912027158,147.0,0
4.751214142873948,147.0,0
4.75132337372074,147.0,0
4.751432604567531,147.0,0
4.751541835414321,147.0,0
4.751651066261113,147.0,0
4.751760297107904,147.0,0
4.751869527954695,147.0,0
4.751978758801486,148.0,0
4.7520879896482775,148.0,0
4.752197220495068,148.0,0
4.752306451341859,148.0,0
4.7524156821886505,148.0,0
4.752524913035441,148.0,0
4.752634143882233,149.0,0
4.7527433747290235,149.0,0
4.752852605575815,150.0,0
4.752961836422606,150.0,0
4.753071067269397,150.0,0
4.753180298116188,150.0,0
4.75328952896298,150.0,0
4.753398759809771,151.0,0
4.753507990656562,152.0,0
4.753617221503354,152.0,0
4.753726452350144,152.0,0
4.753835683196936,152.0,0
4.753944914043727,152.0,0
4.754054144890517,152.0,0
4.754163375737309,152.0,0
4.7542726065841,152.0,0
4.754381837430891,152.0,0
4.754491068277682,153.0,0
4.754600299124474,153.0,0
4.754709529971264,153.0,0
4.754818760818055,153.0,0
4.754927991664847,153.0,0
4.755037222511637,153.0,0
4.755146453358429,153.0,0
4.75525568420522,153.0,0
4.755364915052011,153.0,0
4.755474145898802,153.0,0
4.755583376745593,153.0,0
4.755692607592384,153.0,0
4.755801838439176,154.0,0
4.7559110692859665,153.0,0
4.756020300132758,153.0,0
4.75612953097955,154.0,0
4.75623876182634,154.0,0
4.756347992673132,154.0,0
4.756457223519923,155.0,0
4.756566454366713,155.0,0
4.756675685213505,155.0,0
4.756784916060296,155.0,0
4.756894146907087,156.0,0
4.757003377753878,156.0,0
4.75711260860067,156.0,0
4.75722183944746,156.0,0
4.757331070294251,156.0,0
4.757440301141043,156.0,0
4.757549531987833,156.0,0
4.757658762834625,156.0,0
4.757767993681416,158.0,0
4.757877224528207,158.0,0
4.757986455374998,158.0,0
4.75809568622179,158.0,0
4.75820491706858,159.0,0
4.758314147915372,159.0,0
4.7584233787621635,159.0,0
4.758532609608954,159.0,0
4.758641840455746,159.0,0
4.7587510713025365,159.0,0
4.758860302149328,159.0,0
4.758969532996119,159.0,0
4.7590787638429095,160.0,0
4.759187994689701,160.0,0
4.759297225536492,160.0,0
4.759406456383283,160.0,0
4.759515687230074,161.0,0
4.759624918076866,161.0,0
4.759734148923656,161.0,0
4.759843379770447,161.0,0
4.759952610617239,162.0,0
4.760061841464029,161.0,0
4.760171072310821,161.0,0
4.760280303157612,163.0,0
4.760389534004403,163.0,0
4.760498764851194,163.0,0
4.760607995697985,163.0,0
4.760717226544776,163.0,0
4.760826457391568,163.0,0
4.760935688238359,163.0,0
4.76104491908515,163.0,0
4.761154149931942,164.0,0
4.761263380778733,165.0,0
4.761372611625524,165.0,0
4.761481842472315,165.0,0
4.761591073319106,166.0,0
4.761700304165897,166.0,0
4.761809535012688,167.0,0
4.7619187658594795,167.0,0
4.76202799670627,167.0,0
4.762137227553062,167.0,0
4.7622464583998525,167.0,0
4.762355689246643,167.0,0
4.762464920093435,168.0,0
4.7625741509402255,169.0,0
4.762683381787017,168.0,0
4.762792612633808,169.0,0
4.762901843480599,171.0,0
4.76301107432739,170.0,0
4.763120305174182,170.0,0
4.763229536020972,172.0,0
4.763338766867764,172.0,0
4.763447997714556,172.0,0
4.763557228561346,172.0,0
4.763666459408138,173.0,0
4.763775690254929,174.0,0
4.76388492110172,174.0,0
4.763994151948511,174.0,0
4.764103382795302,175.0,0
4.764212613642093,175.0,0
4.764321844488884,175.0,0
4.764431075335676,175.0,0
4.764540306182466,176.0,0
4.764649537029258,177.0,0
4.764758767876049,177.0,0
4.764867998722839,177.0,0
4.764977229569631,178.0,0
4.765086460416422,178.0,0
4.765195691263213,178.0,0
4.765304922110004,179.0,0
4.7654141529567955,179.0,0
4.765523383803586,179.0,0
4.765632614650378,179.0,0
4.7657418454971685,179.0,0
4.76585107634396,180.0,0
4.765960307190751,180.0,0
4.766069538037542,180.0,0
4.766178768884334,180.0,0
4.766287999731125,181.0,0
4.766397230577916,181.0,0
4.766506461424707,181.0,0
4.766615692271498,182.0,0
4.766724923118289,182.0,0
4.76683415396508,182.0,0
4.766943384811872,182.0,0
4.767052615658662,182.0,0
4.767161846505454,183.0,0
4.767271077352245,182.0,0
4.767380308199035,183.0,0
4.767489539045827,183.0,0
4.767598769892618,184.0,0
4.767708000739409,184.0,0
4.7678172315862,184.0,0
4.767926462432992,184.0,0
4.768035693279782,184.0,0
4.768144924126574,184.0,0
4.768254154973365,184.0,0
4.768363385820156,184.0,0
4.768472616666948,184.0,0
4.7685818475137385,184.0,0
4.76869107836053,185.0,0
4.768800309207321,186.0,0
4.768909540054112,186.0,0
4.769018770900903,187.0,0
4.769128001747694,187.0,0
4.769237232594485,187.0,0
4.769346463441276,188.0,0
4.769455694288068,188.0,0
4.769564925134858,189.0,0
4.76967415598165,189.0,0
4.769783386828441,189.0,0
4.769892617675231,190.0,0
4.770001848522023,191.0,0
4.770111079368814,191.0,0
4.770220310215605,192.0,0
4.770329541062396,192.0,0
4.770438771909188,192.0,0
4.770548002755978,192.0,0
4.77065723360277,193.0,0
4.770766464449561,194.0,0
4.770875695296352,195.0,0
4.770984926143143,194.0,0
4.7710941569899346,195.0,0
4.771203387836726,195.0,0
4.771312618683517,195.0,0
4.7714218495303085,195.0,0
4.771531080377099,196.0,0
4.77164031122389,196.0,0
4.7717495420706815,196.0,0
4.771858772917472,196.0,0
4.771968003764264,196.0,0
4.7720772346110545,196.0,0
4.772186465457846,197.0,0
4.772295696304637,196.0,0
4.7724049271514275,198.0,0
4.772514157998219,198.0,0
4.77262338884501,198.0,0
4.772732619691801,198.0,0
4.772841850538592,198.0,0
4.772951081385384,198.0,0
4.773060312232174,199.0,0
4.773169543078966,199.0,0
4.773278773925757,199.0,0
4.773388004772548,199.0,0
4.77349723561934,199.0,0
4.773606466466131,199.0,0
4.773715697312922,199.0,0
4.773824928159713,199.0,0
4.7739341590065045,199.0,0
4.774043389853295,200.0,0
4.774152620700086,200.0,0
4.7742618515468775,200.0,0
4.774371082393668,200.0,0
4.77448031324046,200.0,0
4.774589544087251,200.0,0
4.774698774934042,200.0,0
4.774808005780833,200.0,0
4.774917236627624,200.0,0
4.775026467474415,201.0,0
4.775135698321206,200.0,0
4.7752449291679975,201.0,0
4.775354160014788,201.0,0
4.77546339086158,201.0,0
4.7755726217083705,201.0,0
4.775681852555162,201.0,0
4.775791083401953,201.0,0
4.775900314248744,201.0,0
4.776009545095535,202.0,0
4.776118775942327,203.0,0
4.776228006789118,203.0,0
4.776337237635909,203.0,0
4.776446468482701,203.0,0
4.776555699329491,204.0,0
4.776664930176282,204.0,0
4.776774161023074,204.0,0
4.776883391869864,204.0,0
4.776992622716656,204.0,0
4.777101853563447,204.0,0
4.777211084410238,204.0,0
4.777320315257029,205.0,0
4.77742954610382,205.0,0
4.777538776950611,205.0,0
4.777648007797402,206.0,0
4.7777572386441935,205.0,0
4.777866469490984,206.0,0
4.777975700337776,205.0,0
4.778084931184567,206.0,0
4.778194162031358,205.0,0
4.778303392878149,206.0,0
4.7784126237249405,206.0,0
4.778521854571732,206.0,0
4.778631085418523,206.0,0
4.778740316265314,207.0,0
4.778849547112105,206.0,0
4.778958777958897,207.0,0
4.779068008805687,207.0,0
4.779177239652478,207.0,0
4.77928647049927,207.0,0
4.77939570134606,207.0,0
4.779504932192852,208.0,0
4.779614163039643,208.0,0
4.779723393886434,208.0,0
4.779832624733225,208.0,0
4.779941855580016,208.0,0
4.780051086426807,208.0,0
4.780160317273598,208.0,0
4.78026954812039,208.0,0
4.78037877896718,208.0,0
4.780488009813972,208.0,0
4.780597240660763,208.0,0
4.780706471507554,209.0,0
4.780815702354345,209.0,0
4.7809249332011365,209.0,0
4.781034164047927,209.0,0
4.781143394894719,209.0,0
4.78125262574151,209.0,0
4.781361856588301,209.0,0
4.781471087435093,209.0,0
4.7815803182818835,209.0,0
4.781689549128674,209.0,0
4.781798779975466,209.0,0
4.7819080108222565,209.0,0
4.782017241669048,209.0,0
4.782126472515839,209.0,0
4.78223570336263,209.0,0
4.782344934209421,209.0,0
4.782454165056213,209.0,0
4.782563395903003,209.0,0
4.782672626749794,209.0,0
4.782781857596586,209.0,0
4.782891088443376,210.0,0
4.783000319290168,209.0,0
4.783109550136959,210.0,0
4.78321878098375,211.0,0
4.783328011830541,211.0,0
4.783437242677333,211.0,0
4.783546473524124,211.0,0
4.783655704370915,211.0,0
4.7837649352177065,212.0,0
4.783874166064497,212.0,0
4.783983396911289,213.0,0
4.7840926277580795,214.0,0
4.78420185860487,214.0,0
4.784311089451662,214.0,0
4.7844203202984525,216.0,0
4.784529551145244,216.0,0
4.784638781992035,216.0,0
4.7847480128388264,216.0,0
4.784857243685617,217.0,0
4.784966474532409,217.0,0
4.7850757053791995,218.0,0
4.78518493622599,219.0,0
4.785294167072782,220.0,0
4.7854033979195725,219.0,0
4.785512628766364,220.0,0
4.785621859613155,220.0,0
4.785731090459946,221.0,0
4.785840321306737,220.0,0
4.785949552153529,222.0,0
4.786058783000319,222.0,0
4.786168013847111,223.0,0
4.786277244693903,223.0,0
4.786386475540693,224.0,0
4.786495706387485,224.0,0
4.786604937234276,224.0,0
4.786714168081066,224.0,0
4.786823398927858,225.0,0
4.786932629774649,225.0,0
4.78704186062144,225.0,0
4.787151091468231,226.0,0
4.7872603223150225,227.0,0
4.787369553161813,227.0,0
4.787478784008605,227.0,0
4.7875880148553955,227.0,0
4.787697245702186,228.0,0
4.787806476548978,228.0,0
4.7879157073957685,228.0,0
4.78802493824256,230.0,0
4.788134169089351,230.0,0
4.7882433999361425,230.0,0
4.788352630782933,231.0,0
4.788461861629725,231.0,0
4.788571092476516,231.0,0
4.788680323323307,231.0,0
4.788789554170099,232.0,0
4.788898785016889,232.0,0
4.789008015863681,233.0,0
4.789117246710472,232.0,0
4.789226477557262,233.0,0
4.789335708404054,233.0,0
4.789444939250845,233.0,0
4.789554170097636,233.0,0
4.789663400944427,233.0,0
4.789772631791219,234.0,0
4.789881862638009,234.0,0
4.789991093484801,233.0,0
4.790100324331592,234.0,0
4.790209555178382,234.0,0
4.790318786025174,234.0,0
4.790428016871965,233.0,0
4.790537247718756,235.0,0
4.790646478565547,235.0,0
4.7907557094123385,234.0,0
4.790864940259129,234.0,0
4.790974171105921,235.0,0
4.7910834019527115,235.0,0
4.791192632799503,235.0,0
4.791301863646295,235.0,0
4.791411094493085,236.0,0
4.791520325339877,236.0,0
4.791629556186668,236.0,0
4.7917387870334585,236.0,0
4.79184801788025,236.0,0
4.791957248727041,236.0,0
4.792066479573832,236.0,0
4.792175710420623,236.0,0
4.792284941267415,237.0,0
4.792394172114205,237.0,0
4.792503402960997,237.0,0
4.792612633807788,237.0,0
4.792721864654578,238.0,0
4.79283109550137,237.0,0
4.792940326348161,238.0,0
4.793049557194952,238.0,0
4.793158788041743,238.0,0
4.793268018888535,238.0,0
4.793377249735325,238.0,0
4.793486480582117,238.0,0
4.7935957114289085,238.0,0
4.793704942275699,238.0,0
4.793814173122491,239.0,0
4.7939234039692815,239.0,0
4.794032634816073,239.0,0
4.794141865662864,239.0,0
4.7942510965096545,240.0,0
4.794360327356446,240.0,0
4.794469558203237,240.0,0
4.794578789050028,240.0,0
4.794688019896819,241.0,0
4.794797250743611,241.0,0
4.7949064815904014,241.0,0
4.795015712437193,241.0,0
4.795124943283984,242.0,0
4.7952341741307745,242.0,0
4.795343404977566,243.0,0
4.795452635824357,243.0,0
4.795561866671148,243.0,0
4.795671097517939,243.0,0
4.795780328364731,243.0,0
4.795889559211521,244.0,0
4.795998790058313,244.0,0
4.796108020905104,244.0,0
4.796217251751895,245.0,0
4.796326482598687,246.0,0
4.796435713445478,246.0,0
4.796544944292269,246.0,0
4.79665417513906,246.0,0
4.7967634059858515,246.0,0
4.796872636832642,246.0,0
4.796981867679433,246.0,0
4.7970910985262245,246.0,0
4.797200329373015,246.0,0
4.797309560219807,246.0,0
4.7974187910665975,247.0,0
4.797528021913389,247.0,0
4.79763725276018,246.0,0
4.7977464836069705,247.0,0
4.797855714453762,247.0,0
4.797964945300553,247.0,0
4.798074176147344,247.0,0
4.798183406994135,248.0,0
4.798292637840927,248.0,0
4.7984018686877175,248.0,0
4.798511099534509,248.0,0
4.798620330381301,248.0,0
4.798729561228091,248.0,0
4.798838792074883,248.0,0
4.798948022921674,248.0,0
4.799057253768465,249.0,0
4.799166484615256,249.0,0
4.799275715462048,249.0,0
4.799384946308838,249.0,0
4.799494177155629,250.0,0
4.799603408002421,249.0,0
4.799712638849211,250.0,0
4.799821869696003,250.0,0
4.799931100542794,251.0,0
4.800040331389585,251.0,0
4.800149562236376,251.0,0
4.800258793083167,252.0,0
4.800368023929958,252.0,0
4.800477254776749,252.0,0
4.8005864856235405,252.0,0
4.800695716470331,252.0,0
4.800804947317123,252.0,0
4.8009141781639135,252.0,0
4.801023409010705,253.0,0
4.801132639857496,254.0,0
4.801241870704287,254.0,0
4.801351101551079,254.0,0
4.80146033239787,255.0,0
4.801569563244661,255.0,0
4.801678794091452,255.0,0
4.801788024938244,256.0,0
4.801897255785034,257.0,0
4.802006486631825,257.0,0
4.802115717478617,257.0,0
4.802224948325407,257.0,0
4.802334179172199,258.0,0
4.80244341001899,258.0,0
4.802552640865781,259.0,0
4.802661871712572,259.0,0
4.802771102559363,259.0,0
4.802880333406154,259.0,0
4.802989564252945,260.0,0
4.803098795099737,260.0,0
4.803208025946527,260.0,0
4.803317256793319,260.0,0
4.80342648764011,262.0,0
4.803535718486901,262.0,0
4.803644949333693,262.0,0
4.8037541801804835,262.0,0
4.803863411027275,263.0,0
4.803972641874066,263.0,0
4.804081872720857,263.0,0
4.804191103567648,263.0,0
4.80430033441444,263.0,0
4.80440956526123,263.0,0
4.804518796108021,263.0,0
4.804628026954813,263.0,0
4.804737257801603,264.0,0
4.804846488648395,264.0,0
4.804955719495186,265.0,0
4.805064950341977,265.0,0
4.805174181188768,265.0,0
4.805283412035559,266.0,0
4.80539264288235,266.0,0
4.805501873729141,267.0,0
4.805611104575933,267.0,0
4.805720335422723,267.0,0
4.805829566269515,268.0,0
4.805938797116306,268.0,0
4.806048027963097,268.0,0
4.806157258809888,268.0,0
4.80626648965668,268.0,0
4.806375720503471,268.0,0
4.806484951350262,268.0,0
4.8065941821970535,268.0,0
4.806703413043844,268.0,0
4.806812643890636,268.0,0
4.8069218747374265,268.0,0
4.807031105584217,268.0,0
4.807140336431009,268.0,0
4.8072495672777995,268.0,0
4.807358798124591,268.0,0
4.807468028971382,268.0,0
4.807577259818173,268.0,0
4.807686490664964,268.0,0
4.807795721511755,269.0,0
4.807904952358546,269.0,0
4.808014183205337,269.0,0
4.808123414052129,269.0,0
4.808232644898919,270.0,0
4.808341875745711,269.0,0
4.808451106592502,270.0,0
4.808560337439293,270.0,0
4.808669568286085,270.0,0
4.808778799132876,270.0,0
4.808888029979667,270.0,0
4.808997260826458,270.0,0
4.8091064916732496,270.0,0
4.80921572252004,270.0,0
4.809324953366832,270.0,0
4.809434184213623,271.0,0
4.809543415060413,271.0,0
4.809652645907205,270.0,0
4.809761876753996,271.0,0
4.809871107600787,271.0,0
4.809980338447578,271.0,0
4.8100895692943695,271.0,0
4.81019880014116,271.0,0
4.810308030987951,271.0,0
4.8104172618347425,271.0,0
4.810526492681533,271.0,0
4.810635723528325,272.0,0
4.8107449543751155,272.0,0
4.810854185221907,272.0,0
4.810963416068698,272.0,0
4.811072646915489,273.0,0
4.81118187776228,273.0,0
4.811291108609072,273.0,0
4.811400339455863,274.0,0
4.811509570302654,275.0,0
4.811618801149446,275.0,0
4.811728031996236,275.0,0
4.811837262843028,275.0,0
4.811946493689819,275.0,0
4.812055724536609,275.0,0
4.812164955383401,276.0,0
4.812274186230192,276.0,0
4.812383417076983,278.0,0
4.812492647923774,278.0,0
4.8126018787705656,278.0,0
4.812711109617356,278.0,0
4.812820340464147,279.0,0
4.812929571310939,279.0,0
4.813038802157729,279.0,0
4.813148033004521,280.0,0
4.813257263851312,280.0,0
4.813366494698103,280.0,0
4.813475725544894,280.0,0
4.8135849563916855,280.0,0
4.813694187238477,280.0,0
4.813803418085268,280.0,0
4.813912648932059,281.0,0
4.81402187977885,281.0,0
4.814131110625642,281.0,0
4.814240341472432,281.0,0
4.814349572319224,281.0,0
4.814458803166015,282.0,0
4.814568034012805,281.0,0
4.814677264859597,281.0,0
4.814786495706388,283.0,0
4.814895726553179,283.0,0
4.81500495739997,283.0,0
4.815114188246762,283.0,0
4.815223419093552,284.0,0
4.815332649940343,284.0,0
4.815441880787135,284.0,0
4.815551111633925,284.0,0
4.815660342480717,284.0,0
4.815769573327508,284.0,0
4.815878804174299,284.0,0
4.81598803502109,284.0,0
4.816097265867882,285.0,0
4.816206496714672,284.0,0
4.816315727561464,284.0,0
4.8164249584082555,285.0,0
4.816534189255046,286.0,0
4.816643420101838,286.0,0
4.8167526509486285,286.0,0
4.81686188179542,286.0,0
4.816971112642211,287.0,0
4.8170803434890015,287.0,0
4.817189574335793,287.0,0
4.817298805182584,287.0,0
4.817408036029375,287.0,0
4.817517266876166,287.0,0
4.817626497722958,288.0,0
4.817735728569748,288.0,0
4.817844959416539,288.0,0
4.817954190263331,288.0,0
4.818063421110121,289.0,0
4.818172651956913,289.0,0
4.818281882803704,289.0,0
4.818391113650495,289.0,0
4.818500344497286,290.0,0
4.818609575344078,289.0,0
4.818718806190869,289.0,0
4.81882803703766,290.0,0
4.8189372678844515,291.0,0
4.819046498731242,291.0,0
4.819155729578034,291.0,0
4.8192649604248246,291.0,0
4.819374191271616,291.0,0
4.819483422118407,291.0,0
4.819592652965198,291.0,0
4.819701883811989,292.0,0
4.81981111465878,292.0,0
4.8199203455055715,292.0,0
4.820029576352362,292.0,0
4.820138807199154,294.0,0
4.8202480380459445,294.0,0
4.820357268892735,294.0,0
4.820466499739527,294.0,0
4.8205757305863175,295.0,0
4.820684961433109,295.0,0
4.8207941922799,295.0,0
4.820903423126691,295.0,0
4.821012653973482,296.0,0
4.821121884820274,296.0,0
4.821231115667064,296.0,0
4.821340346513856,298.0,0
4.821449577360648,298.0,0
4.821558808207438,298.0,0
4.82166803905423,299.0,0
4.821777269901021,300.0,0
4.821886500747812,300.0,0
4.821995731594603,300.0,0
4.822104962441394,300.0,0
4.822214193288185,300.0,0
4.822323424134976,300.0,0
4.8224326549817675,300.0,0
4.822541885828558,300.0,0
4.82265111667535,301.0,0
4.822760347522141,300.0,0
4.822869578368931,300.0,0
4.822978809215723,300.0,0
4.823088040062514,300.0,0
4.823197270909305,300.0,0
4.823306501756096,300.0,0
4.8234157326028875,300.0,0
4.823524963449678,300.0,0
4.82363419429647,300.0,0
4.823743425143261,300.0,0
4.823852655990052,300.0,0
4.823961886836844,300.0,0
4.824071117683634,300.0,0
4.824180348530426,300.0,0
4.824289579377217,300.0,0
4.824398810224008,300.0,0
4.824508041070799,300.0,0
4.82461727191759,301.0,0
4.824726502764381,301.0,0
4.824835733611172,300.0,0
4.824944964457964,301.0,0
4.825054195304754,302.0,0
4.825163426151546,301.0,0
4.825272656998337,302.0,0
4.825381887845127,302.0,0
4.825491118691919,302.0,0
4.82560034953871,302.0,0
4.825709580385501,302.0,0
4.825818811232292,303.0,0
4.8259280420790835,303.0,0
4.826037272925874,303.0,0
4.826146503772666,304.0,0
4.826255734619457,304.0,0
4.826364965466248,304.0,0
4.82647419631304,304.0,0
4.8265834271598305,305.0,0
4.826692658006622,305.0,0
4.826801888853413,306.0,0
4.826911119700204,305.0,0
4.827020350546995,307.0,0
4.827129581393786,307.0,0
4.827238812240577,307.0,0
4.827348043087368,307.0,0
4.82745727393416,308.0,0
4.82756650478095,308.0,0
4.827675735627742,308.0,0
4.827784966474533,310.0,0
4.827894197321324,310.0,0
4.828003428168115,310.0,0
4.828112659014906,310.0,0
4.828221889861697,311.0,0
4.828331120708488,312.0,0
4.82844035155528,312.0,0
4.82854958240207,312.0,0
4.828658813248862,312.0,0
4.8287680440956535,312.0,0
4.828877274942444,312.0,0
4.828986505789236,312.0,0
4.8290957366360265,313.0,0
4.829204967482818,313.0,0
4.829314198329609,312.0,0
4.8294234291764,313.0,0
4.829532660023191,313.0,0
4.829641890869982,313.0,0
4.8297511217167735,313.0,0
4.829860352563564,315.0,0
4.829969583410356,314.0,0
4.8300788142571465,313.0,0
4.830188045103938,315.0,0
4.830297275950729,315.0,0
4.83040650679752,315.0,0
4.830515737644311,315.0,0
4.830624968491102,316.0,0
4.830734199337893,316.0,0
4.830843430184684,316.0,0
4.830952661031476,316.0,0
4.831061891878266,316.0,0
4.831171122725058,316.0,0
4.831280353571849,316.0,0
4.83138958441864,317.0,0
4.831498815265432,317.0,0
4.831608046112223,317.0,0
4.831717276959014,317.0,0
4.831826507805805,318.0,0
4.8319357386525965,318.0,0
4.832044969499387,318.0,0
4.832154200346178,318.0,0
4.8322634311929695,319.0,0
4.83237266203976,319.0,0
4.832481892886552,318.0,0
4.8325911237333425,319.0,0
4.832700354580134,319.0,0
4.832809585426925,319.0,0
4.8329188162737164,319.0,0
4.833028047120507,320.0,0
4.833137277967298,320.0,0
4.8332465088140895,320.0,0
4.83335573966088,321.0,0
4.833464970507672,321.0,0
4.8335742013544625,321.0,0
4.833683432201254,321.0,0
4.833792663048046,322.0,0
4.833901893894836,323.0,0
4.834011124741628,322.0,0
4.834120355588419,322.0,0
4.83422958643521,323.0,0
4.834338817282001,323.0,0
4.834448048128793,323.0,0
4.834557278975583,323.0,0
4.834666509822374,323.0,0
4.834775740669166,323.0,0
4.834884971515956,323.0,0
4.834994202362748,323.0,0
4.835103433209539,323.0,0
4.83521266405633,323.0,0
4.835321894903121,323.0,0
4.8354311257499125,323.0,0
4.835540356596703,324.0,0
4.835649587443494,323.0,0
4.8357588182902855,323.0,0
4.835868049137076,324.0,0
4.835977279983868,324.0,0
4.8360865108306585,324.0,0
4.83619574167745,324.0,0
4.836304972524241,324.0,0
4.8364142033710324,325.0,0
4.836523434217824,324.0,0
4.836632665064615,326.0,0
4.836741895911406,326.0,0
4.836851126758197,326.0,0
4.836960357604989,326.0,0
4.837069588451779,326.0,0
4.83717881929857,327.0,0
4.837288050145362,326.0,0
4.837397280992152,326.0,0
4.837506511838944,327.0,0
4.837615742685735,327.0,0
4.837724973532526,327.0,0
4.837834204379317,327.0,0
4.837943435226109,327.0,0
4.838052666072899,327.0,0
4.83816189691969,327.0,0
4.838271127766482,328.0,0
4.838380358613272,329.0,0
4.838489589460064,329.0,0
4.838598820306855,329.0,0
4.838708051153646,330.0,0
4.838817282000438,331.0,0
4.8389265128472285,331.0,0
4.83903574369402,331.0,0
4.839144974540811,332.0,0
4.839254205387602,332.0,0
4.839363436234393,332.0,0
4.839472667081185,332.0,0
4.839581897927975,333.0,0
4.839691128774766,333.0,0
4.839800359621558,333.0,0
4.8399095904683485,334.0,0
4.84001882131514,334.0,0
4.840128052161931,335.0,0
4.840237283008722,335.0,0
4.840346513855513,335.0,0
4.840455744702305,336.0,0
4.840564975549095,336.0,0
4.840674206395886,336.0,0
4.840783437242678,337.0,0
4.840892668089468,336.0,0
4.84100189893626,336.0,0
4.841111129783051,337.0,0
4.841220360629842,337.0,0
4.841329591476633,337.0,0
4.841438822323425,337.0,0
4.841548053170216,337.0,0
4.841657284017007,337.0,0
4.8417665148637985,337.0,0
4.841875745710589,337.0,0
4.841984976557381,337.0,0
4.8420942074041715,337.0,0
4.842203438250963,337.0,0
4.842312669097754,337.0,0
4.8424218999445445,337.0,0
4.842531130791336,337.0,0
4.842640361638127,337.0,0
4.842749592484918,337.0,0
4.842858823331709,338.0,0
4.842968054178501,338.0,0
4.8430772850252914,338.0,0
4.843186515872082,339.0,0
4.843295746718874,339.0,0
4.8434049775656645,338.0,0
4.843514208412456,339.0,0
4.843623439259247,339.0,0
4.843732670106038,339.0,0
4.84384190095283,339.0,0
4.843951131799621,339.0,0
4.844060362646412,339.0,0
4.844169593493203,339.0,0
4.844278824339995,339.0,0
4.844388055186785,340.0,0
4.844497286033577,340.0,0
4.844606516880368,340.0,0
4.844715747727159,341.0,0
4.84482497857395,342.0,0
4.844934209420741,342.0,0
4.845043440267532,342.0,0
4.845152671114323,342.0,0
4.8452619019611145,343.0,0
4.845371132807905,343.0,0
4.845480363654697,343.0,0
4.8455895945014875,344.0,0
4.845698825348278,344.0,0
4.84580805619507,344.0,0
4.8459172870418605,344.0,0
4.846026517888652,344.0,0
4.846135748735443,344.0,0
4.846244979582234,344.0,0
4.846354210429025,344.0,0
4.846463441275817,344.0,0
4.846572672122608,344.0,0
4.846681902969399,344.0,0
4.846791133816191,344.0,0
4.846900364662981,344.0,0
4.847009595509773,343.0,0
4.847118826356564,343.0,0
4.847228057203355,343.0,0
4.847337288050146,343.0,0
4.847446518896937,342.0,0
4.847555749743728,343.0,0
4.847664980590519,343.0,0
4.847774211437311,342.0,0
4.847883442284101,342.0,0
4.847992673130893,343.0,0
4.848101903977684,342.0,0
4.848211134824474,342.0,0
4.848320365671266,342.0,0
4.848429596518057,343.0,0
4.848538827364848,342.0,0
4.848648058211639,342.0,0
4.8487572890584305,343.0,0
4.848866519905222,344.0,0
4.848975750752013,343.0,0
4.849084981598804,344.0,0
4.849194212445595,344.0,0
4.849303443292387,344.0,0
4.849412674139177,344.0,0
4.849521904985969,344.0,0
4.84963113583276,344.0,0
4.849740366679551,344.0,0
4.849849597526342,344.0,0
4.849958828373133,344.0,0
4.850068059219924,345.0,0
4.850177290066715,345.0,0
4.850286520913507,345.0,0
4.850395751760297,346.0,0
4.850504982607089,347.0,0
4.85061421345388,347.0,0
4.85072344430067,347.0,0
4.850832675147462,348.0,0
4.850941905994253,348.0,0
4.851051136841044,348.0,0
4.851160367687835,349.0,0
4.851269598534627,350.0,0
4.851378829381417,350.0,0
4.851488060228209,351.0,0
4.8515972910750005,352.0,0
4.851706521921791,352.0,0
4.851815752768583,352.0,0
4.8519249836153735,352.0,0
4.852034214462165,353.0,0
4.852143445308956,353.0,0
4.852252676155747,354.0,0
4.852361907002538,355.0,0
4.852471137849329,355.0,0
4.85258036869612,355.0,0
4.852689599542911,356.0,0
4.852798830389703,356.0,0
4.852908061236493,357.0,0
4.853017292083285,358.0,0
4.853126522930076,358.0,0
4.8532357537768664,359.0,0
4.853344984623658,359.0,0
4.853454215470449,359.0,0
4.85356344631724,359.0,0
4.853672677164031,359.0,0
4.853781908010823,359.0,0
4.853891138857614,359.0,0
4.854000369704405,360.0,0
4.854109600551197,360.0,0
4.854218831397987,360.0,0
4.854328062244779,360.0,0
4.85443729309157,360.0,0
4.854546523938361,360.0,0
4.854655754785152,360.0,0
4.8547649856319435,361.0,0
4.854874216478734,361.0,0
4.854983447325525,361.0,0
4.8550926781723165,361.0,0
4.855201909019107,362.0,0
4.855311139865899,361.0,0
4.8554203707126895,362.0,0
4.855529601559481,361.0,0
4.855638832406272,362.0,0
4.8557480632530625,361.0,0
4.855857294099854,362.0,0
4.855966524946645,362.0,0
4.856075755793436,362.0,0
4.856184986640227,362.0,0
4.856294217487019,362.0,0
4.856403448333809,362.0,0
4.856512679180601,362.0,0
4.856621910027393,362.0,0
4.856731140874183,363.0,0
4.856840371720975,362.0,0
4.856949602567766,362.0,0
4.857058833414557,363.0,0
4.857168064261348,363.0,0
4.8572772951081395,362.0,0
4.85738652595493,363.0,0
4.857495756801721,362.0,0
4.857604987648513,362.0,0
4.857714218495303,362.0,0
4.857823449342095,362.0,0
4.857932680188886,362.0,0
4.858041911035677,362.0,0
4.858151141882468,362.0,0
4.858260372729259,362.0,0
4.85836960357605,362.0,0
4.858478834422841,362.0,0
4.8585880652696325,362.0,0
4.858697296116423,363.0,0
4.858806526963215,362.0,0
4.858915757810006,363.0,0
4.859024988656797,363.0,0
4.859134219503589,363.0,0
4.859243450350379,363.0,0
4.859352681197171,364.0,0
4.859461912043962,364.0,0
4.859571142890753,364.0,0
4.859680373737544,364.0,0
4.859789604584336,365.0,0
4.859898835431126,365.0,0
4.860008066277917,366.0,0
4.860117297124709,366.0,0
4.860226527971499,366.0,0
4.860335758818291,366.0,0
4.860444989665082,367.0,0
4.860554220511873,367.0,0
4.860663451358664,368.0,0
4.860772682205455,368.0,0
4.860881913052246,368.0,0
4.860991143899037,368.0,0
4.861100374745829,368.0,0
4.861209605592619,369.0,0
4.861318836439411,369.0,0
4.861428067286202,369.0,0
4.861537298132993,369.0,0
4.861646528979785,369.0,0
4.8617557598265755,370.0,0
4.861864990673367,370.0,0
4.861974221520158,370.0,0
4.862083452366949,370.0,0
4.86219268321374,371.0,0
4.862301914060532,371.0,0
4.862411144907322,371.0,0
4.862520375754113,371.0,0
4.862629606600905,371.0,0
4.862738837447695,372.0,0
4.862848068294487,372.0,0
4.862957299141278,372.0,0
4.863066529988069,373.0,0
4.86317576083486,374.0,0
4.863284991681651,374.0,0
4.863394222528442,374.0,0
4.863503453375233,375.0,0
4.863612684222025,376.0,0
4.863721915068815,376.0,0
4.863831145915607,376.0,0
4.8639403767623985,376.0,0
4.864049607609189,376.0,0
4.864158838455981,376.0,0
4.864268069302772,376.0,0
4.864377300149563,377.0,0
4.864486530996354,377.0,0
4.8645957618431455,377.0,0
4.864704992689936,377.0,0
4.864814223536728,377.0,0
4.8649234543835185,377.0,0
4.865032685230309,377.0,0
4.865141916077101,378.0,0
4.8652511469238915,378.0,0
4.865360377770683,377.0,0
4.865469608617474,379.0,0
4.865578839464265,379.0,0
4.865688070311056,378.0,0
4.865797301157847,378.0,0
4.865906532004638,379.0,0
4.866015762851429,379.0,0
4.866124993698221,379.0,0
4.866234224545011,379.0,0
4.866343455391803,380.0,0
4.866452686238594,380.0,0
4.866561917085385,380.0,0
4.866671147932177,380.0,0
4.866780378778968,380.0,0
4.866889609625759,380.0,0
4.86699884047255,380.0,0
4.8671080713193415,380.0,0
4.867217302166132,380.0,0
4.867326533012924,380.0,0
4.8674357638597145,380.0,0
4.867544994706505,380.0,0
4.867654225553297,380.0,0
4.867763456400088,380.0,0
4.867872687246879,380.0,0
4.86798191809367,380.0,0
4.8680911489404615,380.0,0
4.868200379787252,379.0,0
4.868309610634043,379.0,0
4.8684188414808345,379.0,0
4.868528072327625,379.0,0
4.868637303174417,379.0,0
4.8687465340212075,379.0,0
4.868855764867999,378.0,0
4.868964995714791,378.0,0
4.869074226561581,378.0,0
4.869183457408373,378.0,0
4.869292688255164,377.0,0
4.869401919101955,378.0,0
4.869511149948746,378.0,0
4.869620380795538,378.0,0
4.869729611642328,378.0,0
4.86983884248912,379.0,0
4.869948073335911,379.0,0
4.870057304182701,379.0,0
4.870166535029493,379.0,0
4.870275765876284,380.0,0
4.870384996723075,380.0,0
4.870494227569866,380.0,0
4.8706034584166575,380.0,0
4.870712689263448,380.0,0
4.870821920110239,380.0,0
4.8709311509570306,380.0,0
4.871040381803821,381.0,0
4.871149612650613,382.0,0
4.871258843497404,381.0,0
4.871368074344195,382.0,0
4.871477305190986,383.0,0
4.8715865360377775,382.0,0
4.871695766884569,383.0,0
4.87180499773136,384.0,0
4.871914228578151,384.0,0
4.872023459424942,384.0,0
4.872132690271734,384.0,0
4.872241921118524,385.0,0
4.872351151965316,385.0,0
4.872460382812107,385.0,0
4.872569613658897,386.0,0
4.872678844505689,387.0,0
4.87278807535248,387.0,0
4.872897306199271,387.0,0
4.873006537046062,387.0,0
4.873115767892854,388.0,0
4.873224998739644,388.0,0
4.873334229586436,388.0,0
4.873443460433227,390.0,0
4.873552691280017,390.0,0
4.873661922126809,390.0,0
4.8737711529736,391.0,0
4.873880383820391,391.0,0
4.873989614667183,391.0,0
4.8740988455139735,391.0,0
4.874208076360765,392.0,0
4.874317307207556,393.0,0
4.8744265380543474,393.0,0
4.874535768901138,393.0,0
4.87464499974793,395.0,0
4.8747542305947205,395.0,0
4.874863461441512,395.0,0
4.874972692288303,396.0,0
4.8750819231350935,396.0,0
4.875191153981885,396.0,0
4.875300384828676,396.0,0
4.875409615675467,397.0,0
4.875518846522258,398.0,0
4.87562807736905,396.0,0
4.87573730821584,398.0,0
4.875846539062632,398.0,0
4.875955769909423,398.0,0
4.876065000756213,397.0,0
4.876174231603005,398.0,0
4.876283462449796,398.0,0
4.876392693296587,397.0,0
4.876501924143378,398.0,0
4.87661115499017,398.0,0
4.876720385836961,398.0,0
4.876829616683752,398.0,0
4.8769388475305435,398.0,0
4.877048078377334,398.0,0
4.877157309224126,398.0,0
4.8772665400709165,398.0,0
4.877375770917708,398.0,0
4.877485001764499,398.0,0
4.8775942326112895,398.0,0
4.877703463458081,398.0,0
4.877812694304872,398.0,0
4.8779219251516635,398.0,0
4.878031155998454,398.0,0
4.878140386845246,398.0,0
4.8782496176920365,398.0,0
4.878358848538828,398.0,0
4.878468079385619,398.0,0
4.8785773102324095,399.0,0
4.878686541079201,399.0,0
4.878795771925992,399.0,0
4.878905002772783,399.0,0
4.879014233619575,400.0,0
4.879123464466366,399.0,0
4.879232695313157,400.0,0
4.879341926159948,400.0,0
4.87945115700674,401.0,0
4.87956038785353,401.0,0
4.879669618700322,401.0,0
4.879778849547113,401.0,0
4.879888080393904,401.0,0
4.879997311240695,402.0,0
4.880106542087486,402.0,0
4.880215772934277,402.0,0
4.880325003781068,403.0,0
4.8804342346278595,403.0,0
4.88054346547465,402.0,0
4.880652696321442,403.0,0
4.8807619271682325,403.0,0
4.880871158015024,403.0,0
4.880980388861815,403.0,0
4.8810896197086056,403.0,0
4.881198850555397,403.0,0
4.881308081402188,403.0,0
4.8814173122489795,403.0,0
4.88152654309577,403.0,0
4.881635773942562,403.0,0
4.881745004789353,403.0,0
4.881854235636144,403.0,0
4.881963466482936,404.0,0
4.882072697329726,404.0,0
4.882181928176518,404.0,0
4.882291159023309,404.0,0
4.8824003898701,404.0,0
4.882509620716891,404.0,0
4.882618851563682,404.0,0
4.882728082410473,404.0,0
4.882837313257264,404.0,0
4.882946544104056,404.0,0
4.883055774950846,404.0,0
4.883165005797638,404.0,0
4.883274236644429,404.0,0
4.88338346749122,403.0,0
4.883492698338011,404.0,0
4.883601929184802,404.0,0
4.883711160031593,403.0,0
4.883820390878384,403.0,0
4.8839296217251755,404.0,0
4.884038852571967,403.0,0
4.884148083418758,403.0,0
4.884257314265549,403.0,0
4.88436654511234,403.0,0
4.884475775959132,403.0,0
4.8845850068059224,403.0,0
4.884694237652714,403.0,0
4.884803468499505,403.0,0
4.884912699346296,403.0,0
4.885021930193087,403.0,0
4.885131161039878,404.0,0
4.885240391886669,404.0,0
4.88534962273346,403.0,0
4.885458853580252,404.0,0
4.885568084427042,404.0,0
4.885677315273834,404.0,0
4.885786546120625,404.0,0
4.885895776967416,404.0,0
4.886005007814207,405.0,0
4.886114238660998,404.0,0
4.886223469507789,404.0,0
4.88633270035458,406.0,0
4.886441931201372,406.0,0
4.886551162048162,406.0,0
4.886660392894954,406.0,0
4.8867696237417455,406.0,0
4.886878854588536,406.0,0
4.886988085435328,406.0,0
4.8870973162821185,406.0,0
4.88720654712891,406.0,0
4.887315777975701,406.0,0
4.887425008822492,406.0,0
4.887534239669283,408.0,0
4.887643470516074,408.0,0
4.887752701362865,407.0,0
4.887861932209656,408.0,0
4.887971163056448,408.0,0
4.8880803939032385,408.0,0
4.88818962475003,408.0,0
4.888298855596821,408.0,0
4.888408086443612,408.0,0
4.888517317290403,408.0,0
4.888626548137194,408.0,0
4.888735778983985,408.0,0
4.888845009830776,408.0,0
4.888954240677568,409.0,0
4.889063471524359,409.0,0
4.88917270237115,409.0,0
4.889281933217942,409.0,0
4.889391164064732,410.0,0
4.889500394911524,410.0,0
4.889609625758315,410.0,0
4.889718856605106,410.0,0
4.889828087451897,411.0,0
4.8899373182986885,411.0,0
4.890046549145479,411.0,0
4.890155779992271,411.0,0
4.8902650108390615,412.0,0
4.890374241685852,411.0,0
4.890483472532644,412.0,0
4.8905927033794345,412.0,0
4.890701934226226,412.0,0
4.890811165073017,412.0,0
4.890920395919808,412.0,0
4.891029626766599,412.0,0
4.89113885761339,412.0,0
4.891248088460181,412.0,0
4.891357319306972,412.0,0
4.891466550153764,412.0,0
4.8915757810005545,412.0,0
4.891685011847346,412.0,0
4.891794242694138,413.0,0
4.891903473540928,413.0,0
4.89201270438772,413.0,0
4.892121935234511,414.0,0
4.892231166081302,414.0,0
4.892340396928093,414.0,0
4.892449627774885,414.0,0
4.892558858621675,414.0,0
4.892668089468467,414.0,0
4.892777320315258,414.0,0
4.892886551162048,415.0,0
4.89299578200884,415.0,0
4.893105012855631,415.0,0
4.893214243702422,415.0,0
4.893323474549213,416.0,0
4.8934327053960045,416.0,0
4.893541936242795,416.0,0
4.893651167089586,417.0,0
4.8937603979363775,417.0,0
4.893869628783168,417.0,0
4.89397885962996,418.0,0
4.894088090476751,418.0,0
4.894197321323542,419.0,0
4.894306552170334,419.0,0
4.894415783017124,419.0,0
4.894525013863916,419.0,0
4.894634244710707,419.0,0
4.894743475557498,420.0,0
4.894852706404289,420.0,0
4.894961937251081,420.0,0
4.895071168097871,421.0,0
4.895180398944663,422.0,0
4.895289629791454,422.0,0
4.895398860638244,422.0,0
4.895508091485036,423.0,0
4.895617322331827,423.0,0
4.895726553178618,423.0,0
4.895835784025409,423.0,0
4.895945014872201,424.0,0
4.896054245718991,425.0,0
4.896163476565782,425.0,0
4.896272707412574,426.0,0
4.896381938259364,427.0,0
4.896491169106156,427.0,0
4.896600399952947,428.0,0
4.896709630799738,428.0,0
4.89681886164653,428.0,0
4.8969280924933205,428.0,0
4.897037323340112,428.0,0
4.897146554186903,429.0,0
4.897255785033694,429.0,0
4.897365015880485,429.0,0
4.897474246727277,430.0,0
4.897583477574067,430.0,0
4.897692708420859,430.0,0
4.89780193926765,430.0,0
4.89791117011444,430.0,0
4.898020400961232,430.0,0
4.898129631808023,430.0,0
4.898238862654814,430.0,0
4.898348093501605,430.0,0
4.898457324348397,430.0,0
4.898566555195187,430.0,0
4.898675786041978,430.0,0
4.89878501688877,430.0,0
4.89889424773556,430.0,0
4.899003478582352,430.0,0
4.899112709429144,430.0,0
4.899221940275934,430.0,0
4.899331171122726,430.0,0
4.899440401969517,431.0,0
4.899549632816308,431.0,0
4.899658863663099,431.0,0
4.8997680945098905,431.0,0
4.899877325356681,432.0,0
4.899986556203473,432.0,0
4.9000957870502635,432.0,0
4.900205017897055,432.0,0
4.900314248743846,432.0,0
4.9004234795906365,432.0,0
4.900532710437428,432.0,0
4.900641941284219,433.0,0
4.90075117213101,433.0,0
4.900860402977801,433.0,0
4.900969633824593,433.0,0
4.901078864671383,434.0,0
4.901188095518174,433.0,0
4.901297326364966,433.0,0
4.901406557211756,434.0,0
4.901515788058548,435.0,0
4.901625018905339,434.0,0
4.90173424975213,434.0,0
4.901843480598922,435.0,0
4.901952711445713,435.0,0
4.902061942292504,435.0,0
4.902171173139295,435.0,0
4.9022804039860866,435.0,0
4.902389634832877,435.0,0
4.902498865679669,435.0,0
4.90260809652646,435.0,0
4.902717327373251,435.0,0
4.902826558220042,435.0,0
4.902935789066833,435.0,0
4.903045019913624,435.0,0
4.903154250760415,435.0,0
4.9032634816072065,435.0,0
4.903372712453997,435.0,0
4.903481943300789,435.0,0
4.9035911741475795,435.0,0
4.90370040499437,435.0,0
4.903809635841162,435.0,0
4.9039188666879525,435.0,0
4.904028097534744,435.0,0
4.904137328381536,435.0,0
4.904246559228326,435.0,0
4.904355790075118,435.0,0
4.90446502092191,436.0,0
4.9045742517687,436.0,0
4.904683482615491,435.0,0
4.904792713462283,436.0,0
4.904901944309073,436.0,0
4.905011175155865,436.0,0
4.905120406002656,436.0,0
4.905229636849447,436.0,0
4.905338867696238,437.0,0
4.905448098543029,436.0,0
4.90555732938982,438.0,0
4.905666560236611,438.0,0
4.905775791083403,438.0,0
4.905885021930193,438.0,0
4.905994252776985,438.0,0
4.906103483623776,439.0,0
4.906212714470566,439.0,0
4.906321945317358,440.0,0
4.906431176164149,440.0,0
4.90654040701094,440.0,0
4.906649637857731,440.0,0
4.9067588687045225,440.0,0
4.906868099551314,440.0,0
4.906977330398105,440.0,0
4.907086561244896,441.0,0
4.907195792091687,442.0,0
4.907305022938479,442.0,0
4.907414253785269,442.0,0
4.907523484632061,443.0,0
4.907632715478852,443.0,0
4.907741946325643,443.0,0
4.907851177172434,443.0,0
4.907960408019225,444.0,0
4.908069638866016,444.0,0
4.908178869712807,443.0,0
4.908288100559599,444.0,0
4.908397331406389,444.0,0
4.908506562253181,444.0,0
4.908615793099972,444.0,0
4.908725023946762,444.0,0
4.908834254793554,444.0,0
4.908943485640345,444.0,0
4.909052716487136,444.0,0
4.909161947333928,444.0,0
4.909271178180719,444.0,0
4.90938040902751,444.0,0
4.909489639874302,444.0,0
4.9095988707210925,444.0,0
4.909708101567883,444.0,0
4.909817332414675,444.0,0
4.9099265632614655,445.0,0
4.910035794108257,444.0,0
4.910145024955048,444.0,0
4.910254255801839,444.0,0
4.91036348664863,445.0,0
4.910472717495421,445.0,0
4.910581948342212,445.0,0
4.910691179189003,445.0,0
4.910800410035795,446.0,0
4.910909640882585,446.0,0
4.911018871729377,446.0,0
4.911128102576168,446.0,0
4.911237333422958,447.0,0
4.91134656426975,447.0,0
4.911455795116541,447.0,0
4.911565025963332,448.0,0
4.911674256810123,448.0,0
4.911783487656915,448.0,0
4.911892718503706,448.0,0
4.912001949350497,448.0,0
4.9121111801972885,449.0,0
4.912220411044079,449.0,0
4.912329641890871,450.0,0
4.9124388727376616,449.0,0
4.912548103584453,450.0,0
4.912657334431244,451.0,0
4.9127665652780355,451.0,0
4.912875796124826,451.0,0
4.912985026971617,451.0,0
4.9130942578184085,451.0,0
4.913203488665199,451.0,0
4.913312719511991,451.0,0
4.9134219503587815,451.0,0
4.913531181205573,451.0,0
4.913640412052364,451.0,0
4.9137496428991545,451.0,0
4.913858873745946,451.0,0
4.913968104592737,451.0,0
4.914077335439528,451.0,0
4.91418656628632,452.0,0
4.914295797133111,452.0,0
4.914405027979902,452.0,0
4.914514258826694,452.0,0
4.914623489673485,453.0,0
4.914732720520275,454.0,0
4.914841951367067,454.0,0
4.914951182213858,454.0,0
4.915060413060649,455.0,0
4.91516964390744,455.0,0
4.9152788747542315,455.0,0
4.915388105601022,455.0,0
4.915497336447813,455.0,0
4.9156065672946045,456.0,0
4.915715798141395,456.0,0
4.915825028988187,457.0,0
4.915934259834978,457.0,0
4.916043490681769,457.0,0
4.91615272152856,458.0,0
4.916261952375351,459.0,0
4.916371183222142,459.0,0
4.916480414068933,459.0,0
4.9165896449157245,460.0,0
4.916698875762515,460.0,0
4.916808106609307,460.0,0
4.916917337456098,460.0,0
4.917026568302889,460.0,0
4.917135799149681,460.0,0
4.917245029996471,460.0,0
4.917354260843263,461.0,0
4.917463491690054,461.0,0
4.917572722536845,461.0,0
4.917681953383636,461.0,0
4.917791184230428,462.0,0
4.917900415077218,462.0,0
4.918009645924009,462.0,0
4.918118876770801,462.0,0
4.918228107617591,463.0,0
4.918337338464383,462.0,0
4.918446569311174,463.0,0
4.918555800157965,463.0,0
4.918665031004756,463.0,0
4.918774261851547,463.0,0
4.918883492698338,464.0,0
4.918992723545129,464.0,0
4.9191019543919206,464.0,0
4.919211185238712,464.0,0
4.919320416085503,465.0,0
4.9194296469322945,465.0,0
4.919538877779086,465.0,0
4.919648108625877,466.0,0
4.9197573394726675,466.0,0
4.919866570319459,466.0,0
4.91997580116625,467.0,0
4.920085032013041,467.0,0
4.920194262859832,467.0,0
4.920303493706624,467.0,0
4.920412724553414,467.0,0
4.920521955400205,467.0,0
4.920631186246997,467.0,0
4.920740417093787,468.0,0
4.920849647940579,468.0,0
4.92095887878737,468.0,0
4.921068109634161,468.0,0
4.921177340480952,469.0,0
4.921286571327744,470.0,0
4.921395802174534,469.0,0
4.921505033021325,470.0,0
4.921614263868117,470.0,0
4.921723494714907,470.0,0
4.921832725561699,470.0,0
4.9219419564084905,470.0,0
4.922051187255281,470.0,0
4.922160418102073,470.0,0
4.9222696489488635,470.0,0
4.922378879795655,471.0,0
4.922488110642446,471.0,0
4.922597341489237,472.0,0
4.922706572336028,472.0,0
4.92281580318282,472.0,0
4.9229250340296105,472.0,0
4.923034264876401,472.0,0
4.923143495723193,472.0,0
4.9232527265699835,472.0,0
4.923361957416775,472.0,0
4.923471188263566,472.0,0
4.923580419110357,472.0,0
4.923689649957148,472.0,0
4.92379888080394,472.0,0
4.92390811165073,473.0,0
4.924017342497521,472.0,0
4.924126573344313,472.0,0
4.924235804191104,473.0,0
4.924345035037895,473.0,0
4.924454265884687,473.0,0
4.924563496731478,473.0,0
4.924672727578269,473.0,0
4.92478195842506,473.0,0
4.924891189271851,473.0,0
4.925000420118642,473.0,0
4.9251096509654335,473.0,0
4.925218881812224,474.0,0
4.925328112659016,473.0,0
4.9254373435058065,473.0,0
4.925546574352597,473.0,0
4.925655805199389,474.0,0
4.9257650360461795,473.0,0
4.925874266892971,474.0,0
4.925983497739762,474.0,0
4.9260927285865534,474.0,0
4.926201959433344,474.0,0
4.926311190280136,475.0,0
4.9264204211269265,475.0,0
4.926529651973717,475.0,0
4.926638882820509,475.0,0
4.9267481136672995,475.0,0
4.926857344514091,475.0,0
4.926966575360883,475.0,0
4.927075806207673,475.0,0
4.927185037054465,476.0,0
4.927294267901256,475.0,0
4.927403498748047,475.0,0
4.927512729594838,476.0,0
4.92762196044163,476.0,0
4.92773119128842,475.0,0
4.927840422135212,476.0,0
4.927949652982003,476.0,0
4.928058883828793,476.0,0
4.928168114675585,476.0,0
4.928277345522376,476.0,0
4.928386576369167,476.0,0
4.928495807215958,476.0,0
4.9286050380627495,476.0,0
4.92871426890954,476.0,0
4.928823499756332,476.0,0
4.9289327306031225,476.0,0
4.929041961449913,476.0,0
4.929151192296705,477.0,0
4.929260423143496,476.0,0
4.929369653990287,476.0,0
4.929478884837079,476.0,0
4.92958811568387,477.0,0
4.929697346530661,476.0,0
4.929806577377452,477.0,0
4.929915808224243,478.0,0
4.930025039071034,477.0,0
4.930134269917826,477.0,0
4.930243500764616,478.0,0
4.930352731611408,478.0,0
4.930461962458199,478.0,0
4.930571193304989,478.0,0
4.930680424151781,479.0,0
4.930789654998572,479.0,0
4.930898885845363,479.0,0
4.931008116692154,479.0,0
4.931117347538946,480.0,0
4.931226578385736,479.0,0
4.931335809232528,480.0,0
4.931445040079319,480.0,0
4.931554270926109,480.0,0
4.931663501772901,479.0,0
4.931772732619692,480.0,0
4.931881963466483,480.0,0
4.931991194313275,480.0,0
4.9321004251600655,480.0,0
4.932209656006857,480.0,0
4.932318886853648,480.0,0
4.932428117700439,480.0,0
4.93253734854723,480.0,0
4.932646579394022,480.0,0
4.932755810240812,480.0,0
4.932865041087604,480.0,0
4.932974271934395,481.0,0
4.9330835027811855,481.0,0
4.933192733627977,481.0,0
4.933301964474768,481.0,0
4.933411195321559,481.0,0
4.93352042616835,481.0,0
4.933629657015142,481.0,0
4.933738887861932,482.0,0
4.933848118708724,481.0,0
4.933957349555515,481.0,0
4.934066580402305,481.0,0
4.934175811249097,482.0,0
4.934285042095889,481.0,0
4.934394272942679,481.0,0
4.934503503789471,481.0,0
4.9346127346362625,481.0,0
4.934721965483053,481.0,0
4.934831196329844,482.0,0
4.9349404271766355,481.0,0
4.935049658023426,481.0,0
4.935158888870218,481.0,0
4.9352681197170085,482.0,0
4.9353773505638,482.0,0
4.935486581410591,482.0,0
4.935595812257382,482.0,0
4.935705043104173,483.0,0
4.935814273950964,482.0,0
4.935923504797755,483.0,0
4.936032735644546,483.0,0
4.936141966491338,483.0,0
4.9362511973381284,483.0,0
4.93636042818492,483.0,0
4.936469659031711,483.0,0
4.9365788898785015,483.0,0
4.936688120725293,483.0,0
4.936797351572084,483.0,0
4.936906582418875,483.0,0
4.937015813265667,483.0,0
4.937125044112458,483.0,0
4.937234274959249,483.0,0
4.93734350580604,483.0,0
4.937452736652832,483.0,0
4.937561967499622,483.0,0
4.937671198346414,483.0,0
4.937780429193205,483.0,0
4.937889660039996,484.0,0
4.937998890886787,484.0,0
4.9381081217335785,484.0,0
4.938217352580369,484.0,0
4.93832658342716,484.0,0
4.9384358142739515,484.0,0
4.938545045120742,484.0,0
4.938654275967534,485.0,0
4.9387635068143245,485.0,0
4.938872737661116,485.0,0
4.938981968507907,486.0,0
4.9390911993546975,486.0,0
4.939200430201489,486.0,0
4.939309661048281,486.0,0
4.939418891895071,486.0,0
4.939528122741863,486.0,0
4.939637353588655,486.0,0
4.939746584435445,486.0,0
4.939855815282236,486.0,0
4.939965046129028,486.0,0
4.940074276975818,486.0,0
4.94018350782261,486.0,0
4.940292738669401,486.0,0
4.940401969516192,486.0,0
4.940511200362983,486.0,0
4.940620431209775,486.0,0
4.940729662056565,486.0,0
4.940838892903356,486.0,0
4.940948123750148,487.0,0
4.941057354596938,487.0,0
4.94116658544373,487.0,0
4.941275816290521,487.0,0
4.941385047137312,487.0,0
4.941494277984103,487.0,0
4.941603508830894,487.0,0
4.941712739677685,487.0,0
4.941821970524476,487.0,0
4.9419312013712675,488.0,0
4.942040432218059,489.0,0
4.94214966306485,489.0,0
4.942258893911641,489.0,0
4.942368124758432,489.0,0
4.942477355605224,491.0,0
4.942586586452014,490.0,0
4.942695817298806,491.0,0
4.942805048145597,492.0,0
4.942914278992388,492.0,0
4.943023509839179,492.0,0
4.943132740685971,492.0,0
4.943241971532761,492.0,0
4.943351202379552,492.0,0
4.943460433226344,492.0,0
4.943569664073134,493.0,0
4.943678894919926,493.0,0
4.943788125766717,493.0,0
4.943897356613508,494.0,0
4.944006587460299,494.0,0
4.94411581830709,494.0,0
4.944225049153881,494.0,0
4.944334280000673,494.0,0
4.944443510847464,495.0,0
4.944552741694255,494.0,0
4.944661972541047,495.0,0
4.9447712033878375,495.0,0
4.944880434234628,495.0,0
4.94498966508142,495.0,0
4.9450988959282105,496.0,0
4.945208126775002,496.0,0
4.945317357621793,496.0,0
4.945426588468584,496.0,0
4.945535819315375,496.0,0
4.945645050162167,496.0,0
4.945754281008957,496.0,0
4.945863511855748,497.0,0
4.94597274270254,497.0,0
4.94608197354933,497.0,0
4.946191204396122,498.0,0
4.946300435242913,498.0,0
4.946409666089704,498.0,0
4.946518896936495,498.0,0
4.946628127783286,499.0,0
4.946737358630077,499.0,0
4.946846589476868,498.0,0
4.94695582032366,498.0,0
4.947065051170451,499.0,0
4.947174282017242,498.0,0
4.947283512864034,497.0,0
4.947392743710824,498.0,0
4.947501974557616,498.0,0
4.947611205404407,497.0,0
4.947720436251198,497.0,0
4.947829667097989,497.0,0
4.9479388979447805,497.0,0
4.948048128791571,496.0,0
4.948157359638363,497.0,0
4.9482665904851535,497.0,0
4.948375821331944,496.0,0
4.948485052178736,496.0,0
4.9485942830255265,497.0,0
4.948703513872318,496.0,0
4.948812744719109,496.0,0
4.9489219755659,496.0,0
4.949031206412691,497.0,0
4.949140437259482,496.0,0
4.949249668106273,496.0,0
4.949358898953065,497.0,0
4.949468129799856,497.0,0
4.949577360646647,496.0,0
4.949686591493439,497.0,0
4.94979582234023,497.0,0
4.94990505318702,497.0,0
4.950014284033812,497.0,0
4.950123514880603,498.0,0
4.950232745727394,497.0,0
4.950341976574185,497.0,0
4.9504512074209766,498.0,0
4.950560438267767,498.0,0
4.950669669114559,497.0,0
4.95077889996135,498.0,0
4.95088813080814,499.0,0
4.950997361654932,499.0,0
4.951106592501723,498.0,0
4.951215823348514,499.0,0
4.951325054195305,499.0,0
4.9514342850420965,499.0,0
4.951543515888887,499.0,0
4.951652746735678,500.0,0
4.9517619775824695,500.0,0
4.95187120842926,499.0,0
4.951980439276052,500.0,0
4.952089670122843,500.0,0
4.952198900969634,500.0,0
4.952308131816426,500.0,0
4.952417362663217,501.0,0
4.952526593510008,501.0,0
4.952635824356799,500.0,0
4.95274505520359,501.0,0
4.952854286050381,502.0,0
4.952963516897173,501.0,0
4.953072747743963,500.0,0
4.953181978590755,502.0,0
4.953291209437546,502.0,0
4.953400440284336,501.0,0
4.953509671131128,501.0,0
4.953618901977919,502.0,0
4.95372813282471,502.0,0
4.953837363671501,502.0,0
4.953946594518293,502.0,0
4.954055825365083,502.0,0
4.954165056211874,502.0,0
4.954274287058666,502.0,0
4.954383517905457,503.0,0
4.954492748752248,504.0,0
4.9546019795990395,503.0,0
4.954711210445831,504.0,0
4.954820441292622,504.0,0
4.954929672139413,504.0,0
4.955038902986204,504.0,0
4.955148133832995,505.0,0
4.955257364679786,505.0,0
4.955366595526577,505.0,0
4.955475826373369,505.0,0
4.955585057220159,507.0,0
4.955694288066951,507.0,0
4.955803518913742,507.0,0
4.955912749760532,507.0,0
4.956021980607324,508.0,0
4.956131211454115,508.0,0
4.956240442300906,508.0,0
4.956349673147697,508.0,0
4.956458903994489,508.0,0
4.956568134841279,508.0,0
4.95667736568807,510.0,0
4.956786596534862,510.0,0
4.956895827381652,510.0,0
4.957005058228444,510.0,0
4.9571142890752355,511.0,0
4.957223519922026,510.0,0
4.957332750768818,510.0,0
4.9574419816156094,511.0,0
4.9575512124624,512.0,0
4.957660443309191,511.0,0
4.9577696741559825,511.0,0
4.957878905002773,512.0,0
4.957988135849565,512.0,0
4.9580973666963555,512.0,0
4.958206597543147,513.0,0
4.958315828389938,513.0,0
4.9584250592367285,512.0,0
4.95853429008352,513.0,0
4.958643520930311,514.0,0
4.958752751777102,513.0,0
4.958861982623893,513.0,0
4.958971213470685,514.0,0
4.959080444317475,515.0,0
4.959189675164266,514.0,0
4.959298906011058,514.0,0
4.959408136857849,515.0,0
4.95951736770464,515.0,0
4.959626598551432,515.0,0
4.959735829398223,515.0,0
4.959845060245014,515.0,0
4.9599542910918055,515.0,0
4.960063521938596,515.0,0
4.960172752785387,516.0,0
4.9602819836321785,516.0,0
4.960391214478969,516.0,0
4.960500445325761,516.0,0
4.9606096761725516,518.0,0
4.960718907019343,516.0,0
4.960828137866134,517.0,0
4.960937368712925,518.0,0
4.961046599559716,518.0,0
4.961155830406507,516.0,0
4.9612650612532985,518.0,0
4.961374292100089,518.0,0
4.961483522946881,517.0,0
4.9615927537936715,516.0,0
4.961701984640462,518.0,0
4.961811215487254,518.0,0
4.9619204463340445,516.0,0
4.962029677180836,518.0,0
4.962138908027628,518.0,0
4.962248138874418,517.0,0
4.96235736972121,516.0,0
4.962466600568002,518.0,0
4.962575831414792,518.0,0
4.962685062261583,516.0,0
4.962794293108375,518.0,0
4.962903523955165,518.0,0
4.963012754801957,518.0,0
4.963121985648748,517.0,0
4.963231216495539,518.0,0
4.96334044734233,518.0,0
4.963449678189121,518.0,0
4.963558909035912,518.0,0
4.963668139882703,518.0,0
4.9637773707294945,518.0,0
4.963886601576285,518.0,0
4.963995832423077,518.0,0
4.964105063269868,519.0,0
4.964214294116658,518.0,0
4.96432352496345,518.0,0
4.9644327558102415,518.0,0
4.964541986657032,518.0,0
4.964651217503824,518.0,0
4.964760448350615,518.0,0
4.964869679197406,518.0,0
4.964978910044198,518.0,0
4.965088140890988,518.0,0
4.965197371737779,519.0,0
4.965306602584571,518.0,0
4.965415833431361,518.0,0
4.965525064278153,518.0,0
4.965634295124944,518.0,0
4.965743525971735,518.0,0
4.965852756818526,518.0,0
4.965961987665317,518.0,0
4.966071218512108,518.0,0
4.966180449358899,518.0,0
4.966289680205691,518.0,0
4.966398911052481,518.0,0
4.966508141899273,518.0,0
4.966617372746064,518.0,0
4.966726603592855,518.0,0
4.966835834439646,518.0,0
4.966945065286437,518.0,0
4.967054296133228,518.0,0
4.96716352698002,518.0,0
4.9672727578268105,518.0,0
4.967381988673602,518.0,0
4.967491219520394,518.0,0
4.9676004503671845,518.0,0
4.967709681213975,518.0,0
4.967818912060767,518.0,0
4.9679281429075575,518.0,0
4.968037373754349,518.0,0
4.96814660460114,518.0,0
4.968255835447931,519.0,0
4.968365066294722,518.0,0
4.968474297141513,518.0,0
4.968583527988304,519.0,0
4.968692758835095,519.0,0
4.968801989681887,519.0,0
4.968911220528677,519.0,0
4.969020451375469,519.0,0
4.96912968222226,519.0,0
4.969238913069051,519.0,0
4.969348143915842,519.0,0
4.969457374762634,520.0,0
4.969566605609424,520.0,0
4.969675836456216,521.0,0
4.9697850673030075,521.0,0
4.969894298149798,521.0,0
4.97000352899659,522.0,0
4.9701127598433805,523.0,0
4.970221990690171,524.0,0
4.970331221536963,524.0,0
4.9704404523837535,524.0,0
4.970549683230545,524.0,0
4.970658914077336,524.0,0
4.970768144924127,524.0,0
4.970877375770918,526.0,0
4.970986606617709,526.0,0
4.9710958374645005,526.0,0
4.971205068311291,526.0,0
4.971314299158083,527.0,0
4.9714235300048735,527.0,0
4.971532760851665,527.0,0
4.971641991698456,527.0,0
4.971751222545247,528.0,0
4.971860453392038,527.0,0
4.971969684238829,527.0,0
4.97207891508562,528.0,0
4.972188145932412,528.0,0
4.972297376779203,528.0,0
4.972406607625994,528.0,0
4.972515838472786,529.0,0
4.972625069319577,528.0,0
4.972734300166367,528.0,0
4.972843531013159,529.0,0
4.97295276185995,529.0,0
4.973061992706741,528.0,0
4.973171223553532,529.0,0
4.9732804544003235,529.0,0
4.973389685247114,528.0,0
4.973498916093905,528.0,0
4.9736081469406965,529.0,0
4.973717377787487,528.0,0
4.973826608634279,528.0,0
4.9739358394810695,528.0,0
4.974045070327861,528.0,0
4.974154301174652,527.0,0
4.9742635320214434,527.0,0
4.974372762868234,528.0,0
4.974481993715026,527.0,0
4.9745912245618165,527.0,0
4.974700455408608,527.0,0
4.9748096862554,527.0,0
4.97491891710219,526.0,0
4.975028147948982,526.0,0
4.975137378795773,526.0,0
4.975246609642563,525.0,0
4.975355840489355,524.0,0
4.975465071336146,524.0,0
4.975574302182937,524.0,0
4.975683533029728,524.0,0
4.97579276387652,524.0,0
4.97590199472331,524.0,0
4.976011225570101,524.0,0
4.976120456416893,524.0,0
4.976229687263683,524.0,0
4.976338918110475,524.0,0
4.976448148957266,524.0,0
4.976557379804057,524.0,0
4.976666610650848,524.0,0
4.9767758414976395,524.0,0
4.97688507234443,524.0,0
4.976994303191221,524.0,0
4.9771035340380125,524.0,0
4.977212764884804,524.0,0
4.977321995731595,524.0,0
4.977431226578386,524.0,0
4.977540457425178,524.0,0
4.977649688271969,524.0,0
4.9777589191187595,524.0,0
4.977868149965551,524.0,0
4.977977380812342,524.0,0
4.978086611659133,524.0,0
4.978195842505924,524.0,0
4.978305073352716,524.0,0
4.978414304199506,523.0,0
4.978523535046297,524.0,0
4.978632765893089,524.0,0
4.978741996739879,524.0,0
4.978851227586671,523.0,0
4.978960458433462,524.0,0
4.979069689280253,524.0,0
4.979178920127044,523.0,0
4.979288150973836,523.0,0
4.979397381820626,523.0,0
4.979506612667418,522.0,0
4.979615843514209,522.0,0
4.979725074361,522.0,0
4.979834305207792,522.0,0
4.9799435360545825,521.0,0
4.980052766901374,521.0,0
4.980161997748165,521.0,0
4.9802712285949555,521.0,0
4.980380459441747,521.0,0
4.980489690288538,521.0,0
4.980598921135329,521.0,0
4.98070815198212,521.0,0
4.980817382828912,521.0,0
4.980926613675702,521.0,0
4.981035844522493,521.0,0
4.981145075369285,521.0,0
4.9812543062160755,521.0,0
4.981363537062867,523.0,0
4.981472767909658,522.0,0
4.981581998756449,522.0,0
4.98169122960324,523.0,0
4.981800460450032,523.0,0
4.981909691296822,523.0,0
4.982018922143613,524.0,0
4.982128152990405,524.0,0
4.982237383837196,524.0,0
4.982346614683987,524.0,0
4.982455845530779,524.0,0
4.98256507637757,524.0,0
4.982674307224361,524.0,0
4.982783538071152,525.0,0
4.982892768917943,526.0,0
4.983001999764734,525.0,0
4.9831112306115255,526.0,0
4.983220461458316,526.0,0
4.983329692305108,526.0,0
4.9834389231518985,526.0,0
4.98354815399869,527.0,0
4.983657384845481,527.0,0
4.9837666156922715,527.0,0
4.983875846539063,528.0,0
4.983985077385854,529.0,0
4.984094308232645,529.0,0
4.984203539079436,529.0,0
4.984312769926228,530.0,0
4.9844220007730184,531.0,0
4.98453123161981,531.0,0
4.984640462466601,531.0,0
4.984749693313392,531.0,0
4.984858924160184,531.0,0
4.984968155006975,531.0,0
4.985077385853766,532.0,0
4.985186616700557,532.0,0
4.985295847547348,532.0,0
4.985405078394139,532.0,0
4.98551430924093,533.0,0
4.985623540087722,532.0,0
4.985732770934512,532.0,0
4.985842001781304,532.0,0
4.985951232628095,533.0,0
4.986060463474886,532.0,0
4.986169694321677,532.0,0
4.986278925168468,533.0,0
4.986388156015259,532.0,0
4.98649738686205,532.0,0
4.9866066177088415,532.0,0
4.986715848555632,532.0,0
4.986825079402424,532.0,0
4.9869343102492145,532.0,0
4.987043541096005,532.0,0
4.987152771942797,531.0,0
4.987262002789588,531.0,0
4.987371233636379,531.0,0
4.987480464483171,531.0,0
4.987589695329962,531.0,0
4.987698926176753,531.0,0
4.987808157023544,531.0,0
4.987917387870335,531.0,0
4.988026618717126,531.0,0
4.988135849563918,531.0,0
4.988245080410708,531.0,0
4.9883543112575,530.0,0
4.988463542104291,530.0,0
4.988572772951082,531.0,0
4.988682003797873,531.0,0
4.988791234644664,531.0,0
4.988900465491455,531.0,0
4.989009696338246,531.0,0
4.989118927185038,531.0,0
4.989228158031828,531.0,0
4.98933738887862,532.0,0
4.989446619725411,532.0,0
4.989555850572202,531.0,0
4.989665081418993,532.0,0
4.9897743122657845,532.0,0
4.989883543112576,532.0,0
4.989992773959367,532.0,0
4.990102004806158,533.0,0
4.990211235652949,532.0,0
4.99032046649974,532.0,0
4.990429697346531,532.0,0
4.990538928193322,533.0,0
4.990648159040114,532.0,0
4.990757389886904,532.0,0
4.990866620733696,532.0,0
4.990975851580487,532.0,0
4.991085082427278,532.0,0
4.991194313274069,532.0,0
4.99130354412086,532.0,0
4.991412774967651,532.0,0
4.991522005814442,532.0,0
4.991631236661234,532.0,0
4.991740467508024,532.0,0
4.991849698354816,532.0,0
4.991958929201607,532.0,0
4.992068160048397,532.0,0
4.992177390895189,532.0,0
4.992286621741981,532.0,0
4.992395852588771,532.0,0
4.992505083435563,532.0,0
4.9926143142823545,532.0,0
4.992723545129145,532.0,0
4.992832775975936,533.0,0
4.9929420068227275,533.0,0
4.993051237669518,533.0,0
4.99316046851631,534.0,0
4.9932696993631005,534.0,0
4.993378930209892,534.0,0
4.993488161056683,534.0,0
4.993597391903474,535.0,0
4.993706622750265,535.0,0
4.993815853597056,536.0,0
4.993925084443847,536.0,0
4.994034315290638,536.0,0
4.99414354613743,536.0,0
4.99425277698422,537.0,0
4.994362007831012,537.0,0
4.994471238677803,537.0,0
4.994580469524594,537.0,0
4.994689700371385,537.0,0
4.994798931218177,537.0,0
4.994908162064968,537.0,0
4.995017392911759,538.0,0
4.9951266237585505,538.0,0
4.995235854605341,537.0,0
4.995345085452132,538.0,0
4.995454316298924,538.0,0
4.995563547145714,538.0,0
4.995672777992506,537.0,0
4.995782008839297,538.0,0
4.995891239686088,537.0,0
4.996000470532879,537.0,0
4.9961097013796705,537.0,0
4.996218932226461,538.0,0
4.996328163073252,537.0,0
4.9964373939200435,537.0,0
4.996546624766834,538.0,0
4.996655855613626,537.0,0
4.9967650864604165,537.0,0
4.996874317307208,538.0,0
4.996983548153999,538.0,0
4.9970927790007895,538.0,0
4.997202009847581,537.0,0
4.997311240694373,539.0,0
4.997420471541163,538.0,0
4.997529702387955,537.0,0
4.997638933234747,538.0,0
4.997748164081537,539.0,0
4.997857394928329,538.0,0
4.99796662577512,538.0,0
4.99807585662191,539.0,0
4.998185087468702,539.0,0
4.998294318315493,539.0,0
4.998403549162284,539.0,0
4.998512780009075,539.0,0
4.9986220108558665,539.0,0
4.998731241702657,539.0,0
4.998840472549448,540.0,0
4.99894970339624,540.0,0
4.99905893424303,540.0,0
4.999168165089822,540.0,0
4.999277395936613,540.0,0
4.999386626783404,540.0,0
4.999495857630195,540.0,0
4.9996050884769865,540.0,0
4.999714319323777,540.0,0
4.999823550170569,540.0,0
4.99993278101736,540.0,0
5.000042011864151,540.0,0
5.000151242710943,540.0,0
5.000260473557733,540.0,0
5.000369704404525,540.0,0
5.000478935251316,540.0,0
5.000588166098106,540.0,0
5.000697396944898,540.0,0
5.000806627791689,540.0,0
5.00091585863848,540.0,0
5.001025089485271,540.0,0
5.001134320332063,540.0,0
5.001243551178853,540.0,0
5.001352782025644,540.0,0
5.001462012872436,540.0,0
5.001571243719226,540.0,0
5.001680474566018,540.0,0
5.001789705412809,540.0,0
5.0018989362596,540.0,0
5.002008167106391,540.0,0
5.002117397953182,540.0,0
5.002226628799973,540.0,0
5.002335859646765,540.0,0
5.002445090493556,540.0,0
5.002554321340347,540.0,0
5.002663552187139,540.0,0
5.0027727830339295,540.0,0
5.002882013880721,540.0,0
5.002991244727512,540.0,0
5.0031004755743025,540.0,0
5.003209706421094,540.0,0
5.003318937267885,540.0,0
5.003428168114676,541.0,0
5.003537398961467,541.0,0
5.003646629808259,541.0,0
5.003755860655049,541.0,0
5.00386509150184,541.0,0
5.003974322348632,541.0,0
5.004083553195422,542.0,0
5.004192784042214,541.0,0
5.004302014889005,542.0,0
5.004411245735796,542.0,0
5.004520476582587,542.0,0
5.004629707429379,542.0,0
5.004738938276169,542.0,0
5.004848169122961,542.0,0
5.0049573999697525,542.0,0
5.005066630816543,542.0,0
5.005175861663335,543.0,0
5.0052850925101255,543.0,0
5.005394323356917,543.0,0
5.005503554203708,543.0,0
5.005612785050499,543.0,0
5.00572201589729,543.0,0
5.005831246744081,543.0,0
5.0059404775908725,544.0,0
5.006049708437663,544.0,0
5.006158939284455,544.0,0
5.0062681701312455,545.0,0
5.006377400978036,545.0,0
5.006486631824828,545.0,0
5.0065958626716185,545.0,0
5.00670509351841,546.0,0
5.006814324365201,546.0,0
5.006923555211992,546.0,0
5.007032786058783,547.0,0
5.007142016905574,547.0,0
5.007251247752365,547.0,0
5.007360478599157,547.0,0
5.007469709445948,547.0,0
5.007578940292739,547.0,0
5.007688171139531,547.0,0
5.007797401986322,547.0,0
5.007906632833113,547.0,0
5.008015863679904,547.0,0
5.008125094526695,547.0,0
5.008234325373486,547.0,0
5.008343556220277,547.0,0
5.0084527870670685,547.0,0
5.008562017913859,547.0,0
5.008671248760651,547.0,0
5.0087804796074415,546.0,0
5.008889710454232,547.0,0
5.008998941301024,547.0,0
5.009108172147815,546.0,0
5.009217402994606,545.0,0
5.009326633841397,546.0,0
5.0094358646881885,545.0,0
5.009545095534979,545.0,0
5.009654326381771,545.0,0
5.0097635572285615,545.0,0
5.009872788075353,545.0,0
5.009982018922145,544.0,0
5.010091249768935,545.0,0
5.010200480615727,545.0,0
5.010309711462518,544.0,0
5.010418942309309,544.0,0
5.0105281731561,545.0,0
5.010637404002891,545.0,0
5.010746634849682,544.0,0
5.010855865696473,545.0,0
5.010965096543265,545.0,0
5.011074327390055,545.0,0
5.011183558236847,545.0,0
5.011292789083638,546.0,0
5.011402019930428,545.0,0
5.01151125077722,545.0,0
5.011620481624011,546.0,0
5.011729712470802,547.0,0
5.011838943317593,546.0,0
5.0119481741643845,546.0,0
5.012057405011175,547.0,0
5.012166635857966,547.0,0
5.0122758667047576,546.0,0
5.012385097551549,547.0,0
5.01249432839834,547.0,0
5.0126035592451315,547.0,0
5.012712790091923,547.0,0
5.012822020938714,548.0,0
5.012931251785505,547.0,0
5.013040482632296,547.0,0
5.013149713479087,548.0,0
5.013258944325878,548.0,0
5.013368175172669,548.0,0
5.013477406019461,548.0,0
5.013586636866251,550.0,0
5.013695867713043,549.0,0
5.013805098559834,549.0,0
5.013914329406624,550.0,0
5.014023560253416,550.0,0
5.014132791100207,550.0,0
5.014242021946998,550.0,0
5.014351252793789,551.0,0
5.014460483640581,551.0,0
5.014569714487371,551.0,0
5.014678945334163,551.0,0
5.014788176180954,551.0,0
5.014897407027745,551.0,0
5.015006637874537,551.0,0
5.0151158687213275,551.0,0
5.015225099568119,551.0,0
5.01533433041491,551.0,0
5.015443561261701,552.0,0
5.015552792108492,552.0,0
5.015662022955283,552.0,0
5.0157712538020744,552.0,0
5.015880484648865,553.0,0
5.015989715495657,553.0,0
5.0160989463424475,552.0,0
5.016208177189239,553.0,0
5.01631740803603,553.0,0
5.0164266388828205,553.0,0
5.016535869729612,553.0,0
5.016645100576403,554.0,0
5.016754331423194,553.0,0
5.016863562269985,553.0,0
5.016972793116777,554.0,0
5.017082023963567,554.0,0
5.017191254810359,553.0,0
5.01730048565715,553.0,0
5.017409716503941,555.0,0
5.017518947350732,554.0,0
5.017628178197524,554.0,0
5.017737409044315,555.0,0
5.017846639891106,555.0,0
5.0179558707378975,555.0,0
5.018065101584688,555.0,0
5.018174332431479,556.0,0
5.0182835632782705,555.0,0
5.018392794125061,555.0,0
5.018502024971853,556.0,0
5.0186112558186435,556.0,0
5.018720486665435,556.0,0
5.018829717512226,556.0,0
5.0189389483590165,556.0,0
5.019048179205808,556.0,0
5.019157410052599,556.0,0
5.0192666408993905,556.0,0
5.019375871746181,556.0,0
5.019485102592973,556.0,0
5.0195943334397635,556.0,0
5.019703564286555,556.0,0
5.019812795133346,556.0,0
5.019922025980137,556.0,0
5.020031256826929,556.0,0
5.02014048767372,556.0,0
5.020249718520511,556.0,0
5.020358949367302,556.0,0
5.020468180214094,556.0,0
5.020577411060884,556.0,0
5.020686641907675,556.0,0
5.020795872754467,556.0,0
5.020905103601257,556.0,0
5.021014334448049,556.0,0
5.02112356529484,556.0,0
5.021232796141631,556.0,0
5.021342026988422,556.0,0
5.021451257835213,556.0,0
5.021560488682004,557.0,0
5.021669719528795,556.0,0
5.0217789503755865,556.0,0
5.021888181222377,557.0,0
5.021997412069169,557.0,0
5.0221066429159595,556.0,0
5.022215873762751,557.0,0
5.022325104609542,558.0,0
5.022434335456333,558.0,0
5.022543566303124,557.0,0
5.022652797149916,558.0,0
5.022762027996707,558.0,0
5.022871258843498,558.0,0
5.02298048969029,558.0,0
5.02308972053708,559.0,0
5.023198951383871,559.0,0
5.023308182230663,559.0,0
5.023417413077453,559.0,0
5.023526643924245,559.0,0
5.023635874771036,559.0,0
5.023745105617827,559.0,0
5.023854336464618,560.0,0
5.023963567311409,560.0,0
5.0240727981582,560.0,0
5.024182029004991,560.0,0
5.024291259851783,560.0,0
5.024400490698573,560.0,0
5.024509721545365,560.0,0
5.024618952392156,561.0,0
5.024728183238947,561.0,0
5.024837414085738,561.0,0
5.0249466449325295,561.0,0
5.025055875779321,562.0,0
5.025165106626112,561.0,0
5.025274337472903,562.0,0
5.025383568319694,562.0,0
5.025492799166486,562.0,0
5.025602030013276,562.0,0
5.025711260860067,563.0,0
5.025820491706859,563.0,0
5.0259297225536494,562.0,0
5.026038953400441,562.0,0
5.026148184247232,563.0,0
5.026257415094023,562.0,0
5.026366645940814,562.0,0
5.026475876787605,563.0,0
5.026585107634396,563.0,0
5.026694338481187,563.0,0
5.026803569327979,563.0,0
5.026912800174769,563.0,0
5.027022031021561,563.0,0
5.027131261868352,563.0,0
5.027240492715143,563.0,0
5.027349723561934,563.0,0
5.027458954408726,563.0,0
5.027568185255516,563.0,0
5.027677416102308,563.0,0
5.0277866469490995,563.0,0
5.02789587779589,563.0,0
5.028005108642682,563.0,0
5.0281143394894725,563.0,0
5.028223570336263,563.0,0
5.028332801183055,563.0,0
5.0284420320298455,563.0,0
5.028551262876637,563.0,0
5.028660493723428,563.0,0
5.028769724570219,563.0,0
5.02887895541701,563.0,0
5.028988186263802,563.0,0
5.029097417110592,563.0,0
5.029206647957383,563.0,0
5.029315878804175,562.0,0
5.0294251096509655,563.0,0
5.029534340497757,563.0,0
5.029643571344548,563.0,0
5.029752802191339,562.0,0
5.02986203303813,563.0,0
5.029971263884922,563.0,0
5.030080494731713,562.0,0
5.030189725578504,563.0,0
5.030298956425296,563.0,0
5.030408187272086,563.0,0
5.030517418118878,563.0,0
5.030626648965669,563.0,0
5.030735879812459,563.0,0
5.030845110659251,562.0,0
5.030954341506042,563.0,0
5.031063572352833,563.0,0
5.031172803199624,562.0,0
5.0312820340464155,562.0,0
5.031391264893206,562.0,0
5.031500495739998,562.0,0
5.0316097265867885,561.0,0
5.031718957433579,562.0,0
5.031828188280371,561.0,0
5.0319374191271615,561.0,0
5.032046649973953,561.0,0
5.032155880820744,561.0,0
5.032265111667535,561.0,0
5.032374342514326,561.0,0
5.032483573361118,561.0,0
5.032592804207908,561.0,0
5.0327020350547,561.0,0
5.032811265901492,561.0,0
5.032920496748282,562.0,0
5.033029727595074,561.0,0
5.033138958441865,562.0,0
5.033248189288655,562.0,0
5.033357420135447,562.0,0
5.033466650982238,562.0,0
5.033575881829029,563.0,0
5.03368511267582,562.0,0
5.033794343522612,562.0,0
5.033903574369402,562.0,0
5.034012805216194,563.0,0
5.034122036062985,562.0,0
5.034231266909775,562.0,0
5.034340497756567,563.0,0
5.034449728603358,563.0,0
5.034558959450149,562.0,0
5.03466819029694,563.0,0
5.0347774211437315,563.0,0
5.034886651990522,562.0,0
5.034995882837314,562.0,0
5.035105113684105,563.0,0
5.035214344530896,562.0,0
5.035323575377688,562.0,0
5.035432806224478,563.0,0
5.03554203707127,563.0,0
5.035651267918061,562.0,0
5.035760498764851,562.0,0
5.035869729611643,563.0,0
5.035978960458434,562.0,0
5.036088191305225,562.0,0
5.036197422152016,562.0,0
5.036306652998808,562.0,0
5.036415883845598,561.0,0
5.03652511469239,562.0,0
5.036634345539181,562.0,0
5.036743576385971,561.0,0
5.036852807232763,561.0,0
5.036962038079554,562.0,0
5.037071268926345,562.0,0
5.037180499773136,561.0,0
5.037289730619928,562.0,0
5.037398961466718,562.0,0
5.03750819231351,562.0,0
5.037617423160301,561.0,0
5.037726654007092,562.0,0
5.037835884853884,562.0,0
5.0379451157006745,562.0,0
5.038054346547466,562.0,0
5.038163577394257,562.0,0
5.0382728082410475,562.0,0
5.038382039087839,562.0,0
5.03849126993463,563.0,0
5.038600500781421,563.0,0
5.038709731628212,562.0,0
5.038818962475004,562.0,0
5.038928193321794,562.0,0
5.039037424168586,562.0,0
5.039146655015377,562.0,0
5.039255885862167,562.0,0
5.039365116708959,562.0,0
5.03947434755575,561.0,0
5.039583578402541,561.0,0
5.039692809249332,562.0,0
5.039802040096124,561.0,0
5.039911270942914,561.0,0
5.040020501789706,561.0,0
5.0401297326364976,561.0,0
5.040238963483288,561.0,0
5.04034819433008,561.0,0
5.040457425176871,561.0,0
5.040566656023662,561.0,0
5.040675886870453,560.0,0
5.040785117717244,561.0,0
5.040894348564035,561.0,0
5.041003579410826,561.0,0
5.0411128102576175,561.0,0
5.041222041104408,562.0,0
5.0413312719512,561.0,0
5.0414405027979905,561.0,0
5.041549733644782,561.0,0
5.041658964491573,561.0,0
5.0417681953383635,561.0,0
5.041877426185155,562.0,0
5.041986657031946,562.0,0
5.042095887878737,561.0,0
5.042205118725528,562.0,0
5.04231434957232,563.0,0
5.04242358041911,562.0,0
5.042532811265902,562.0,0
5.042642042112693,563.0,0
5.042751272959484,563.0,0
5.042860503806276,562.0,0
5.042969734653067,562.0,0
5.043078965499858,563.0,0
5.043188196346649,563.0,0
5.04329742719344,562.0,0
5.043406658040231,563.0,0
5.043515888887022,563.0,0
5.0436251197338136,562.0,0
5.043734350580604,563.0,0
5.043843581427396,563.0,0
5.043952812274187,563.0,0
5.044062043120978,563.0,0
5.044171273967769,563.0,0
5.04428050481456,563.0,0
5.044389735661351,563.0,0
5.044498966508142,563.0,0
5.0446081973549335,563.0,0
5.044717428201724,563.0,0
5.044826659048516,563.0,0
5.0449358898953065,564.0,0
5.045045120742098,563.0,0
5.04515435158889,563.0,4
5.04526358243568,564.0,0
5.045372813282472,564.0,0
5.045482044129263,564.0,0
5.045591274976054,564.0,0
5.045700505822845,565.0,0
5.045809736669637,564.0,0
5.045918967516427,564.0,0
5.046028198363218,566.0,0
5.04613742921001,566.0,0
5.0462466600568,565.0,0
5.046355890903592,566.0,0
5.046465121750383,566.0,0
5.046574352597174,566.0,0
5.046683583443965,566.0,0
5.046792814290756,567.0,0
5.046902045137547,568.0,0
5.047011275984338,568.0,0
5.04712050683113,568.0,0
5.04722973767792,568.0,0
5.047338968524712,568.0,0
5.047448199371503,568.0,0
5.047557430218294,568.0,0
5.047666661065085,568.0,0
5.0477758919118765,568.0,0
5.047885122758668,568.0,0
5.047994353605459,569.0,0
5.04810358445225,569.0,0
5.048212815299041,569.0,0
5.048322046145833,569.0,0
5.048431276992623,569.0,0
5.048540507839414,569.0,0
5.048649738686206,569.0,0
5.048758969532996,569.0,0
5.048868200379788,569.0,0
5.048977431226579,569.0,0
5.04908666207337,569.0,0
5.049195892920161,569.0,0
5.049305123766952,569.0,0
5.049414354613743,569.0,0
5.049523585460534,569.0,0
5.049632816307326,569.0,0
5.049742047154116,569.0,0
5.049851278000908,569.0,0
5.049960508847699,569.0,0
5.05006973969449,568.0,0
5.050178970541282,569.0,0
5.0502882013880726,569.0,0
5.050397432234864,569.0,0
5.050506663081655,569.0,0
5.0506158939284465,569.0,0
5.050725124775237,569.0,0
5.050834355622029,569.0,0
5.0509435864688195,570.0,0
5.05105281731561,570.0,0
5.051162048162402,570.0,0
5.0512712790091925,571.0,0
5.051380509855984,571.0,0
5.051489740702775,571.0,0
5.051598971549566,571.0,0
5.051708202396357,572.0,0
5.051817433243148,571.0,0
5.051926664089939,571.0,0
5.05203589493673,571.0,0
5.052145125783522,572.0,0
5.052254356630312,571.0,0
5.052363587477104,571.0,0
5.052472818323895,572.0,0
5.052582049170686,571.0,0
5.052691280017477,571.0,0
5.052800510864269,572.0,0
5.05290974171106,571.0,0
5.053018972557851,570.0,0
5.0531282034046425,571.0,0
5.053237434251433,571.0,0
5.053346665098225,570.0,0
5.0534558959450155,570.0,0
5.053565126791806,571.0,0
5.053674357638598,570.0,0
5.053783588485389,570.0,0
5.05389281933218,570.0,0
5.054002050178971,570.0,0
5.0541112810257625,569.0,0
5.054220511872553,569.0,0
5.054329742719344,570.0,0
5.0544389735661355,569.0,0
5.054548204412926,569.0,0
5.054657435259718,569.0,0
5.0547666661065085,569.0,0
5.0548758969533,569.0,0
5.054985127800091,569.0,0
5.055094358646882,569.0,0
5.055203589493674,569.0,0
5.055312820340465,569.0,0
5.055422051187256,569.0,0
5.055531282034047,569.0,0
5.055640512880839,569.0,0
5.055749743727629,569.0,0
5.055858974574421,570.0,0
5.055968205421212,569.0,0
5.056077436268002,569.0,0
5.056186667114794,570.0,0
5.056295897961585,571.0,0
5.056405128808376,570.0,0
5.056514359655167,571.0,0
5.0566235905019585,572.0,0
5.056732821348749,572.0,0
5.05684205219554,572.0,0
5.0569512830423315,572.0,0
5.057060513889122,572.0,0
5.057169744735914,572.0,0
5.057278975582705,572.0,0
5.057388206429496,572.0,0
5.057497437276287,572.0,0
5.0576066681230785,573.0,0
5.057715898969869,573.0,0
5.057825129816661,574.0,0
5.057934360663452,574.0,0
5.058043591510243,574.0,0
5.058152822357035,574.0,0
5.058262053203825,574.0,0
5.058371284050617,574.0,0
5.058480514897408,575.0,0
5.058589745744198,574.0,0
5.05869897659099,574.0,0
5.058808207437781,574.0,0
5.058917438284572,575.0,0
5.059026669131363,574.0,0
5.059135899978155,574.0,0
5.059245130824945,574.0,0
5.059354361671736,574.0,0
5.059463592518528,574.0,0
5.059572823365318,574.0,0
5.05968205421211,574.0,0
5.059791285058901,574.0,0
5.059900515905692,574.0,0
5.060009746752483,574.0,0
5.0601189775992745,574.0,0
5.060228208446066,574.0,0
5.060337439292857,574.0,0
5.060446670139648,574.0,0
5.060555900986439,574.0,0
5.060665131833231,574.0,0
5.0607743626800215,574.0,0
5.060883593526813,574.0,0
5.060992824373604,574.0,0
5.0611020552203945,574.0,0
5.061211286067186,575.0,0
5.061320516913977,575.0,0
5.061429747760768,575.0,0
5.061538978607559,575.0,0
5.061648209454351,575.0,0
5.061757440301141,575.0,0
5.061866671147932,575.0,0
5.061975901994724,575.0,0
5.062085132841514,575.0,0
5.062194363688306,575.0,0
5.062303594535097,576.0,0
5.062412825381888,576.0,0
5.062522056228679,576.0,0
5.062631287075471,576.0,0
5.062740517922261,576.0,0
5.062849748769053,577.0,0
5.0629589796158445,576.0,0
5.063068210462635,577.0,0
5.063177441309427,577.0,0
5.0632866721562175,577.0,0
5.063395903003009,577.0,0
5.0635051338498,577.0,0
5.0636143646965905,577.0,0
5.063723595543382,577.0,0
5.063832826390173,577.0,0
5.0639420572369644,578.0,0
5.064051288083755,577.0,0
5.064160518930547,578.0,0
5.0642697497773375,578.0,0
5.064378980624128,578.0,0
5.06448821147092,578.0,0
5.0645974423177105,579.0,0
5.064706673164502,579.0,0
5.064815904011293,579.0,0
5.064925134858084,579.0,0
5.065034365704875,579.0,0
5.065143596551667,579.0,0
5.065252827398458,579.0,0
5.065362058245249,579.0,0
5.065471289092041,579.0,0
5.065580519938831,579.0,0
5.065689750785623,579.0,0
5.065798981632414,579.0,0
5.065908212479205,579.0,0
5.066017443325996,579.0,0
5.066126674172787,579.0,0
5.066235905019578,579.0,0
5.066345135866369,579.0,0
5.0664543667131605,580.0,0
5.066563597559951,580.0,0
5.066672828406743,580.0,0
5.0667820592535335,580.0,0
5.066891290100324,581.0,0
5.067000520947116,582.0,0
5.0671097517939065,581.0,0
5.067218982640698,582.0,0
5.067328213487489,582.0,0
5.0674374443342804,582.0,0
5.067546675181071,582.0,0
5.067655906027863,583.0,0
5.0677651368746535,583.0,0
5.067874367721445,583.0,0
5.067983598568237,583.0,0
5.068092829415027,583.0,0
5.068202060261819,583.0,0
5.06831129110861,583.0,0
5.068420521955401,583.0,0
5.068529752802192,583.0,0
5.068638983648983,583.0,0
5.068748214495774,583.0,0
5.068857445342565,583.0,0
5.068966676189357,583.0,0
5.069075907036147,583.0,0
5.069185137882939,584.0,0
5.06929436872973,584.0,0
5.06940359957652,584.0,0
5.069512830423312,585.0,0
5.069622061270103,585.0,0
5.069731292116894,584.0,0
5.069840522963685,585.0,0
5.0699497538104765,585.0,0
5.070058984657267,585.0,0
5.070168215504059,585.0,0
5.07027744635085,586.0,0
5.070386677197641,585.0,0
5.070495908044433,585.0,0
5.070605138891223,586.0,0
5.070714369738015,587.0,0
5.070823600584806,585.0,0
5.070932831431597,586.0,0
5.071042062278388,587.0,0
5.071151293125179,586.0,0
5.07126052397197,585.0,0
5.071369754818761,587.0,0
5.071478985665553,587.0,0
5.071588216512343,586.0,0
5.071697447359135,586.0,0
5.071806678205926,587.0,0
5.071915909052716,586.0,0
5.072025139899508,585.0,0
5.072134370746299,586.0,0
5.07224360159309,586.0,0
5.072352832439881,585.0,0
5.072462063286673,585.0,0
5.072571294133463,585.0,0
5.072680524980255,585.0,0
5.072789755827046,584.0,0
5.072898986673837,585.0,0
5.073008217520629,584.0,0
5.0731174483674195,584.0,0
5.073226679214211,584.0,0
5.073335910061002,584.0,0
5.073445140907793,583.0,0
5.073554371754584,583.0,0
5.073663602601375,583.0,0
5.073772833448166,583.0,0
5.073882064294957,583.0,0
5.073991295141749,583.0,0
5.0741005259885394,583.0,0
5.074209756835331,582.0,0
5.074318987682122,582.0,0
5.0744282185289125,583.0,0
5.074537449375704,582.0,0
5.074646680222495,582.0,0
5.074755911069286,582.0,0
5.074865141916077,582.0,0
5.074974372762869,580.0,0
5.075083603609659,582.0,0
5.075192834456451,581.0,0
5.075302065303243,580.0,0
5.075411296150033,580.0,0
5.075520526996825,581.0,0
5.075629757843616,580.0,0
5.075738988690407,579.0,0
5.075848219537198,580.0,0
5.0759574503839895,580.0,0
5.07606668123078,579.0,0
5.076175912077571,579.0,0
5.0762851429243625,579.0,0
5.076394373771153,579.0,0
5.076503604617945,579.0,0
5.0766128354647355,579.0,0
5.076722066311527,579.0,0
5.076831297158318,579.0,0
5.076940528005109,579.0,0
5.0770497588519,579.0,0
5.077158989698691,579.0,0
5.077268220545482,579.0,0
5.077377451392273,579.0,0
5.077486682239065,579.0,0
5.0775959130858555,579.0,0
5.077705143932647,579.0,0
5.077814374779438,579.0,0
5.077923605626229,579.0,0
5.078032836473021,579.0,0
5.078142067319812,579.0,0
5.078251298166603,579.0,0
5.078360529013394,579.0,0
5.078469759860186,579.0,0
5.078578990706976,579.0,0
5.078688221553767,579.0,0
5.078797452400559,579.0,0
5.078906683247349,579.0,0
5.079015914094141,579.0,0
5.079125144940932,579.0,0
5.079234375787723,579.0,0
5.079343606634514,579.0,0
5.0794528374813055,579.0,0
5.079562068328096,579.0,0
5.079671299174887,579.0,0
5.0797805300216785,579.0,0
5.079889760868469,579.0,0
5.079998991715261,579.0,0
5.0801082225620515,579.0,0
5.080217453408843,579.0,0
5.080326684255635,580.0,0
5.080435915102425,580.0,0
5.080545145949217,580.0,0
5.080654376796008,580.0,0
5.080763607642799,581.0,0
5.08087283848959,580.0,0
5.080982069336382,580.0,0
5.081091300183172,580.0,0
5.081200531029963,582.0,0
5.081309761876755,580.0,0
5.081418992723545,581.0,0
5.081528223570337,582.0,0
5.081637454417128,581.0,0
5.081746685263919,580.0,0
5.08185591611071,582.0,0
5.081965146957502,582.0,0
5.082074377804292,580.0,0
5.082183608651083,580.0,0
5.082292839497875,582.0,0
5.082402070344665,580.0,0
5.082511301191457,580.0,0
5.082620532038248,580.0,0
5.082729762885039,580.0,0
5.08283899373183,580.0,0
5.0829482245786215,580.0,0
5.083057455425413,580.0,0
5.083166686272204,579.0,0
5.083275917118995,579.0,0
5.083385147965786,580.0,0
5.083494378812578,579.0,0
5.083603609659368,579.0,0
5.083712840506159,579.0,0
5.083822071352951,579.0,0
5.083931302199741,579.0,0
5.084040533046533,579.0,0
5.084149763893324,579.0,0
5.084258994740115,578.0,0
5.084368225586906,578.0,0
5.084477456433698,578.0,0
5.084586687280488,578.0,0
5.084695918127279,578.0,0
5.084805148974071,578.0,0
5.084914379820861,579.0,0
5.085023610667653,578.0,0
5.085132841514444,578.0,0
5.085242072361235,579.0,0
5.085351303208027,579.0,0
5.085460534054818,578.0,0
5.085569764901609,579.0,0
5.0856789957484,579.0,0
5.0857882265951915,579.0,0
5.085897457441982,579.0,0
5.086006688288774,579.0,0
5.0861159191355645,579.0,0
5.086225149982355,579.0,0
5.086334380829147,579.0,0
5.0864436116759375,580.0,0
5.086552842522729,579.0,0
5.08666207336952,580.0,0
5.086771304216311,581.0,0
5.086880535063102,581.0,0
5.086989765909894,580.0,0
5.087098996756684,582.0,0
5.087208227603475,582.0,0
5.087317458450267,582.0,0
5.087426689297057,582.0,0
5.087535920143849,583.0,0
5.08764515099064,582.0,0
5.087754381837431,583.0,0
5.087863612684222,583.0,0
5.087972843531014,583.0,0
5.088082074377805,583.0,0
5.088191305224596,583.0,0
5.0883005360713875,583.0,0
5.088409766918178,583.0,0
5.08851899776497,583.0,0
5.088628228611761,583.0,0
5.088737459458551,583.0,0
5.088846690305343,583.0,0
5.088955921152134,583.0,0
5.089065151998925,583.0,0
5.089174382845716,583.0,0
5.0892836136925075,583.0,0
5.089392844539298,583.0,0
5.08950207538609,583.0,0
5.0896113062328805,582.0,0
5.089720537079671,583.0,0
5.089829767926463,583.0,0
5.0899389987732535,582.0,0
5.090048229620045,582.0,0
5.090157460466836,583.0,0
5.090266691313627,582.0,0
5.090375922160419,582.0,0
5.09048515300721,582.0,0
5.090594383854001,583.0,0
5.090703614700792,582.0,0
5.090812845547584,582.0,0
5.090922076394374,583.0,0
5.091031307241166,582.0,0
5.091140538087957,582.0,0
5.091249768934748,583.0,0
5.091358999781539,583.0,0
5.09146823062833,583.0,0
5.091577461475121,583.0,0
5.091686692321912,583.0,0
5.0917959231687036,583.0,0
5.091905154015494,583.0,0
5.092014384862286,583.0,0
5.092123615709077,583.0,0
5.092232846555867,583.0,0
5.092342077402659,584.0,0
5.09245130824945,585.0,0
5.092560539096241,585.0,0
5.092669769943032,584.0,0
5.0927790007898235,585.0,0
5.092888231636614,585.0,0
5.092997462483406,585.0,0
5.093106693330197,585.0,0
5.093215924176988,587.0,0
5.09332515502378,586.0,0
5.09343438587057,586.0,0
5.093543616717362,587.0,0
5.093652847564153,588.0,0
5.093762078410944,587.0,0
5.093871309257735,588.0,0
5.093980540104526,588.0,0
5.094089770951317,588.0,0
5.094199001798108,588.0,0
5.0943082326449,588.0,0
5.09441746349169,588.0,0
5.094526694338482,588.0,0
5.094635925185273,588.0,0
5.094745156032063,588.0,0
5.094854386878855,588.0,0
5.094963617725646,588.0,0
5.095072848572437,588.0,0
5.095182079419228,588.0,0
5.09529131026602,588.0,0
5.095400541112811,588.0,0
5.095509771959602,588.0,0
5.0956190028063935,588.0,0
5.095728233653184,588.0,0
5.095837464499976,588.0,0
5.0959466953467665,588.0,0
5.096055926193558,588.0,0
5.096165157040349,588.0,0
5.09627438788714,588.0,0
5.096383618733931,588.0,0
5.096492849580722,588.0,0
5.096602080427513,588.0,0
5.096711311274304,588.0,0
5.096820542121096,587.0,0
5.096929772967886,587.0,0
5.097039003814678,587.0,0
5.097148234661469,587.0,0
5.097257465508259,587.0,0
5.097366696355051,587.0,0
5.097475927201842,585.0,0
5.097585158048633,586.0,0
5.097694388895424,586.0,0
5.097803619742216,586.0,0
5.097912850589006,585.0,0
5.098022081435798,586.0,0
5.0981313122825895,586.0,0
5.09824054312938,586.0,0
5.098349773976172,586.0,0
5.0984590048229625,587.0,0
5.098568235669754,586.0,0
5.098677466516545,587.0,0
5.0987866973633365,587.0,0
5.098895928210127,587.0,0
5.099005159056918,587.0,0
5.0991143899037095,588.0,0
5.0992236207505,588.0,0
5.099332851597292,588.0,0
5.0994420824440825,588.0,0
5.099551313290874,588.0,0
5.099660544137665,588.0,0
5.0997697749844555,588.0,0
5.099879005831247,588.0,0
5.099988236678038,588.0,0
5.100097467524829,588.0,0
5.10020669837162,588.0,0
5.100315929218412,588.0,0
5.100425160065203,588.0,0
5.100534390911994,588.0,0
5.100643621758786,588.0,0
5.100752852605576,588.0,0
5.100862083452368,587.0,0
5.100971314299159,588.0,0
5.10108054514595,588.0,0
5.101189775992741,587.0,0
5.1012990068395325,587.0,0
5.101408237686323,587.0,0
5.101517468533114,587.0,0
5.1016266993799055,586.0,0
5.101735930226696,587.0,0
5.101845161073488,586.0,0
5.1019543919202786,586.0,0
5.10206362276707,586.0,0
5.102172853613861,587.0,0
5.102282084460652,585.0,0
5.102391315307443,586.0,0
5.102500546154234,586.0,0
5.1026097770010255,585.0,0
5.102719007847816,585.0,0
5.102828238694608,586.0,0
5.1029374695413985,585.0,0
5.10304670038819,585.0,0
5.103155931234982,585.0,0
5.103265162081772,586.0,0
5.103374392928564,585.0,0
5.103483623775355,586.0,0
5.103592854622146,586.0,0
5.103702085468937,586.0,0
5.103811316315729,586.0,0
5.103920547162519,587.0,0
5.10402977800931,587.0,0
5.104139008856102,587.0,0
5.104248239702892,587.0,0
5.104357470549684,588.0,0
5.104466701396475,587.0,0
5.104575932243266,587.0,0
5.104685163090057,588.0,0
5.104794393936848,588.0,0
5.104903624783639,587.0,0
5.10501285563043,588.0,0
5.1051220864772215,588.0,0
5.105231317324012,588.0,0
5.105340548170804,588.0,0
5.1054497790175954,588.0,0
5.105559009864386,588.0,0
5.105668240711178,588.0,0
5.1057774715579685,588.0,0
5.10588670240476,588.0,0
5.105995933251551,588.0,0
5.106105164098342,588.0,0
5.106214394945133,588.0,0
5.106323625791925,588.0,0
5.106432856638715,588.0,0
5.106542087485506,588.0,0
5.106651318332298,589.0,0
5.106760549179088,588.0,0
5.10686978002588,588.0,0
5.106979010872671,590.0,0
5.107088241719462,588.0,0
5.107197472566253,588.0,0
5.107306703413044,589.0,0
5.107415934259835,590.0,0
5.107525165106626,589.0,0
5.107634395953418,590.0,0
5.107743626800208,590.0,0
5.107852857647,589.0,0
5.107962088493791,590.0,0
5.108071319340582,590.0,0
5.108180550187374,590.0,0
5.1082897810341645,590.0,0
5.108399011880956,590.0,0
5.108508242727747,591.0,0
5.108617473574538,590.0,0
5.108726704421329,591.0,0
5.108835935268121,591.0,0
5.1089451661149115,591.0,0
5.109054396961702,590.0,0
5.109163627808494,591.0,0
5.1092728586552845,591.0,0
5.109382089502076,591.0,0
5.109491320348867,591.0,0
5.109600551195658,591.0,0
5.109709782042449,591.0,0
5.10981901288924,591.0,0
5.109928243736031,591.0,0
5.110037474582822,591.0,0
5.110146705429614,591.0,0
5.110255936276404,591.0,0
5.110365167123196,591.0,0
5.110474397969988,591.0,0
5.110583628816778,591.0,0
5.11069285966357,591.0,0
5.110802090510361,591.0,0
5.110911321357152,591.0,0
5.111020552203943,591.0,0
5.1111297830507345,591.0,0
5.111239013897525,591.0,0
5.111348244744317,591.0,0
5.1114574755911075,591.0,0
5.111566706437898,591.0,0
5.11167593728469,591.0,0
5.1117851681314805,591.0,0
5.111894398978272,591.0,0
5.112003629825063,591.0,0
5.112112860671854,591.0,0
5.112222091518645,591.0,0
5.112331322365436,590.0,0
5.1124405532122275,591.0,0
5.112549784059018,591.0,0
5.11265901490581,591.0,0
5.1127682457526005,591.0,0
5.112877476599392,591.0,0
5.112986707446183,591.0,0
5.113095938292974,591.0,0
5.113205169139766,591.0,0
5.113314399986557,592.0,0
5.113423630833348,592.0,0
5.113532861680139,592.0,0
5.113642092526931,593.0,0
5.113751323373721,593.0,0
5.113860554220513,593.0,0
5.113969785067304,593.0,0
5.114079015914094,594.0,0
5.114188246760886,594.0,0
5.114297477607677,594.0,0
5.114406708454468,595.0,0
5.114515939301259,595.0,0
5.1146251701480505,595.0,0
5.114734400994841,595.0,0
5.114843631841632,595.0,0
5.1149528626884235,595.0,0
5.115062093535214,595.0,0
5.115171324382006,595.0,0
5.1152805552287965,595.0,0
5.115389786075588,595.0,0
5.11549901692238,595.0,0
5.1156082477691704,595.0,0
5.115717478615962,595.0,0
5.115826709462753,594.0,0
5.115935940309544,595.0,0
5.116045171156335,595.0,0
5.116154402003127,595.0,0
5.116263632849917,595.0,0
5.116372863696709,595.0,0
5.1164820945435,595.0,0
5.11659132539029,595.0,0
5.116700556237082,595.0,0
5.116809787083873,595.0,0
5.116919017930664,595.0,0
5.117028248777455,595.0,0
5.117137479624247,595.0,0
5.117246710471037,594.0,0
5.117355941317828,595.0,0
5.11746517216462,595.0,0
5.11757440301141,595.0,0
5.117683633858202,594.0,0
5.117792864704993,594.0,0
5.117902095551784,595.0,0
5.118011326398575,594.0,0
5.1181205572453665,594.0,0
5.118229788092158,594.0,0
5.118339018938949,593.0,0
5.11844824978574,593.0,0
5.118557480632531,594.0,0
5.118666711479323,593.0,0
5.118775942326113,593.0,0
5.118885173172905,593.0,0
5.118994404019696,593.0,0
5.1191036348664865,592.0,0
5.119212865713278,593.0,0
5.119322096560069,593.0,0
5.11943132740686,593.0,0
5.119540558253651,592.0,0
5.119649789100443,593.0,0
5.119759019947233,593.0,0
5.119868250794024,592.0,0
5.119977481640816,592.0,0
5.120086712487606,593.0,0
5.120195943334398,593.0,0
5.120305174181189,593.0,0
5.12041440502798,593.0,0
5.120523635874772,593.0,0
5.120632866721563,593.0,0
5.120742097568354,593.0,0
5.120851328415145,593.0,0
5.1209605592619365,593.0,0
5.121069790108727,593.0,0
5.121179020955519,593.0,0
5.1212882518023095,593.0,0
5.121397482649101,593.0,0
5.121506713495892,593.0,0
5.1216159443426825,594.0,0
5.121725175189474,593.0,0
5.121834406036265,593.0,0
5.121943636883056,594.0,0
5.122052867729847,593.0,0
5.122162098576639,593.0,0
5.122271329423429,594.0,0
5.122380560270221,594.0,0
5.122489791117012,593.0,0
5.1225990219638025,594.0,0
5.122708252810594,594.0,0
5.122817483657385,594.0,0
5.122926714504176,594.0,0
5.123035945350967,595.0,0
5.123145176197759,595.0,0
5.12325440704455,594.0,0
5.123363637891341,595.0,0
5.123472868738133,595.0,0
5.123582099584923,595.0,0
5.123691330431715,594.0,0
5.123800561278506,595.0,0
5.123909792125297,595.0,0
5.124019022972088,595.0,0
5.124128253818879,595.0,0
5.12423748466567,595.0,0
5.124346715512461,595.0,0
5.1244559463592525,596.0,0
5.124565177206043,596.0,0
5.124674408052835,596.0,0
5.1247836388996255,596.0,0
5.124892869746417,597.0,0
5.125002100593208,597.0,0
5.1251113314399985,596.0,0
5.12522056228679,597.0,0
5.125329793133581,598.0,0
5.125439023980372,598.0,0
5.125548254827164,598.0,0
5.125657485673955,598.0,0
5.125766716520746,599.0,0
5.125875947367537,598.0,0
5.125985178214329,599.0,0
5.126094409061119,600.0,0
5.126203639907911,600.0,0
5.126312870754702,599.0,0
5.126422101601493,600.0,0
5.126531332448284,600.0,0
5.126640563295075,599.0,0
5.126749794141866,600.0,0
5.126859024988657,600.0,0
5.126968255835449,599.0,0
5.127077486682239,600.0,0
5.127186717529031,600.0,0
5.127295948375822,600.0,0
5.127405179222613,599.0,0
5.127514410069404,600.0,0
5.127623640916195,600.0,0
5.127732871762986,599.0,0
5.127842102609777,599.0,0
5.1279513334565685,600.0,0
5.128060564303359,599.0,0
5.128169795150151,599.0,0
5.128279025996942,600.0,0
5.128388256843733,600.0,0
5.128497487690525,599.0,0
5.128606718537315,600.0,0
5.128715949384107,600.0,0
5.128825180230898,600.0,0
5.128934411077689,600.0,0
5.12904364192448,600.0,0
5.129152872771271,600.0,0
5.129262103618062,600.0,0
5.129371334464853,600.0,0
5.129480565311645,600.0,0
5.129589796158435,600.0,0
5.129699027005227,600.0,0
5.129808257852018,600.0,0
5.129917488698809,600.0,0
5.1300267195456,599.0,0
5.130135950392391,600.0,0
5.130245181239182,600.0,0
5.130354412085973,600.0,0
5.130463642932765,600.0,0
5.130572873779556,600.0,0
5.130682104626347,599.0,0
5.1307913354731385,598.0,0
5.130900566319929,599.0,0
5.131009797166721,598.0,0
5.1311190280135115,598.0,0
5.131228258860303,598.0,0
5.131337489707094,598.0,0
5.131446720553885,598.0,0
5.131555951400676,598.0,0
5.131665182247467,598.0,0
5.131774413094258,598.0,0
5.131883643941049,598.0,0
5.131992874787841,598.0,0
5.132102105634631,598.0,0
5.132211336481423,598.0,0
5.132320567328214,598.0,0
5.132429798175005,598.0,0
5.132539029021796,598.0,0
5.132648259868587,598.0,0
5.132757490715378,598.0,0
5.132866721562169,598.0,0
5.132975952408961,598.0,0
5.133085183255751,598.0,0
5.133194414102543,598.0,0
5.1333036449493346,598.0,0
5.133412875796125,598.0,0
5.133522106642917,598.0,0
5.133631337489708,598.0,0
5.133740568336499,597.0,0
5.13384979918329,598.0,0
5.1339590300300815,598.0,0
5.134068260876872,598.0,0
5.134177491723663,597.0,0
5.1342867225704545,598.0,0
5.134395953417245,598.0,0
5.134505184264037,598.0,0
5.1346144151108275,598.0,0
5.134723645957619,598.0,0
5.13483287680441,598.0,0
5.134942107651201,598.0,0
5.135051338497992,599.0,0
5.135160569344783,599.0,0
5.135269800191574,598.0,0
5.135379031038365,599.0,0
5.135488261885157,599.0,0
5.135597492731948,599.0,0
5.135706723578739,599.0,0
5.135815954425531,600.0,0
5.135925185272321,600.0,0
5.136034416119113,600.0,0
5.136143646965904,600.0,0
5.136252877812695,600.0,0
5.136362108659486,600.0,0
5.1364713395062775,600.0,0
5.136580570353068,600.0,0
5.13668980119986,600.0,0
5.136799032046651,600.0,0
5.136908262893441,601.0,0
5.137017493740233,601.0,0
5.137126724587024,601.0,0
5.137235955433815,601.0,0
5.137345186280606,602.0,0
5.1374544171273975,601.0,0
5.137563647974188,602.0,0
5.137672878820979,603.0,0
5.1377821096677705,603.0,0
5.137891340514561,603.0,0
5.138000571361353,604.0,0
5.1381098022081435,604.0,0
5.138219033054935,604.0,0
5.138328263901727,604.0,0
5.138437494748517,605.0,0
5.138546725595309,604.0,0
5.1386559564421,605.0,0
5.138765187288891,606.0,0
5.138874418135682,606.0,0
5.138983648982474,606.0,0
5.139092879829264,608.0,0
5.139202110676056,608.0,0
5.139311341522847,608.0,0
5.139420572369637,608.0,0
5.139529803216429,609.0,0
5.13963903406322,608.0,0
5.139748264910011,609.0,0
5.139857495756802,609.0,0
5.1399667266035935,610.0,0
5.140075957450384,609.0,0
5.140185188297175,610.0,0
5.140294419143967,611.0,0
5.140403649990757,611.0,0
5.140512880837549,610.0,0
5.1406221116843405,611.0,0
5.140731342531131,611.0,0
5.140840573377923,611.0,0
5.1409498042247135,611.0,0
5.141059035071505,611.0,0
5.141168265918296,611.0,0
5.141277496765087,611.0,0
5.141386727611878,611.0,0
5.14149595845867,611.0,0
5.14160518930546,610.0,0
5.141714420152252,610.0,0
5.141823650999043,610.0,0
5.141932881845833,609.0,0
5.142042112692625,609.0,0
5.142151343539416,610.0,0
5.142260574386207,609.0,0
5.142369805232998,609.0,0
5.14247903607979,609.0,0
5.14258826692658,609.0,0
5.142697497773371,608.0,0
5.142806728620163,608.0,0
5.142915959466953,608.0,0
5.143025190313745,608.0,0
5.143134421160536,608.0,0
5.143243652007327,608.0,0
5.143352882854119,608.0,0
5.1434621137009096,608.0,0
5.143571344547701,607.0,0
5.143680575394492,608.0,0
5.1437898062412835,607.0,0
5.143899037088074,607.0,0
5.144008267934866,607.0,0
5.1441174987816565,607.0,0
5.144226729628448,607.0,0
5.144335960475239,607.0,0
5.1444451913220295,607.0,0
5.144554422168821,607.0,0
5.144663653015612,607.0,0
5.144772883862403,607.0,0
5.144882114709194,607.0,0
5.144991345555986,606.0,0
5.145100576402776,606.0,0
5.145209807249567,607.0,0
5.145319038096359,606.0,0
5.145428268943149,606.0,0
5.145537499789941,606.0,0
5.145646730636733,606.0,0
5.145755961483523,606.0,0
5.145865192330315,606.0,0
5.145974423177106,606.0,0
5.146083654023897,605.0,0
5.146192884870688,606.0,0
5.1463021157174795,606.0,0
5.14641134656427,604.0,0
5.146520577411062,604.0,0
5.1466298082578525,605.0,0
5.146739039104644,605.0,0
5.146848269951435,604.0,0
5.146957500798226,604.0,0
5.147066731645017,604.0,0
5.147175962491808,604.0,0
5.1472851933385995,604.0,0
5.14739442418539,604.0,0
5.147503655032182,604.0,0
5.1476128858789725,604.0,0
5.147722116725763,604.0,0
5.147831347572555,604.0,0
5.1479405784193455,603.0,0
5.148049809266137,603.0,0
5.148159040112928,603.0,0
5.148268270959719,603.0,0
5.148377501806511,601.0,0
5.148486732653302,602.0,0
5.148595963500093,602.0,0
5.148705194346884,601.0,0
5.148814425193676,601.0,0
5.148923656040466,601.0,0
5.149032886887258,601.0,0
5.149142117734049,601.0,0
5.14925134858084,601.0,0
5.149360579427631,601.0,0
5.149469810274422,601.0,0
5.149579041121213,601.0,0
5.149688271968004,601.0,0
5.1497975028147955,601.0,0
5.149906733661586,601.0,0
5.150015964508378,602.0,0
5.1501251953551686,601.0,0
5.150234426201959,601.0,0
5.150343657048751,601.0,0
5.150452887895542,602.0,0
5.150562118742333,601.0,0
5.150671349589125,601.0,0
5.1507805804359155,602.0,0
5.150889811282707,602.0,0
5.150999042129498,601.0,0
5.151108272976289,602.0,0
5.15121750382308,602.0,0
5.151326734669872,601.0,0
5.151435965516662,601.0,0
5.151545196363454,602.0,0
5.151654427210245,601.0,0
5.151763658057036,601.0,0
5.151872888903827,601.0,0
5.151982119750618,601.0,0
5.152091350597409,601.0,0
5.1522005814442,601.0,0
5.152309812290992,601.0,0
5.152419043137782,601.0,0
5.152528273984574,601.0,0
5.152637504831365,601.0,0
5.152746735678155,601.0,0
5.152855966524947,601.0,0
5.152965197371738,601.0,0
5.153074428218529,601.0,0
5.15318365906532,600.0,0
5.1532928899121115,600.0,0
5.153402120758903,601.0,0
5.153511351605694,601.0,0
5.153620582452485,600.0,0
5.153729813299276,601.0,0
5.153839044146068,601.0,0
5.1539482749928585,601.0,0
5.15405750583965,601.0,0
5.154166736686441,601.0,0
5.154275967533232,601.0,0
5.154385198380023,601.0,0
5.154494429226814,602.0,0
5.154603660073605,602.0,0
5.154712890920396,601.0,0
5.154822121767188,603.0,0
5.154931352613978,603.0,0
5.15504058346077,603.0,0
5.155149814307561,602.0,0
5.155259045154351,604.0,0
5.155368276001143,603.0,0
5.155477506847934,603.0,0
5.155586737694725,604.0,0
5.155695968541517,604.0,0
5.155805199388308,604.0,0
5.155914430235099,604.0,0
5.156023661081891,604.0,0
5.1561328919286815,604.0,0
5.156242122775472,604.0,0
5.156351353622264,604.0,0
5.1564605844690545,604.0,0
5.156569815315846,604.0,0
5.156679046162637,604.0,0
5.156788277009428,606.0,0
5.156897507856219,605.0,0
5.15700673870301,605.0,0
5.1571159695498014,606.0,0
5.157225200396592,606.0,0
5.157334431243384,606.0,0
5.1574436620901745,606.0,0
5.157552892936966,607.0,0
5.157662123783757,607.0,0
5.1577713546305475,606.0,0
5.157880585477339,608.0,0
5.15798981632413,607.0,0
5.158099047170921,607.0,0
5.158208278017712,608.0,0
5.158317508864504,608.0,0
5.158426739711295,608.0,0
5.158535970558086,608.0,0
5.158645201404878,608.0,0
5.158754432251668,608.0,0
5.15886366309846,608.0,0
5.158972893945251,608.0,0
5.159082124792042,608.0,0
5.159191355638833,608.0,0
5.1593005864856245,608.0,0
5.159409817332415,608.0,0
5.159519048179206,608.0,0
5.1596282790259975,608.0,0
5.159737509872788,608.0,0
5.15984674071958,608.0,0
5.1599559715663705,607.0,0
5.160065202413162,607.0,0
5.160174433259953,607.0,0
5.1602836641067436,607.0,0
5.160392894953535,606.0,0
5.160502125800326,606.0,0
5.1606113566471175,606.0,0
5.160720587493909,606.0,0
5.1608298183407,606.0,0
5.160939049187491,606.0,0
5.161048280034283,605.0,0
5.161157510881074,605.0,0
5.161266741727864,605.0,0
5.161375972574656,605.0,0
5.161485203421447,604.0,0
5.161594434268238,605.0,0
5.161703665115029,604.0,0
5.161812895961821,604.0,0
5.161922126808611,604.0,0
5.162031357655402,604.0,0
5.162140588502194,604.0,0
5.162249819348984,604.0,0
5.162359050195776,604.0,0
5.162468281042567,604.0,0
5.162577511889358,603.0,0
5.162686742736149,603.0,0
5.16279597358294,604.0,0
5.162905204429731,604.0,0
5.163014435276522,603.0,0
5.1631236661233135,603.0,0
5.163232896970104,603.0,0
5.163342127816896,603.0,0
5.163451358663687,602.0,0
5.163560589510478,603.0,0
5.16366982035727,603.0,0
5.16377905120406,603.0,0
5.163888282050852,603.0,0
5.163997512897643,604.0,0
5.164106743744434,603.0,0
5.164215974591225,603.0,0
5.164325205438017,604.0,0
5.164434436284807,604.0,0
5.164543667131598,604.0,0
5.16465289797839,604.0,0
5.16476212882518,604.0,0
5.164871359671972,604.0,0
5.164980590518763,604.0,0
5.165089821365554,604.0,0
5.165199052212345,604.0,0
5.165308283059136,604.0,0
5.165417513905927,604.0,0
5.165526744752718,604.0,0
5.16563597559951,604.0,0
5.165745206446301,604.0,0
5.165854437293092,604.0,0
5.1659636681398835,604.0,0
5.166072898986675,603.0,0
5.166182129833466,604.0,0
5.1662913606802565,603.0,0
5.166400591527048,603.0,0
5.166509822373839,603.0,0
5.16661905322063,604.0,0
5.166728284067421,603.0,0
5.166837514914213,603.0,0
5.166946745761003,603.0,0
5.167055976607794,603.0,0
5.167165207454586,602.0,0
5.1672744383013764,603.0,0
5.167383669148168,603.0,0
5.167492899994959,602.0,0
5.16760213084175,602.0,0
5.167711361688541,603.0,0
5.167820592535333,602.0,0
5.167929823382123,603.0,0
5.168039054228914,603.0,0
5.168148285075706,603.0,0
5.168257515922496,602.0,0
5.168366746769288,603.0,0
5.16847597761608,603.0,0
5.16858520846287,603.0,0
5.168694439309662,603.0,0
5.168803670156453,604.0,0
5.168912901003244,603.0,0
5.169022131850035,603.0,0
5.1691313626968265,603.0,0
5.169240593543617,604.0,0
5.169349824390409,603.0,0
5.1694590552371995,604.0,0
5.16956828608399,604.0,0
5.169677516930782,604.0,0
5.1697867477775725,603.0,0
5.169895978624364,604.0,0
5.170005209471155,604.0,0
5.170114440317946,604.0,0
5.170223671164737,604.0,0
5.170332902011529,604.0,0
5.170442132858319,604.0,0
5.17055136370511,604.0,0
5.170660594551902,604.0,0
5.170769825398693,604.0,0
5.170879056245484,604.0,0
5.170988287092276,604.0,0
5.171097517939067,604.0,0
5.171206748785858,604.0,0
5.171315979632649,604.0,0
5.17142521047944,604.0,0
5.171534441326231,604.0,0
5.171643672173023,604.0,0
5.171752903019813,604.0,0
5.171862133866605,604.0,0
5.171971364713396,603.0,0
5.172080595560186,604.0,0
5.172189826406978,604.0,0
5.172299057253769,603.0,0
5.17240828810056,603.0,0
5.172517518947351,604.0,0
5.1726267497941425,603.0,0
5.172735980640933,603.0,0
5.172845211487725,603.0,0
5.1729544423345155,603.0,0
5.173063673181306,602.0,0
5.173172904028098,602.0,0
5.1732821348748885,602.0,0
5.17339136572168,602.0,0
5.173500596568472,601.0,0
5.173609827415262,602.0,0
5.173719058262054,601.0,0
5.173828289108845,601.0,0
5.173937519955636,601.0,0
5.174046750802427,601.0,0
5.174155981649219,600.0,0
5.174265212496009,600.0,0
5.174374443342801,600.0,0
5.174483674189592,600.0,0
5.174592905036382,600.0,0
5.174702135883174,600.0,0
5.174811366729965,600.0,0
5.174920597576756,600.0,0
5.175029828423547,600.0,0
5.175139059270339,600.0,0
5.175248290117129,600.0,0
5.175357520963921,600.0,0
5.175466751810712,600.0,0
5.175575982657502,600.0,0
5.175685213504294,600.0,0
5.1757944443510855,600.0,0
5.175903675197876,600.0,0
5.176012906044668,600.0,0
5.176122136891459,599.0,0
5.17623136773825,599.0,0
5.176340598585041,599.0,0
5.176449829431832,599.0,0
5.176559060278623,599.0,0
5.176668291125415,599.0,0
5.176777521972205,599.0,0
5.176886752818997,599.0,0
5.176995983665788,598.0,0
5.177105214512578,599.0,0
5.17721444535937,598.0,0
5.177323676206161,598.0,0
5.177432907052952,598.0,0
5.177542137899743,599.0,0
5.177651368746535,598.0,0
5.177760599593325,599.0,0
5.177869830440117,599.0,0
5.177979061286908,599.0,0
5.178088292133698,599.0,0
5.17819752298049,599.0,0
5.178306753827281,599.0,0
5.178415984674072,600.0,0
5.178525215520864,600.0,0
5.178634446367655,600.0,0
5.178743677214446,600.0,0
5.178852908061237,600.0,0
5.1789621389080285,600.0,0
5.179071369754819,600.0,0
5.179180600601611,600.0,0
5.1792898314484015,600.0,0
5.179399062295193,600.0,0
5.179508293141984,600.0,0
5.1796175239887745,600.0,0
5.179726754835566,600.0,0
5.179835985682357,600.0,0
5.179945216529148,600.0,0
5.180054447375939,600.0,0
5.180163678222731,600.0,0
5.180272909069521,600.0,0
5.180382139916313,600.0,0
5.180491370763104,600.0,0
5.180600601609894,600.0,0
5.180709832456686,600.0,0
5.180819063303478,600.0,0
5.180928294150268,600.0,0
5.18103752499706,601.0,0
5.1811467558438515,600.0,0
5.181255986690642,600.0,0
5.181365217537433,601.0,0
5.1814744483842246,601.0,0
5.181583679231015,600.0,0
5.181692910077807,601.0,0
5.181802140924598,601.0,0
5.181911371771389,600.0,0
5.18202060261818,600.0,0
5.182129833464971,601.0,0
5.182239064311762,600.0,0
5.182348295158553,601.0,0
5.1824575260053445,601.0,0
5.182566756852135,601.0,0
5.182675987698927,601.0,0
5.1827852185457175,601.0,0
5.182894449392509,601.0,0
5.1830036802393,601.0,0
5.1831129110860905,602.0,0
5.183222141932882,603.0,0
5.183331372779673,602.0,0
5.183440603626464,603.0,0
5.183549834473256,603.0,0
5.183659065320047,603.0,0
5.183768296166838,603.0,0
5.183877527013629,604.0,0
5.183986757860421,604.0,0
5.184095988707211,604.0,0
5.184205219554003,604.0,0
5.184314450400794,604.0,0
5.184423681247585,604.0,0
5.184532912094376,604.0,0
5.1846421429411675,604.0,0
5.184751373787958,604.0,0
5.184860604634749,604.0,0
5.184969835481541,604.0,0
5.185079066328331,605.0,0
5.185188297175123,604.0,0
5.185297528021914,604.0,0
5.185406758868705,605.0,0
5.185515989715496,605.0,0
5.185625220562287,604.0,0
5.185734451409078,605.0,0
5.18584368225587,606.0,0
5.1859529131026605,605.0,0
5.186062143949452,605.0,0
5.186171374796244,606.0,0
5.186280605643034,606.0,0
5.186389836489825,605.0,0
5.186499067336617,606.0,0
5.186608298183407,606.0,0
5.186717529030199,606.0,0
5.18682675987699,606.0,0
5.186935990723781,606.0,0
5.187045221570572,606.0,0
5.187154452417364,606.0,0
5.187263683264154,606.0,0
5.187372914110945,606.0,0
5.187482144957737,606.0,0
5.187591375804527,606.0,0
5.187700606651319,606.0,0
5.18780983749811,606.0,0
5.187919068344901,606.0,0
5.188028299191692,606.0,0
5.188137530038483,606.0,0
5.188246760885274,606.0,0
5.188355991732065,606.0,0
5.188465222578857,606.0,0
5.188574453425648,606.0,0
5.188683684272439,606.0,0
5.1887929151192305,606.0,0
5.188902145966021,606.0,0
5.189011376812813,605.0,0
5.1891206076596035,606.0,0
5.189229838506395,606.0,0
5.189339069353186,606.0,0
5.189448300199977,606.0,0
5.189557531046768,606.0,0
5.18966676189356,606.0,0
5.18977599274035,606.0,0
5.189885223587141,606.0,0
5.189994454433933,606.0,0
5.190103685280723,606.0,0
5.190212916127515,606.0,0
5.190322146974306,606.0,0
5.190431377821097,606.0,0
5.190540608667888,606.0,0
5.190649839514679,607.0,0
5.19075907036147,606.0,0
5.190868301208262,606.0,0
5.190977532055053,606.0,0
5.191086762901844,607.0,0
5.191195993748636,606.0,0
5.1913052245954265,607.0,0
5.191414455442217,607.0,0
5.191523686289009,607.0,0
5.1916329171357996,606.0,0
5.191742147982591,607.0,0
5.191851378829382,607.0,0
5.1919606096761735,607.0,0
5.192069840522964,607.0,0
5.192179071369756,608.0,0
5.1922883022165465,607.0,0
5.192397533063337,607.0,0
5.192506763910129,607.0,0
5.1926159947569195,608.0,0
5.192725225603711,607.0,0
5.192834456450502,608.0,0
5.192943687297293,608.0,0
5.193052918144084,608.0,0
5.193162148990875,607.0,0
5.193271379837666,608.0,0
5.193380610684457,608.0,0
5.193489841531249,608.0,0
5.19359907237804,608.0,0
5.193708303224831,608.0,0
5.193817534071623,608.0,0
5.193926764918413,608.0,0
5.194035995765205,608.0,0
5.194145226611996,608.0,0
5.194254457458787,608.0,0
5.194363688305578,608.0,0
5.1944729191523695,608.0,0
5.19458214999916,608.0,0
5.194691380845952,608.0,0
5.1948006116927425,608.0,0
5.194909842539533,608.0,0
5.195019073386325,608.0,0
5.195128304233116,608.0,0
5.195237535079907,608.0,0
5.195346765926698,608.0,0
5.1954559967734895,608.0,0
5.19556522762028,608.0,0
5.195674458467071,608.0,0
5.1957836893138625,608.0,0
5.195892920160654,609.0,0
5.196002151007445,609.0,0
5.196111381854236,608.0,0
5.196220612701028,608.0,0
5.196329843547819,609.0,0
5.196439074394609,609.0,0
5.196548305241401,609.0,0
5.196657536088192,609.0,0
5.196766766934983,609.0,0
5.196875997781774,609.0,0
5.196985228628566,609.0,0
5.197094459475356,609.0,0
5.197203690322148,609.0,0
5.197312921168939,609.0,0
5.197422152015729,609.0,0
5.197531382862521,609.0,0
5.197640613709312,609.0,0
5.197749844556103,609.0,0
5.197859075402894,609.0,0
5.1979683062496855,609.0,0
5.198077537096476,609.0,0
5.198186767943267,609.0,0
5.1982959987900585,609.0,0
5.198405229636849,608.0,0
5.198514460483641,609.0,0
5.1986236913304325,609.0,0
5.198732922177223,609.0,0
5.198842153024015,609.0,0
5.198951383870806,609.0,0
5.199060614717597,609.0,0
5.199169845564388,608.0,0
5.199279076411179,609.0,0
5.19938830725797,609.0,0
5.199497538104762,608.0,0
5.199606768951552,609.0,0
5.199715999798344,609.0,0
5.199825230645135,609.0,0
5.199934461491925,609.0,0
5.200043692338717,609.0,0
5.200152923185508,609.0,0
5.200262154032299,609.0,0
5.20037138487909,609.0,0
5.200480615725882,609.0,0
5.200589846572672,609.0,0
5.200699077419463,609.0,0
5.200808308266255,609.0,0
5.200917539113046,609.0,0
5.201026769959837,609.0,0
5.2011360008066285,609.0,0
5.20124523165342,609.0,0
5.201354462500211,609.0,0
5.201463693347002,609.0,0
5.201572924193793,610.0,0
5.201682155040584,609.0,0
5.201791385887375,610.0,0
5.201900616734166,610.0,0
5.202009847580958,609.0,0
5.2021190784277485,609.0,0
5.20222830927454,610.0,0
5.202337540121331,610.0,0
5.2024467709681215,609.0,0
5.202556001814913,610.0,0
5.202665232661704,611.0,0
5.202774463508495,610.0,0
5.202883694355286,610.0,0
5.202992925202078,611.0,0
5.203102156048868,611.0,0
5.203211386895659,610.0,0
5.203320617742451,611.0,0
5.203429848589241,611.0,0
5.203539079436033,611.0,0
5.203648310282825,611.0,0
5.203757541129615,611.0,0
5.203866771976407,611.0,0
5.2039760028231985,611.0,0
5.204085233669989,611.0,0
5.20419446451678,611.0,0
5.2043036953635715,611.0,0
5.204412926210362,611.0,0
5.204522157057154,612.0,0
5.2046313879039445,612.0,0
5.204740618750736,611.0,0
5.204849849597527,612.0,0
5.2049590804443175,611.0,0
5.205068311291109,611.0,0
5.2051775421379,611.0,0
5.2052867729846914,612.0,0
5.205396003831482,611.0,0
5.205505234678274,611.0,0
5.2056144655250645,611.0,0
5.205723696371855,611.0,0
5.205832927218647,611.0,0
5.205942158065438,611.0,0
5.206051388912229,611.0,0
5.206160619759021,611.0,0
5.206269850605812,611.0,0
5.206379081452603,612.0,0
5.206488312299395,611.0,0
5.206597543146185,611.0,0
5.206706773992976,612.0,0
5.206816004839768,612.0,0
5.206925235686558,611.0,0
5.20703446653335,611.0,0
5.207143697380141,612.0,0
5.207252928226932,611.0,0
5.207362159073723,611.0,0
5.207471389920514,611.0,0
5.207580620767305,611.0,0
5.207689851614096,611.0,0
5.2077990824608875,611.0,0
5.207908313307678,611.0,0
5.20801754415447,611.0,0
5.2081267750012605,611.0,0
5.208236005848051,611.0,0
5.208345236694843,611.0,0
5.2084544675416335,611.0,0
5.208563698388425,611.0,0
5.208672929235217,611.0,0
5.2087821600820075,611.0,0
5.208891390928799,611.0,0
5.209000621775591,611.0,0
5.209109852622381,611.0,0
5.209219083469172,610.0,0
5.209328314315964,611.0,0
5.209437545162754,611.0,0
5.209546776009546,610.0,0
5.209656006856337,611.0,0
5.209765237703128,611.0,0
5.209874468549919,610.0,0
5.20998369939671,609.0,0
5.210092930243501,611.0,0
5.210202161090292,610.0,0
5.210311391937084,609.0,0
5.210420622783874,609.0,0
5.210529853630666,610.0,0
5.210639084477457,609.0,0
5.210748315324247,609.0,0
5.210857546171039,610.0,0
5.2109667770178305,610.0,0
5.211076007864621,609.0,0
5.211185238711413,609.0,0
5.211294469558204,610.0,0
5.211403700404995,609.0,0
5.211512931251787,609.0,0
5.211622162098577,610.0,0
5.211731392945368,609.0,0
5.21184062379216,609.0,0
5.21194985463895,609.0,0
5.212059085485742,609.0,0
5.212168316332533,609.0,0
5.212277547179324,609.0,0
5.212386778026115,609.0,0
5.212496008872906,608.0,0
5.212605239719697,608.0,0
5.212714470566488,608.0,0
5.21282370141328,608.0,0
5.21293293226007,608.0,0
5.213042163106862,607.0,0
5.213151393953653,608.0,0
5.213260624800443,607.0,0
5.213369855647235,607.0,0
5.213479086494026,607.0,0
5.213588317340817,607.0,0
5.213697548187609,606.0,0
5.2138067790344,606.0,0
5.213916009881191,606.0,0
5.214025240727983,606.0,0
5.2141344715747735,606.0,0
5.214243702421564,606.0,0
5.214352933268356,606.0,0
5.2144621641151465,606.0,0
5.214571394961938,606.0,0
5.214680625808729,606.0,0
5.21478985665552,606.0,0
5.214899087502311,606.0,0
5.215008318349102,606.0,0
5.215117549195893,606.0,0
5.215226780042684,606.0,0
5.215336010889476,607.0,0
5.2154452417362664,607.0,0
5.215554472583058,606.0,0
5.215663703429849,607.0,0
5.21577293427664,607.0,0
5.215882165123431,607.0,0
5.215991395970223,608.0,0
5.216100626817013,608.0,0
5.216209857663805,607.0,0
5.216319088510597,608.0,0
5.216428319357387,608.0,0
5.216537550204179,608.0,0
5.21664678105097,608.0,0
5.21675601189776,608.0,0
5.216865242744552,608.0,0
5.216974473591343,608.0,0
5.217083704438134,608.0,0
5.217192935284925,608.0,0
5.2173021661317165,608.0,0
5.217411396978507,608.0,0
5.217520627825298,608.0,0
5.2176298586720895,608.0,0
5.21773908951888,608.0,0
5.217848320365672,608.0,0
5.2179575512124625,608.0,0
5.218066782059254,608.0,0
5.218176012906045,608.0,0
5.218285243752836,608.0,0
5.218394474599627,608.0,0
5.218503705446418,608.0,0
5.218612936293209,608.0,0
5.218722167140001,608.0,0
5.218831397986792,607.0,0
5.218940628833583,608.0,0
5.219049859680375,608.0,0
5.219159090527166,607.0,0
5.219268321373956,607.0,0
5.219377552220748,607.0,0
5.219486783067539,608.0,0
5.21959601391433,606.0,0
5.219705244761121,607.0,0
5.219814475607913,607.0,0
5.219923706454703,606.0,0
5.220032937301494,606.0,0
5.220142168148286,606.0,0
5.220251398995076,606.0,0
5.220360629841868,606.0,0
5.220469860688659,606.0,0
5.22057909153545,606.0,0
5.220688322382241,606.0,0
5.2207975532290325,606.0,0
5.220906784075823,606.0,0
5.221016014922615,606.0,0
5.2211252457694055,605.0,0
5.221234476616197,606.0,0
5.221343707462989,606.0,0
5.221452938309779,606.0,0
5.221562169156571,606.0,0
5.221671400003362,606.0,0
5.221780630850152,606.0,0
5.221889861696944,606.0,0
5.221999092543735,606.0,0
5.222108323390526,606.0,0
5.222217554237317,605.0,0
5.222326785084109,606.0,0
5.222436015930899,606.0,0
5.22254524677769,605.0,0
5.222654477624482,605.0,0
5.222763708471272,606.0,0
5.222872939318064,606.0,0
5.222982170164855,605.0,0
5.223091401011646,606.0,0
5.223200631858437,606.0,0
5.223309862705229,604.0,0
5.223419093552019,605.0,0
5.22352832439881,606.0,0
5.223637555245602,605.0,0
5.223746786092393,604.0,0
5.223856016939184,606.0,0
5.2239652477859755,605.0,0
5.224074478632767,605.0,0
5.224183709479558,605.0,0
5.2242929403263485,606.0,0
5.22440217117314,605.0,0
5.224511402019931,605.0,0
5.224620632866722,606.0,0
5.224729863713513,606.0,0
5.224839094560305,604.0,0
5.224948325407095,606.0,0
5.225057556253886,606.0,0
5.225166787100678,606.0,0
5.225276017947468,605.0,0
5.22538524879426,606.0,0
5.225494479641051,606.0,0
5.225603710487842,605.0,0
5.225712941334633,606.0,0
5.225822172181425,606.0,0
5.225931403028215,605.0,0
5.226040633875007,606.0,0
5.226149864721798,606.0,0
5.226259095568589,606.0,0
5.226368326415381,606.0,0
5.226477557262172,606.0,0
5.226586788108963,606.0,0
5.226696018955754,606.0,0
5.226805249802545,606.0,0
5.226914480649336,607.0,0
5.227023711496127,606.0,0
5.2271329423429185,607.0,0
5.227242173189709,608.0,0
5.227351404036501,607.0,0
5.2274606348832915,607.0,0
5.227569865730082,608.0,0
5.227679096576874,608.0,0
5.2277883274236645,608.0,0
5.227897558270456,608.0,0
5.228006789117247,609.0,0
5.228116019964038,608.0,0
5.228225250810829,608.0,0
5.228334481657621,609.0,0
5.228443712504411,609.0,0
5.228552943351202,608.0,0
5.228662174197994,609.0,0
5.228771405044785,609.0,0
5.228880635891576,609.0,0
5.228989866738368,608.0,0
5.229099097585159,609.0,0
5.22920832843195,609.0,0
5.229317559278741,608.0,0
5.229426790125532,609.0,0
5.229536020972323,609.0,0
5.2296452518191145,608.0,0
5.229754482665905,608.0,0
5.229863713512697,609.0,0
5.229972944359488,608.0,0
5.230082175206279,608.0,0
5.23019140605307,608.0,0
5.230300636899861,608.0,0
5.230409867746652,608.0,0
5.230519098593443,608.0,0
5.2306283294402345,609.0,0
5.230737560287025,608.0,0
5.230846791133817,608.0,0
5.2309560219806075,608.0,0
5.231065252827399,608.0,0
5.23117448367419,608.0,0
5.231283714520981,608.0,0
5.231392945367773,608.0,0
5.231502176214564,608.0,0
5.231611407061355,608.0,0
5.231720637908146,608.0,0
5.231829868754937,608.0,0
5.231939099601728,608.0,0
5.232048330448519,608.0,0
5.232157561295311,608.0,0
5.232266792142101,608.0,0
5.232376022988893,608.0,0
5.232485253835684,608.0,0
5.232594484682475,608.0,0
5.232703715529266,607.0,0
5.232812946376057,608.0,0
5.232922177222848,608.0,0
5.233031408069639,607.0,0
5.2331406389164306,608.0,0
5.233249869763221,608.0,0
5.233359100610013,607.0,0
5.233468331456804,607.0,0
5.233577562303594,607.0,0
5.233686793150386,607.0,0
5.2337960239971775,606.0,0
5.233905254843968,606.0,0
5.23401448569076,606.0,0
5.234123716537551,605.0,0
5.234232947384342,605.0,0
5.234342178231133,606.0,0
5.234451409077924,604.0,0
5.234560639924715,604.0,0
5.234669870771507,605.0,0
5.234779101618297,604.0,0
5.234888332465089,604.0,0
5.23499756331188,604.0,0
5.235106794158671,604.0,0
5.235216025005462,604.0,0
5.235325255852253,604.0,0
5.235434486699044,604.0,0
5.235543717545835,604.0,0
5.235652948392627,604.0,0
5.235762179239417,604.0,0
5.235871410086209,604.0,0
5.235980640933,604.0,0
5.236089871779791,604.0,0
5.236199102626582,604.0,0
5.2363083334733735,604.0,0
5.236417564320165,604.0,0
5.236526795166956,604.0,0
5.2366360260137474,604.0,0
5.236745256860538,604.0,0
5.236854487707329,604.0,0
5.2369637185541205,604.0,0
5.237072949400911,604.0,0
5.237182180247703,605.0,0
5.2372914110944935,605.0,0
5.237400641941285,605.0,0
5.237509872788076,605.0,0
5.237619103634867,606.0,0
5.237728334481658,605.0,0
5.237837565328449,605.0,0
5.23794679617524,605.0,0
5.238056027022031,605.0,0
5.238165257868823,605.0,0
5.238274488715613,605.0,0
5.238383719562405,605.0,0
5.238492950409196,605.0,0
5.238602181255986,604.0,0
5.238711412102778,605.0,0
5.23882064294957,605.0,0
5.23892987379636,604.0,0
5.239039104643152,604.0,0
5.2391483354899435,605.0,0
5.239257566336734,604.0,0
5.239366797183525,604.0,0
5.2394760280303165,604.0,0
5.239585258877107,604.0,0
5.239694489723899,604.0,0
5.2398037205706895,604.0,0
5.239912951417481,604.0,0
5.240022182264272,604.0,0
5.2401314131110635,604.0,0
5.240240643957854,604.0,0
5.240349874804645,604.0,0
5.2404591056514365,604.0,0
5.240568336498227,604.0,0
5.240677567345019,604.0,0
5.2407867981918095,603.0,0
5.240896029038601,603.0,0
5.241005259885392,604.0,0
5.241114490732183,603.0,0
5.241223721578974,603.0,0
5.241332952425766,603.0,0
5.241442183272557,603.0,0
5.241551414119348,602.0,0
5.24166064496614,602.0,0
5.24176987581293,603.0,0
5.241879106659721,602.0,0
5.241988337506513,601.0,0
5.242097568353303,602.0,0
5.242206799200095,602.0,0
5.242316030046886,601.0,0
5.242425260893677,601.0,0
5.242534491740468,601.0,0
5.2426437225872595,601.0,0
5.24275295343405,600.0,0
5.242862184280841,601.0,0
5.2429714151276325,601.0,0
5.243080645974423,600.0,0
5.243189876821215,600.0,0
5.2432991076680056,600.0,0
5.243408338514797,600.0,0
5.243517569361588,600.0,0
5.243626800208379,600.0,0
5.24373603105517,600.0,0
5.243845261901962,600.0,0
5.2439544927487525,600.0,0
5.244063723595544,600.0,0
5.244172954442336,600.0,0
5.244282185289126,600.0,0
5.244391416135917,601.0,0
5.244500646982709,600.0,0
5.244609877829499,600.0,0
5.244719108676291,601.0,0
5.244828339523082,601.0,0
5.244937570369873,600.0,0
5.245046801216664,601.0,0
5.245156032063456,601.0,0
5.245265262910246,601.0,0
5.245374493757037,601.0,0
5.245483724603829,602.0,0
5.245592955450619,602.0,0
5.245702186297411,601.0,0
5.245811417144202,602.0,0
5.245920647990993,603.0,0
5.246029878837784,601.0,0
5.2461391096845755,602.0,0
5.246248340531366,603.0,0
5.246357571378158,602.0,0
5.246466802224949,601.0,0
5.24657603307174,603.0,0
5.246685263918532,603.0,0
5.2467944947653224,602.0,0
5.246903725612114,602.0,0
5.247012956458905,603.0,0
5.2471221873056955,603.0,0
5.247231418152487,603.0,0
5.247340648999278,603.0,0
5.247449879846069,603.0,0
5.24755911069286,603.0,0
5.247668341539652,604.0,0
5.247777572386442,604.0,0
5.247886803233233,603.0,0
5.247996034080025,604.0,0
5.248105264926815,604.0,0
5.248214495773607,604.0,0
5.248323726620398,604.0,0
5.248432957467189,604.0,0
5.24854218831398,604.0,0
5.248651419160771,604.0,0
5.248760650007562,604.0,0
5.248869880854354,604.0,0
5.248979111701145,604.0,0
5.249088342547936,604.0,0
5.249197573394728,604.0,0
5.2493068042415185,604.0,0
5.24941603508831,604.0,0
5.249525265935101,604.0,0
5.2496344967818915,604.0,0
5.249743727628683,604.0,0
5.249852958475474,604.0,0
5.249962189322265,604.0,0
5.250071420169056,604.0,0
5.250180651015848,604.0,0
5.2502898818626385,604.0,0
5.250399112709429,604.0,0
5.250508343556221,603.0,0
5.2506175744030115,603.0,0
5.250726805249803,603.0,0
5.250836036096594,603.0,0
5.250945266943385,602.0,0
5.251054497790176,602.0,0
5.251163728636968,602.0,0
5.251272959483758,601.0,0
5.25138219033055,601.0,0
5.251491421177342,601.0,0
5.251600652024132,601.0,0
5.251709882870924,600.0,0
5.251819113717715,601.0,0
5.251928344564506,600.0,0
5.252037575411297,600.0,0
5.252146806258088,600.0,0
5.252256037104879,601.0,0
5.25236526795167,600.0,0
5.2524744987984615,600.0,0
5.252583729645252,601.0,0
5.252692960492044,601.0,0
5.2528021913388345,601.0,0
5.252911422185625,601.0,0
5.253020653032417,601.0,0
5.2531298838792075,602.0,0
5.253239114725999,601.0,0
5.25334834557279,603.0,0
5.253457576419581,603.0,0
5.253566807266372,602.0,0
5.253676038113163,603.0,0
5.2537852689599545,603.0,0
5.253894499806746,603.0,0
5.254003730653537,603.0,0
5.254112961500328,603.0,0
5.25422219234712,603.0,0
5.254331423193911,603.0,0
5.254440654040702,603.0,0
5.254549884887493,603.0,0
5.254659115734284,603.0,0
5.254768346581075,602.0,0
5.254877577427866,603.0,0
5.254986808274658,602.0,0
5.255096039121448,602.0,0
5.25520526996824,603.0,0
5.255314500815031,603.0,0
5.255423731661821,602.0,0
5.255532962508613,603.0,0
5.255642193355404,603.0,0
5.255751424202195,603.0,0
5.255860655048986,602.0,0
5.2559698858957775,603.0,0
5.256079116742568,603.0,0
5.25618834758936,603.0,0
5.2562975784361505,603.0,0
5.256406809282942,603.0,0
5.256516040129734,603.0,0
5.256625270976524,603.0,0
5.256734501823316,603.0,0
5.256843732670107,603.0,0
5.256952963516898,603.0,0
5.257062194363689,603.0,0
5.25717142521048,603.0,0
5.257280656057271,603.0,0
5.257389886904062,603.0,0
5.257499117750854,603.0,0
5.257608348597644,603.0,0
5.257717579444436,602.0,0
5.257826810291227,603.0,0
5.257936041138017,603.0,0
5.258045271984809,601.0,0
5.2581545028316,602.0,0
5.258263733678391,602.0,0
5.258372964525182,601.0,0
5.258482195371974,601.0,0
5.258591426218764,602.0,0
5.258700657065555,601.0,0
5.258809887912347,601.0,0
5.258919118759138,602.0,0
5.259028349605929,602.0,0
5.2591375804527205,601.0,0
5.259246811299512,602.0,0
5.259356042146303,603.0,0
5.259465272993094,602.0,0
5.259574503839885,602.0,0
5.259683734686676,603.0,0
5.259792965533467,603.0,0
5.259902196380258,603.0,0
5.26001142722705,603.0,0
5.26012065807384,604.0,0
5.260229888920632,603.0,0
5.260339119767423,604.0,0
5.2604483506142135,604.0,0
5.260557581461005,604.0,0
5.260666812307796,604.0,0
5.260776043154587,604.0,0
5.260885274001378,604.0,0
5.26099450484817,604.0,0
5.26110373569496,604.0,0
5.261212966541752,604.0,0
5.261322197388543,604.0,0
5.261431428235334,604.0,0
5.261540659082126,604.0,0
5.261649889928917,604.0,0
5.261759120775708,604.0,0
5.261868351622499,604.0,0
5.2619775824692905,604.0,0
5.262086813316081,604.0,0
5.262196044162872,604.0,0
5.2623052750096635,605.0,0
5.262414505856454,605.0,0
5.262523736703246,604.0,0
5.2626329675500365,605.0,0
5.262742198396828,606.0,0
5.262851429243619,605.0,0
5.2629606600904095,605.0,0
5.263069890937201,606.0,0
5.263179121783992,606.0,0
5.263288352630783,605.0,0
5.263397583477574,606.0,0
5.263506814324366,606.0,0
5.263616045171156,605.0,0
5.263725276017948,605.0,0
5.263834506864739,606.0,0
5.26394373771153,605.0,0
5.264052968558321,605.0,0
5.264162199405113,605.0,0
5.264271430251904,606.0,0
5.264380661098695,604.0,0
5.2644898919454866,605.0,0
5.264599122792277,606.0,0
5.264708353639068,605.0,0
5.26481758448586,604.0,0
5.26492681533265,606.0,0
5.265036046179442,605.0,0
5.265145277026233,605.0,0
5.265254507873024,605.0,0
5.265363738719815,606.0,0
5.265472969566606,604.0,0
5.265582200413397,605.0,0
5.265691431260188,606.0,0
5.2658006621069795,605.0,0
5.26590989295377,605.0,0
5.266019123800562,606.0,0
5.2661283546473525,606.0,0
5.266237585494144,606.0,0
5.266346816340935,606.0,0
5.266456047187726,607.0,0
5.266565278034518,606.0,0
5.266674508881309,606.0,0
5.2667837397281,607.0,0
5.266892970574891,608.0,0
5.267002201421683,607.0,0
5.267111432268473,608.0,0
5.267220663115264,608.0,0
5.267329893962056,608.0,0
5.267439124808846,608.0,0
5.267548355655638,609.0,0
5.267657586502429,609.0,0
5.26776681734922,609.0,0
5.267876048196011,609.0,0
5.267985279042802,610.0,0
5.268094509889593,609.0,0
5.268203740736384,610.0,0
5.268312971583176,610.0,0
5.268422202429966,611.0,0
5.268531433276758,610.0,0
5.268640664123549,611.0,0
5.26874989497034,611.0,0
5.268859125817131,611.0,0
5.2689683566639225,611.0,0
5.269077587510713,611.0,0
5.269186818357505,611.0,0
5.269296049204296,611.0,0
5.269405280051087,611.0,0
5.269514510897879,611.0,0
5.269623741744669,611.0,0
5.26973297259146,611.0,0
5.269842203438252,611.0,0
5.269951434285042,611.0,0
5.270060665131834,611.0,0
5.270169895978625,611.0,0
5.270279126825416,611.0,0
5.270388357672207,611.0,0
5.270497588518998,611.0,0
5.270606819365789,611.0,0
5.27071605021258,611.0,0
5.270825281059372,610.0,0
5.270934511906162,611.0,0
5.271043742752954,611.0,0
5.271152973599745,610.0,0
5.271262204446536,610.0,0
5.271371435293327,611.0,0
5.271480666140119,610.0,0
5.27158989698691,610.0,0
5.271699127833701,610.0,0
5.2718083586804925,610.0,0
5.271917589527283,609.0,0
5.272026820374075,610.0,0
5.2721360512208655,610.0,0
5.272245282067656,609.0,0
5.272354512914448,610.0,0
5.2724637437612385,610.0,0
5.27257297460803,609.0,0
5.272682205454821,609.0,0
5.272791436301612,610.0,0
5.272900667148403,609.0,0
5.273009897995194,609.0,0
5.273119128841985,609.0,0
5.273228359688776,609.0,0
5.273337590535568,609.0,0
5.273446821382358,608.0,0
5.27355605222915,609.0,0
5.273665283075941,608.0,0
5.273774513922732,608.0,0
5.273883744769523,608.0,0
5.273992975616315,608.0,0
5.274102206463105,608.0,0
5.274211437309897,608.0,0
5.2743206681566885,608.0,0
5.274429899003479,608.0,0
5.274539129850271,608.0,0
5.2746483606970616,608.0,0
5.274757591543852,608.0,0
5.274866822390644,608.0,0
5.274976053237435,608.0,0
5.275085284084226,608.0,0
5.275194514931017,608.0,0
5.2753037457778085,608.0,0
5.275412976624599,609.0,0
5.27552220747139,609.0,0
5.2756314383181815,609.0,0
5.275740669164972,609.0,0
5.275849900011764,609.0,0
5.2759591308585545,609.0,0
5.276068361705346,609.0,0
5.276177592552137,609.0,0
5.276286823398928,609.0,0
5.276396054245719,609.0,0
5.276505285092511,609.0,0
5.276614515939302,609.0,0
5.276723746786093,609.0,0
5.276832977632885,609.0,0
5.276942208479675,609.0,0
5.277051439326467,608.0,0
5.277160670173258,608.0,0
5.277269901020048,608.0,0
5.27737913186684,608.0,0
5.277488362713631,608.0,0
5.277597593560422,608.0,0
5.277706824407213,608.0,0
5.2778160552540045,607.0,0
5.277925286100795,607.0,0
5.278034516947587,607.0,0
5.278143747794378,606.0,0
5.278252978641168,606.0,0
5.27836220948796,606.0,0
5.278471440334751,606.0,0
5.278580671181542,604.0,0
5.278689902028333,605.0,0
5.2787991328751245,605.0,0
5.278908363721915,604.0,0
5.279017594568707,604.0,0
5.2791268254154975,604.0,0
5.279236056262289,604.0,0
5.279345287109081,604.0,0
5.279454517955871,604.0,0
5.279563748802663,604.0,0
5.279672979649454,604.0,0
5.279782210496244,604.0,0
5.279891441343036,604.0,0
5.280000672189827,604.0,0
5.280109903036618,603.0,0
5.280219133883409,604.0,0
5.280328364730201,604.0,0
5.280437595576991,603.0,0
5.280546826423783,603.0,0
5.280656057270574,604.0,0
5.280765288117364,604.0,0
5.280874518964156,603.0,0
5.280983749810947,604.0,0
5.281092980657738,604.0,0
5.281202211504529,604.0,0
5.2813114423513206,604.0,0
5.281420673198111,604.0,0
5.281529904044903,604.0,0
5.2816391348916945,604.0,0
5.281748365738485,605.0,0
5.281857596585277,604.0,0
5.2819668274320675,604.0,0
5.282076058278859,605.0,0
5.28218528912565,605.0,0
5.2822945199724405,605.0,0
5.282403750819232,605.0,0
5.282512981666023,606.0,0
5.282622212512814,606.0,0
5.282731443359605,606.0,0
5.282840674206397,606.0,0
5.282949905053187,606.0,0
5.283059135899979,606.0,0
5.28316836674677,606.0,0
5.28327759759356,607.0,0
5.283386828440352,607.0,0
5.283496059287143,607.0,0
5.283605290133934,607.0,0
5.283714520980725,608.0,0
5.283823751827517,607.0,0
5.283932982674307,608.0,0
5.284042213521099,608.0,0
5.28415144436789,608.0,0
5.284260675214681,607.0,0
5.284369906061473,608.0,0
5.2844791369082635,608.0,0
5.284588367755055,608.0,0
5.284697598601846,608.0,0
5.284806829448637,608.0,0
5.284916060295428,608.0,0
5.285025291142219,608.0,0
5.2851345219890105,608.0,0
5.285243752835801,608.0,0
5.285352983682593,608.0,0
5.2854622145293835,608.0,0
5.285571445376175,608.0,0
5.285680676222966,608.0,0
5.2857899070697565,608.0,0
5.285899137916548,608.0,0
5.286008368763339,608.0,0
5.28611759961013,608.0,0
5.286226830456921,608.0,0
5.286336061303713,608.0,0
5.286445292150503,608.0,0
5.286554522997295,608.0,0
5.286663753844087,608.0,0
5.286772984690877,608.0,0
5.286882215537669,608.0,0
5.28699144638446,608.0,0
5.287100677231251,608.0,0
5.287209908078042,608.0,0
5.287319138924833,609.0,0
5.287428369771624,609.0,0
5.287537600618415,609.0,0
5.2876468314652065,609.0,0
5.287756062311997,609.0,0
5.287865293158789,609.0,0
5.2879745240055795,609.0,0
5.288083754852371,610.0,0
5.288192985699162,610.0,0
5.288302216545953,609.0,0
5.288411447392744,610.0,0
5.288520678239535,611.0,0
5.2886299090863265,611.0,0
5.288739139933117,611.0,0
5.288848370779909,611.0,0
5.2889576016266995,611.0,0
5.289066832473491,611.0,0
5.289176063320282,611.0,0
5.289285294167073,612.0,0
5.289394525013865,612.0,0
5.289503755860656,612.0,0
5.289612986707447,612.0,0
5.289722217554238,612.0,0
5.289831448401029,612.0,0
5.28994067924782,613.0,0
5.290049910094611,614.0,0
5.290159140941403,612.0,0
5.290268371788193,613.0,0
5.290377602634985,614.0,0
5.290486833481776,613.0,0
5.290596064328567,613.0,0
5.290705295175358,614.0,0
5.290814526022149,614.0,0
5.29092375686894,613.0,0
5.291032987715731,614.0,0
5.2911422185625225,614.0,0
5.291251449409313,613.0,0
5.291360680256105,614.0,0
5.2914699111028956,614.0,0
5.291579141949687,613.0,0
5.291688372796479,612.0,0
5.2917976036432695,613.0,0
5.291906834490061,612.0,0
5.292016065336852,612.0,0
5.292125296183643,612.0,0
5.292234527030434,612.0,0
5.292343757877226,611.0,0
5.292452988724016,611.0,0
5.292562219570807,611.0,0
5.292671450417599,611.0,0
5.292780681264389,611.0,0
5.292889912111181,611.0,0
5.292999142957972,611.0,0
5.293108373804763,610.0,0
5.293217604651554,610.0,0
5.293326835498345,610.0,0
5.293436066345136,609.0,0
5.293545297191927,609.0,0
5.293654528038719,609.0,0
5.293763758885509,609.0,0
5.293872989732301,608.0,0
5.293982220579092,608.0,0
5.294091451425883,608.0,0
5.294200682272674,608.0,0
5.2943099131194655,608.0,0
5.294419143966257,608.0,0
5.294528374813048,608.0,0
5.294637605659839,607.0,0
5.29474683650663,607.0,0
5.294856067353422,607.0,0
5.2949652982002124,606.0,0
5.295074529047003,606.0,0
5.295183759893795,606.0,0
5.2952929907405855,606.0,0
5.295402221587377,606.0,0
5.295511452434168,606.0,0
5.295620683280959,607.0,0
5.29572991412775,606.0,0
5.295839144974541,606.0,0
5.295948375821332,607.0,0
5.296057606668123,607.0,0
5.296166837514915,606.0,0
5.296276068361705,606.0,0
5.296385299208497,607.0,0
5.296494530055288,607.0,0
5.296603760902079,607.0,0
5.296712991748871,608.0,0
5.296822222595662,608.0,0
5.296931453442453,608.0,0
5.297040684289244,608.0,0
5.2971499151360355,608.0,0
5.297259145982826,608.0,0
5.297368376829618,608.0,0
5.2974776076764085,609.0,0
5.297586838523199,609.0,0
5.297696069369991,609.0,0
5.2978053002167815,610.0,0
5.297914531063573,610.0,0
5.298023761910364,609.0,0
5.298132992757155,610.0,0
5.298242223603946,611.0,0
5.298351454450737,610.0,0
5.2984606852975284,610.0,0
5.298569916144319,611.0,0
5.298679146991111,611.0,0
5.2987883778379015,610.0,0
5.298897608684693,610.0,0
5.299006839531484,611.0,0
5.299116070378275,610.0,0
5.299225301225066,610.0,0
5.299334532071858,610.0,0
5.299443762918649,610.0,0
5.29955299376544,609.0,0
5.299662224612232,610.0,0
5.299771455459022,610.0,0
5.299880686305814,609.0,0
5.299989917152605,609.0,0
5.300099147999395,610.0,0
5.300208378846187,609.0,0
5.300317609692978,609.0,0
5.300426840539769,609.0,0
5.30053607138656,609.0,0
5.3006453022333515,608.0,0
5.300754533080142,609.0,0
5.300863763926933,609.0,0
5.3009729947737245,608.0,0
5.301082225620515,608.0,0
5.301191456467307,609.0,0
5.3013006873140975,608.0,0
5.301409918160889,608.0,0
5.30151914900768,608.0,0
5.301628379854471,608.0,0
5.301737610701263,608.0,0
5.301846841548054,608.0,0
5.301956072394845,608.0,0
5.302065303241636,608.0,0
5.302174534088428,608.0,0
5.302283764935218,608.0,0
5.30239299578201,608.0,0
5.302502226628801,608.0,0
5.302611457475591,608.0,0
5.302720688322383,608.0,0
5.302829919169174,607.0,0
5.302939150015965,608.0,0
5.303048380862756,607.0,0
5.303157611709548,607.0,0
5.303266842556338,606.0,0
5.303376073403129,607.0,0
5.303485304249921,607.0,0
5.303594535096711,606.0,0
5.303703765943503,606.0,0
5.303812996790294,607.0,0
5.303922227637085,606.0,0
5.304031458483876,606.0,0
5.3041406893306675,606.0,0
5.304249920177458,606.0,0
5.30435915102425,606.0,0
5.304468381871041,607.0,0
5.304577612717832,607.0,0
5.304686843564624,606.0,0
5.304796074411414,606.0,0
5.304905305258206,607.0,0
5.305014536104997,607.0,0
5.3051237669517874,607.0,0
5.305232997798579,607.0,0
5.30534222864537,608.0,0
5.305451459492161,607.0,0
5.305560690338952,608.0,0
5.305669921185744,608.0,0
5.305779152032534,608.0,0
5.305888382879325,608.0,0
5.305997613726117,608.0,0
5.306106844572907,608.0,0
5.306216075419699,608.0,0
5.30632530626649,608.0,0
5.306434537113281,608.0,0
5.306543767960072,608.0,0
5.306652998806864,608.0,0
5.306762229653655,608.0,0
5.306871460500446,608.0,0
5.3069806913472375,608.0,0
5.307089922194028,609.0,0
5.30719915304082,609.0,0
5.3073083838876105,608.0,0
5.307417614734402,608.0,0
5.307526845581193,609.0,0
5.3076360764279835,608.0,0
5.307745307274775,608.0,0
5.307854538121566,609.0,0
5.307963768968357,609.0,0
5.308072999815148,608.0,0
5.30818223066194,609.0,0
5.30829146150873,609.0,0
5.308400692355521,609.0,0
5.308509923202313,609.0,0
5.3086191540491035,609.0,0
5.308728384895895,609.0,0
5.308837615742686,609.0,0
5.308946846589477,609.0,0
5.309056077436268,609.0,0
5.30916530828306,609.0,0
5.30927453912985,609.0,0
5.309383769976642,609.0,0
5.309493000823434,609.0,0
5.309602231670224,609.0,0
5.309711462517016,610.0,0
5.309820693363807,609.0,0
5.309929924210598,609.0,0
5.310039155057389,609.0,0
5.31014838590418,610.0,0
5.310257616750971,609.0,0
5.310366847597762,609.0,0
5.3104760784445535,609.0,0
5.310585309291344,609.0,0
5.310694540138136,609.0,0
5.3108037709849265,609.0,0
5.310913001831717,609.0,0
5.311022232678509,609.0,0
5.3111314635252995,609.0,0
5.311240694372091,609.0,0
5.311349925218882,609.0,0
5.311459156065673,609.0,0
5.311568386912464,609.0,0
5.311677617759256,609.0,0
5.311786848606047,608.0,0
5.311896079452838,609.0,0
5.31200531029963,609.0,0
5.31211454114642,609.0,0
5.312223771993212,609.0,0
5.312333002840003,610.0,0
5.312442233686794,609.0,0
5.312551464533585,610.0,0
5.312660695380376,610.0,0
5.312769926227167,611.0,0
5.312879157073958,611.0,0
5.31298838792075,611.0,0
5.31309761876754,611.0,0
5.313206849614332,611.0,0
5.313316080461123,611.0,0
5.313425311307913,612.0,0
5.313534542154705,612.0,0
5.313643773001496,612.0,0
5.313753003848287,612.0,0
5.313862234695078,613.0,0
5.3139714655418695,612.0,0
5.31408069638866,612.0,0
5.314189927235452,612.0,0
5.3142991580822425,613.0,0
5.314408388929034,612.0,0
5.314517619775826,612.0,0
5.314626850622616,613.0,0
5.314736081469408,612.0,0
5.314845312316199,612.0,0
5.31495454316299,613.0,0
5.315063774009781,612.0,0
5.315173004856572,612.0,0
5.315282235703363,612.0,0
5.315391466550154,612.0,0
5.315500697396946,612.0,0
5.315609928243736,612.0,0
5.315719159090528,612.0,0
5.315828389937319,612.0,0
5.315937620784109,611.0,0
5.316046851630901,612.0,0
5.316156082477692,612.0,0
5.316265313324483,612.0,0
5.316374544171274,612.0,0
5.316483775018066,613.0,0
5.316593005864856,612.0,0
5.316702236711648,612.0,0
5.3168114675584395,612.0,0
5.31692069840523,612.0,0
5.317029929252022,612.0,0
5.3171391600988125,612.0,0
5.317248390945604,612.0,0
5.317357621792395,611.0,0
5.317466852639186,611.0,0
5.317576083485977,611.0,0
5.317685314332768,611.0,0
5.317794545179559,611.0,0
5.31790377602635,611.0,0
5.318013006873142,611.0,0
5.318122237719932,610.0,0
5.318231468566724,610.0,0
5.318340699413515,610.0,0
5.318449930260305,610.0,0
5.318559161107097,609.0,0
5.318668391953888,609.0,0
5.318777622800679,609.0,0
5.31888685364747,609.0,0
5.318996084494262,609.0,0
5.319105315341052,609.0,0
5.319214546187844,609.0,0
5.319323777034635,609.0,0
5.319433007881426,609.0,0
5.319542238728218,610.0,0
5.319651469575009,609.0,0
5.3197607004218,610.0,0
5.319869931268591,610.0,0
5.3199791621153825,610.0,0
5.320088392962173,610.0,0
5.320197623808964,611.0,0
5.3203068546557555,611.0,0
5.320416085502546,611.0,0
5.320525316349338,611.0,0
5.3206345471961285,611.0,0
5.32074377804292,611.0,0
5.320853008889711,611.0,0
5.3209622397365015,611.0,0
5.321071470583293,611.0,0
5.321180701430084,610.0,0
5.321289932276875,610.0,0
5.321399163123666,610.0,0
5.321508393970458,610.0,0
5.321617624817248,609.0,0
5.32172685566404,609.0,0
5.321836086510832,609.0,0
5.321945317357622,608.0,0
5.322054548204414,608.0,0
5.322163779051205,608.0,0
5.322273009897996,608.0,0
5.322382240744787,608.0,0
5.3224914715915785,608.0,0
5.322600702438369,608.0,0
5.32270993328516,608.0,0
5.3228191641319516,608.0,0
5.322928394978742,608.0,0
5.323037625825534,607.0,0
5.323146856672325,607.0,0
5.323256087519116,607.0,0
5.323365318365907,607.0,0
5.3234745492126985,606.0,0
5.323583780059489,606.0,0
5.32369301090628,606.0,0
5.3238022417530715,606.0,0
5.323911472599862,606.0,0
5.324020703446654,606.0,0
5.3241299342934445,606.0,0
5.324239165140236,605.0,0
5.324348395987027,606.0,0
5.324457626833818,605.0,0
5.32456685768061,605.0,0
5.324676088527401,606.0,0
5.324785319374192,606.0,0
5.324894550220983,605.0,0
5.325003781067775,606.0,0
5.325113011914565,606.0,0
5.325222242761356,605.0,0
5.325331473608148,605.0,0
5.325440704454938,606.0,0
5.32554993530173,606.0,0
5.325659166148521,605.0,0
5.325768396995312,606.0,0
5.325877627842103,606.0,0
5.3259868586888945,606.0,0
5.326096089535685,606.0,0
5.326205320382476,606.0,0
5.326314551229268,606.0,0
5.326423782076058,606.0,0
5.32653301292285,607.0,0
5.326642243769641,607.0,0
5.326751474616432,607.0,0
5.326860705463224,607.0,0
5.3269699363100145,608.0,0
5.327079167156806,608.0,0
5.327188398003597,608.0,0
5.327297628850388,608.0,0
5.327406859697179,608.0,0
5.327516090543971,608.0,0
5.327625321390761,608.0,0
5.327734552237552,608.0,0
5.327843783084344,608.0,0
5.327953013931134,608.0,0
5.328062244777926,609.0,0
5.328171475624717,609.0,0
5.328280706471508,609.0,0
5.328389937318299,609.0,0
5.328499168165091,609.0,0
5.328608399011881,609.0,0
5.328717629858672,609.0,0
5.328826860705464,609.0,0
5.328936091552254,610.0,0
5.329045322399046,609.0,0
5.329154553245837,610.0,0
5.329263784092628,610.0,0
5.329373014939419,610.0,0
5.3294822457862105,610.0,0
5.329591476633002,611.0,0
5.329700707479793,610.0,0
5.3298099383265845,610.0,0
5.329919169173375,611.0,0
5.330028400020167,611.0,0
5.3301376308669575,611.0,0
5.330246861713748,611.0,0
5.33035609256054,611.0,0
5.3304653234073305,611.0,0
5.330574554254122,611.0,0
5.330683785100913,611.0,0
5.330793015947704,611.0,0
5.330902246794495,611.0,0
5.331011477641287,611.0,0
5.331120708488077,612.0,0
5.331229939334868,612.0,0
5.33133917018166,612.0,0
5.33144840102845,612.0,0
5.331557631875242,612.0,0
5.331666862722033,612.0,0
5.331776093568824,612.0,0
5.331885324415616,612.0,0
5.331994555262407,612.0,0
5.332103786109198,612.0,0
5.332213016955989,614.0,0
5.3323222478027805,613.0,0
5.332431478649571,613.0,0
5.332540709496363,613.0,0
5.3326499403431535,614.0,0
5.332759171189944,612.0,0
5.332868402036736,613.0,0
5.3329776328835266,614.0,0
5.333086863730318,612.0,0
5.333196094577109,612.0,0
5.3333053254239005,612.0,0
5.333414556270691,612.0,0
5.333523787117483,611.0,0
5.3336330179642735,611.0,0
5.333742248811064,612.0,0
5.333851479657856,611.0,0
5.3339607105046465,611.0,0
5.334069941351438,611.0,0
5.334179172198229,611.0,0
5.33428840304502,610.0,0
5.334397633891811,611.0,0
5.334506864738603,611.0,0
5.334616095585394,610.0,0
5.334725326432185,609.0,0
5.334834557278977,610.0,0
5.334943788125767,609.0,0
5.335053018972559,609.0,0
5.33516224981935,608.0,0
5.33527148066614,609.0,0
5.335380711512932,608.0,0
5.335489942359723,608.0,0
5.335599173206514,608.0,0
5.335708404053305,608.0,0
5.3358176349000965,607.0,0
5.335926865746887,608.0,0
5.336036096593679,608.0,0
5.3361453274404695,607.0,0
5.33625455828726,607.0,0
5.336363789134052,608.0,0
5.336473019980843,607.0,0
5.336582250827634,607.0,0
5.336691481674425,607.0,0
5.3368007125212165,607.0,0
5.336909943368008,606.0,0
5.337019174214799,607.0,0
5.33712840506159,607.0,0
5.337237635908381,607.0,0
5.337346866755173,606.0,0
5.337456097601963,607.0,0
5.337565328448755,606.0,0
5.337674559295546,606.0,0
5.337783790142336,606.0,0
5.337893020989128,606.0,0
5.338002251835919,606.0,0
5.33811148268271,606.0,0
5.338220713529501,606.0,0
5.338329944376293,605.0,0
5.338439175223083,604.0,0
5.338548406069875,604.0,0
5.338657636916666,604.0,0
5.338766867763456,604.0,0
5.338876098610248,604.0,0
5.338985329457039,604.0,0
5.33909456030383,604.0,0
5.339203791150621,604.0,0
5.3393130219974125,604.0,0
5.339422252844203,604.0,0
5.339531483690995,603.0,0
5.339640714537786,604.0,0
5.339749945384577,604.0,0
5.339859176231369,604.0,0
5.3399684070781595,603.0,0
5.340077637924951,604.0,0
5.340186868771742,604.0,0
5.340296099618533,604.0,0
5.340405330465324,604.0,0
5.340514561312115,604.0,0
5.340623792158906,604.0,0
5.340733023005697,604.0,0
5.340842253852489,604.0,0
5.340951484699279,604.0,0
5.341060715546071,604.0,0
5.341169946392862,604.0,0
5.341279177239652,604.0,0
5.341388408086444,604.0,0
5.341497638933235,604.0,0
5.341606869780026,605.0,0
5.341716100626817,604.0,0
5.341825331473609,604.0,0
5.3419345623204,605.0,0
5.342043793167191,606.0,0
5.3421530240139825,604.0,0
5.342262254860773,605.0,0
5.342371485707565,605.0,0
5.3424807165543555,605.0,0
5.342589947401147,605.0,0
5.342699178247938,606.0,0
5.342808409094729,605.0,0
5.34291763994152,605.0,0
5.343026870788311,605.0,0
5.343136101635102,606.0,0
5.343245332481893,604.0,0
5.343354563328685,605.0,0
5.3434637941754755,606.0,0
5.343573025022267,605.0,0
5.343682255869058,604.0,0
5.3437914867158485,605.0,0
5.34390071756264,606.0,0
5.344009948409431,605.0,0
5.344119179256222,605.0,0
5.344228410103013,606.0,0
5.344337640949805,605.0,0
5.344446871796595,606.0,0
5.344556102643387,606.0,0
5.344665333490179,606.0,0
5.344774564336969,606.0,0
5.344883795183761,606.0,0
5.344993026030552,606.0,0
5.345102256877343,606.0,0
5.345211487724134,606.0,0
5.3453207185709255,607.0,0
5.345429949417716,607.0,0
5.345539180264507,606.0,0
5.3456484111112985,607.0,0
5.345757641958089,608.0,0
5.345866872804881,607.0,0
5.3459761036516715,607.0,0
5.346085334498463,608.0,0
5.346194565345254,607.0,0
5.3463037961920445,607.0,0
5.346413027038836,608.0,0
5.346522257885627,608.0,0
5.3466314887324184,608.0,0
5.346740719579209,608.0,0
5.346849950426001,608.0,0
5.346959181272792,608.0,0
5.347068412119583,608.0,0
5.347177642966375,608.0,0
5.347286873813165,608.0,0
5.347396104659957,608.0,0
5.347505335506748,608.0,0
5.347614566353539,608.0,0
5.34772379720033,607.0,0
5.347833028047122,607.0,0
5.347942258893912,608.0,0
5.348051489740703,607.0,0
5.348160720587495,607.0,0
5.348269951434285,607.0,0
5.348379182281077,607.0,0
5.348488413127868,606.0,0
5.348597643974659,606.0,0
5.34870687482145,606.0,0
5.348816105668241,606.0,0
5.348925336515032,606.0,0
5.349034567361823,606.0,0
5.3491437982086145,606.0,0
5.349253029055405,606.0,0
5.349362259902197,605.0,0
5.3494714907489875,606.0,0
5.349580721595779,605.0,0
5.349689952442571,605.0,0
5.349799183289361,605.0,0
5.349908414136153,605.0,0
5.350017644982944,604.0,0
5.350126875829735,604.0,0
5.350236106676526,604.0,0
5.350345337523318,604.0,0
5.350454568370108,604.0,0
5.350563799216899,604.0,0
5.350673030063691,604.0,0
5.350782260910481,604.0,0
5.350891491757273,604.0,0
5.351000722604064,604.0,0
5.351109953450855,604.0,0
5.351219184297646,604.0,0
5.351328415144437,604.0,0
5.351437645991228,604.0,0
5.351546876838019,603.0,0
5.351656107684811,604.0,0
5.351765338531601,604.0,0
5.351874569378393,603.0,0
5.3519838002251845,603.0,0
5.352093031071975,604.0,0
5.352202261918767,603.0,0
5.3523114927655575,603.0,0
5.352420723612349,603.0,0
5.35252995445914,604.0,0
5.352639185305931,603.0,0
5.352748416152722,603.0,0
5.352857646999514,604.0,0
5.352966877846304,603.0,0
5.353076108693095,603.0,0
5.353185339539887,604.0,0
5.353294570386677,603.0,0
5.353403801233469,603.0,0
5.35351303208026,603.0,0
5.353622262927051,604.0,0
5.353731493773842,603.0,0
5.353840724620633,604.0,0
5.353949955467424,604.0,0
5.354059186314215,604.0,0
5.354168417161007,604.0,0
5.354277648007797,604.0,0
5.354386878854589,604.0,0
5.35449610970138,604.0,0
5.354605340548171,604.0,0
5.354714571394963,604.0,0
5.354823802241754,604.0,0
5.354933033088545,604.0,0
5.355042263935336,605.0,0
5.3551514947821275,605.0,0
5.355260725628918,604.0,0
5.35536995647571,605.0,0
5.3554791873225005,605.0,0
5.355588418169291,605.0,0
5.355697649016083,605.0,0
5.3558068798628735,606.0,0
5.355916110709665,605.0,0
5.356025341556456,606.0,0
5.356134572403247,606.0,0
5.356243803250038,606.0,0
5.356353034096829,606.0,0
5.35646226494362,607.0,0
5.356571495790411,607.0,0
5.356680726637203,607.0,0
5.3567899574839934,607.0,0
5.356899188330785,608.0,0
5.357008419177577,608.0,0
5.357117650024367,608.0,0
5.357226880871159,608.0,0
5.35733611171795,608.0,0
5.357445342564741,608.0,0
5.357554573411532,608.0,0
5.357663804258324,608.0,0
5.357773035105114,608.0,0
5.357882265951906,608.0,0
5.357991496798697,609.0,0
5.358100727645487,609.0,0
5.358209958492279,608.0,0
5.35831918933907,608.0,0
5.358428420185861,609.0,0
5.358537651032652,608.0,0
5.3586468818794435,609.0,0
5.358756112726234,608.0,0
5.358865343573025,608.0,0
5.3589745744198165,608.0,0
5.359083805266607,608.0,0
5.359193036113399,609.0,0
5.3593022669601895,608.0,0
5.359411497806981,608.0,0
5.359520728653772,609.0,0
5.359629959500563,608.0,0
5.359739190347355,609.0,0
5.359848421194146,609.0,0
5.359957652040937,608.0,0
5.360066882887728,608.0,0
5.36017611373452,608.0,0
5.36028534458131,608.0,0
5.360394575428102,608.0,0
5.360503806274893,608.0,0
5.360613037121683,608.0,0
5.360722267968475,608.0,0
5.360831498815266,608.0,0
5.360940729662057,608.0,0
5.361049960508848,608.0,0
5.36115919135564,608.0,0
5.36126842220243,608.0,0
5.361377653049221,608.0,0
5.361486883896013,608.0,0
5.361596114742803,608.0,0
5.361705345589595,608.0,0
5.361814576436386,608.0,0
5.361923807283177,608.0,0
5.362033038129969,608.0,0
5.3621422689767595,607.0,0
5.362251499823551,608.0,0
5.362360730670342,608.0,0
5.362469961517133,607.0,0
5.362579192363924,608.0,0
5.362688423210716,608.0,0
5.362797654057506,608.0,0
5.362906884904298,607.0,0
5.363016115751089,608.0,0
5.363125346597879,608.0,0
5.363234577444671,607.0,0
5.363343808291462,607.0,0
5.363453039138253,608.0,0
5.363562269985044,607.0,0
5.363671500831836,607.0,0
5.363780731678626,607.0,0
5.363889962525417,607.0,0
5.363999193372209,606.0,0
5.364108424218999,606.0,0
5.364217655065791,607.0,0
5.364326885912582,606.0,0
5.364436116759373,606.0,0
5.364545347606164,607.0,0
5.364654578452956,606.0,0
5.364763809299747,606.0,0
5.364873040146538,606.0,0
5.3649822709933295,606.0,0
5.36509150184012,606.0,0
5.365200732686912,606.0,0
5.3653099635337025,606.0,0
5.365419194380494,606.0,0
5.365528425227285,606.0,0
5.3656376560740755,607.0,0
5.365746886920867,606.0,0
5.365856117767658,606.0,0
5.365965348614449,606.0,0
5.36607457946124,607.0,0
5.366183810308032,606.0,0
5.366293041154822,607.0,0
5.366402272001613,607.0,0
5.366511502848405,607.0,0
5.366620733695195,606.0,0
5.366729964541987,607.0,0
5.366839195388778,607.0,0
5.366948426235569,606.0,0
5.367057657082361,606.0,0
5.367166887929152,607.0,0
5.367276118775943,606.0,0
5.367385349622734,606.0,0
5.3674945804695255,606.0,0
5.367603811316316,606.0,0
5.367713042163108,606.0,0
5.367822273009899,605.0,0
5.36793150385669,605.0,0
5.368040734703481,605.0,0
5.368149965550272,604.0,0
5.368259196397063,604.0,0
5.368368427243854,604.0,0
5.3684776580906455,604.0,0
5.368586888937436,604.0,0
5.368696119784228,604.0,0
5.3688053506310185,604.0,0
5.36891458147781,603.0,0
5.369023812324601,603.0,0
5.3691330431713915,603.0,0
5.369242274018183,603.0,0
5.369351504864974,603.0,0
5.369460735711765,603.0,0
5.369569966558556,602.0,0
5.369679197405348,601.0,0
5.369788428252139,603.0,0
5.36989765909893,602.0,0
5.370006889945722,601.0,0
5.370116120792512,601.0,0
5.370225351639304,602.0,0
5.370334582486095,601.0,0
5.370443813332886,601.0,0
5.370553044179677,602.0,0
5.370662275026468,601.0,0
5.370771505873259,601.0,0
5.37088073672005,602.0,0
5.3709899675668415,601.0,0
5.371099198413632,601.0,0
5.371208429260424,601.0,0
5.371317660107215,602.0,0
5.371426890954006,601.0,0
5.371536121800797,601.0,0
5.371645352647588,601.0,0
5.371754583494379,601.0,0
5.37186381434117,601.0,0
5.3719730451879615,601.0,0
5.372082276034753,601.0,0
5.372191506881544,601.0,0
5.372300737728335,601.0,0
5.372409968575126,601.0,0
5.372519199421918,600.0,0
5.372628430268708,600.0,0
5.3727376611155,601.0,0
5.372846891962291,601.0,0
5.372956122809082,600.0,0
5.373065353655873,600.0,0
5.373174584502664,601.0,0
5.373283815349455,600.0,0
5.373393046196246,600.0,0
5.373502277043038,601.0,0
5.373611507889828,600.0,0
5.37372073873662,600.0,0
5.373829969583411,600.0,0
5.373939200430202,601.0,0
5.374048431276993,600.0,0
5.374157662123784,600.0,0
5.374266892970575,601.0,0
5.374376123817366,600.0,0
5.3744853546641576,601.0,0
5.374594585510948,601.0,0
5.37470381635774,601.0,0
5.3748130472045315,601.0,0
5.374922278051322,601.0,0
5.375031508898114,603.0,0
5.3751407397449045,602.0,0
5.375249970591696,603.0,0
5.375359201438487,603.0,0
5.375468432285278,604.0,0
5.375577663132069,603.0,0
5.37568689397886,604.0,0
5.375796124825651,604.0,0
5.375905355672442,604.0,0
5.376014586519234,604.0,0
5.376123817366024,604.0,0
5.376233048212816,604.0,0
5.376342279059607,604.0,0
5.376451509906398,604.0,0
5.376560740753189,605.0,0
5.37666997159998,604.0,0
5.376779202446771,604.0,0
5.376888433293562,605.0,0
5.376997664140354,605.0,0
5.377106894987145,605.0,0
5.377216125833936,606.0,0
5.3773253566807275,606.0,0
5.377434587527518,605.0,0
5.37754381837431,605.0,0
5.3776530492211005,606.0,0
5.377762280067892,606.0,0
5.377871510914683,606.0,0
5.3779807417614744,606.0,0
5.378089972608265,606.0,0
5.378199203455056,606.0,0
5.3783084343018475,606.0,0
5.378417665148638,607.0,0
5.37852689599543,607.0,0
5.3786361268422205,607.0,0
5.378745357689012,607.0,0
5.378854588535803,607.0,0
5.378963819382594,607.0,0
5.379073050229385,608.0,0
5.379182281076176,608.0,0
5.379291511922967,607.0,0
5.379400742769758,608.0,0
5.37950997361655,608.0,0
5.37961920446334,607.0,0
5.379728435310132,607.0,0
5.379837666156924,608.0,0
5.379946897003714,607.0,0
5.380056127850506,607.0,0
5.380165358697297,607.0,0
5.380274589544088,608.0,0
5.380383820390879,606.0,0
5.3804930512376705,607.0,0
5.380602282084461,607.0,0
5.380711512931252,606.0,0
5.3808207437780435,606.0,0
5.380929974624834,606.0,0
5.381039205471626,606.0,0
5.3811484363184166,606.0,0
5.381257667165208,606.0,0
5.381366898011999,606.0,0
5.3814761288587905,605.0,0
5.381585359705581,605.0,0
5.381694590552372,605.0,0
5.3818038213991635,604.0,0
5.381913052245954,604.0,0
5.382022283092746,605.0,0
5.382131513939537,604.0,0
5.382240744786328,604.0,0
5.38234997563312,604.0,0
5.38245920647991,604.0,0
5.382568437326702,604.0,0
5.382677668173493,604.0,0
5.382786899020284,604.0,0
5.382896129867075,604.0,0
5.383005360713867,604.0,0
5.383114591560657,604.0,0
5.383223822407448,604.0,0
5.38333305325424,604.0,0
5.38344228410103,604.0,0
5.383551514947822,604.0,0
5.383660745794613,604.0,0
5.383769976641404,604.0,0
5.383879207488195,604.0,0
5.3839884383349865,604.0,0
5.384097669181777,604.0,0
5.384206900028568,604.0,0
5.3843161308753595,604.0,0
5.38442536172215,604.0,0
5.384534592568942,604.0,0
5.3846438234157326,604.0,0
5.384753054262524,604.0,0
5.384862285109316,604.0,0
5.3849715159561065,604.0,0
5.385080746802898,604.0,0
5.385189977649689,604.0,0
5.38529920849648,604.0,0
5.385408439343271,604.0,0
5.385517670190063,604.0,0
5.385626901036853,604.0,0
5.385736131883645,604.0,0
5.385845362730436,604.0,0
5.385954593577226,604.0,0
5.386063824424018,604.0,0
5.386173055270809,604.0,0
5.3862822861176,604.0,0
5.386391516964391,603.0,0
5.386500747811183,604.0,0
5.386609978657973,604.0,0
5.386719209504764,603.0,0
5.386828440351556,603.0,0
5.386937671198346,603.0,0
5.387046902045138,603.0,0
5.3871561328919295,603.0,0
5.38726536373872,603.0,0
5.387374594585512,603.0,0
5.3874838254323025,602.0,0
5.387593056279094,602.0,0
5.387702287125885,603.0,0
5.387811517972676,602.0,0
5.387920748819467,602.0,0
5.388029979666259,603.0,0
5.3881392105130494,603.0,0
5.388248441359841,602.0,0
5.388357672206632,603.0,0
5.3884669030534225,603.0,0
5.388576133900214,603.0,0
5.388685364747005,602.0,0
5.388794595593796,603.0,0
5.388903826440587,603.0,0
5.389013057287379,603.0,0
5.389122288134169,603.0,0
5.38923151898096,603.0,0
5.389340749827752,603.0,0
5.389449980674542,603.0,0
5.389559211521334,603.0,0
5.389668442368125,603.0,0
5.389777673214916,603.0,0
5.389886904061708,603.0,0
5.389996134908499,603.0,0
5.39010536575529,602.0,0
5.390214596602081,603.0,0
5.3903238274488725,604.0,0
5.390433058295663,603.0,0
5.390542289142455,603.0,0
5.3906515199892455,604.0,0
5.390760750836037,604.0,0
5.390869981682828,603.0,0
5.3909792125296185,604.0,0
5.39108844337641,604.0,0
5.391197674223201,604.0,0
5.391306905069992,604.0,0
5.391416135916783,604.0,0
5.391525366763575,604.0,0
5.3916345976103655,604.0,0
5.391743828457156,604.0,0
5.391853059303948,604.0,0
5.3919622901507385,604.0,0
5.39207152099753,604.0,0
5.392180751844322,604.0,0
5.392289982691112,603.0,0
5.392399213537904,603.0,0
5.392508444384695,604.0,0
5.392617675231486,603.0,0
5.392726906078277,603.0,0
5.392836136925069,603.0,0
5.392945367771859,603.0,0
5.393054598618651,601.0,0
5.393163829465442,601.0,0
5.393273060312233,602.0,0
5.393382291159024,601.0,0
5.393491522005815,600.0,0
5.393600752852606,601.0,0
5.393709983699397,601.0,0
5.3938192145461885,600.0,0
5.393928445392979,601.0,0
5.394037676239771,601.0,0
5.3941469070865615,600.0,0
5.394256137933352,600.0,0
5.394365368780144,601.0,0
5.3944745996269345,600.0,0
5.394583830473726,600.0,0
5.394693061320517,600.0,0
5.394802292167308,600.0,0
5.3949115230141,600.0,0
5.395020753860891,600.0,0
5.395129984707682,600.0,0
5.395239215554473,600.0,0
5.395348446401265,600.0,0
5.395457677248055,600.0,0
5.395566908094847,600.0,0
5.395676138941638,600.0,0
5.395785369788429,600.0,0
5.39589460063522,600.0,0
5.396003831482011,600.0,0
5.396113062328802,600.0,0
5.396222293175593,600.0,0
5.396331524022385,600.0,0
5.396440754869175,600.0,0
5.396549985715967,600.0,0
5.396659216562758,600.0,0
5.396768447409548,600.0,0
5.39687767825634,600.0,0
5.396986909103131,600.0,0
5.397096139949922,600.0,0
5.397205370796714,599.0,0
5.3973146016435045,600.0,0
5.397423832490296,600.0,0
5.397533063337087,599.0,0
5.397642294183878,599.0,0
5.397751525030669,599.0,0
5.397860755877461,599.0,0
5.397969986724251,599.0,0
5.398079217571043,599.0,0
5.398188448417834,599.0,0
5.398297679264625,598.0,0
5.398406910111416,599.0,0
5.398516140958207,599.0,0
5.398625371804998,598.0,0
5.398734602651789,598.0,0
5.398843833498581,599.0,0
5.398953064345371,598.0,0
5.399062295192163,598.0,0
5.399171526038954,599.0,0
5.399280756885744,599.0,0
5.399389987732536,599.0,0
5.399499218579327,600.0,0
5.399608449426118,600.0,0
5.399717680272909,600.0,0
5.399826911119701,600.0,0
5.399936141966492,600.0,0
5.400045372813283,600.0,0
5.4001546036600745,600.0,0
5.400263834506865,600.0,0
5.400373065353657,600.0,0
5.4004822962004475,600.0,0
5.400591527047239,600.0,0
5.40070075789403,601.0,0
5.400809988740821,601.0,0
5.400919219587612,601.0,0
5.401028450434403,602.0,0
5.401137681281194,601.0,0
5.401246912127985,601.0,0
5.401356142974777,601.0,0
5.401465373821567,603.0,0
5.401574604668359,602.0,0
5.40168383551515,602.0,0
5.4017930663619405,603.0,0
5.401902297208732,603.0,0
5.402011528055523,603.0,0
5.402120758902314,604.0,0
5.402229989749106,604.0,0
5.402339220595897,604.0,0
5.402448451442688,604.0,0
5.40255768228948,604.0,0
5.402666913136271,604.0,0
5.402776143983061,604.0,0
5.402885374829853,604.0,0
5.402994605676644,604.0,0
5.403103836523435,604.0,0
5.403213067370226,604.0,0
5.4033222982170175,604.0,0
5.403431529063808,605.0,0
5.403540759910599,604.0,0
5.4036499907573905,605.0,0
5.403759221604181,605.0,0
5.403868452450973,604.0,0
5.4039776832977635,604.0,0
5.404086914144555,605.0,0
5.404196144991346,604.0,0
5.4043053758381365,604.0,0
5.404414606684928,604.0,0
5.404523837531719,604.0,0
5.40463306837851,604.0,0
5.404742299225301,604.0,0
5.404851530072093,604.0,0
5.404960760918884,604.0,0
5.405069991765675,603.0,0
5.405179222612467,604.0,0
5.405288453459257,603.0,0
5.405397684306049,603.0,0
5.40550691515284,603.0,0
5.405616145999631,603.0,0
5.405725376846422,602.0,0
5.405834607693214,602.0,0
5.405943838540004,602.0,0
5.406053069386795,602.0,0
5.406162300233587,601.0,0
5.406271531080377,602.0,0
5.406380761927169,601.0,0
5.40648999277396,601.0,0
5.406599223620751,601.0,0
5.406708454467542,601.0,0
5.406817685314333,601.0,0
5.406926916161124,600.0,0
5.407036147007915,601.0,0
5.4071453778547065,601.0,0
5.407254608701498,600.0,0
5.407363839548289,600.0,0
5.40747307039508,600.0,0
5.407582301241872,600.0,0
5.407691532088663,600.0,0
5.407800762935453,600.0,0
5.407909993782245,600.0,0
5.408019224629036,600.0,0
5.408128455475827,600.0,0
5.408237686322618,600.0,0
5.40834691716941,600.0,0
5.4084561480162,600.0,0
5.408565378862991,601.0,0
5.408674609709783,600.0,0
5.408783840556573,600.0,0
5.408893071403365,601.0,0
5.409002302250156,601.0,0
5.409111533096947,600.0,0
5.409220763943738,600.0,0
5.409329994790529,601.0,0
5.40943922563732,600.0,0
5.409548456484111,600.0,0
5.409657687330903,600.0,0
5.409766918177693,600.0,0
5.409876149024485,600.0,0
5.4099853798712765,600.0,0
5.410094610718067,600.0,0
5.410203841564859,600.0,0
5.4103130724116495,600.0,0
5.410422303258441,600.0,0
5.410531534105232,600.0,0
5.410640764952023,599.0,0
5.410749995798814,599.0,0
5.410859226645606,600.0,0
5.410968457492396,598.0,0
5.411077688339187,598.0,0
5.411186919185979,598.0,0
5.411296150032769,598.0,0
5.411405380879561,598.0,0
5.411514611726352,598.0,0
5.411623842573143,598.0,0
5.411733073419934,598.0,0
5.411842304266725,598.0,0
5.411951535113516,598.0,0
5.412060765960307,598.0,0
5.412169996807099,598.0,0
5.41227922765389,598.0,0
5.412388458500681,598.0,0
5.4124976893474726,598.0,0
5.412606920194264,599.0,0
5.412716151041055,600.0,0
5.412825381887846,600.0,0
5.412934612734637,600.0,0
5.413043843581428,600.0,0
5.4131530744282195,600.0,0
5.41326230527501,600.0,0
5.413371536121802,600.0,0
5.4134807669685925,601.0,0
5.413589997815383,600.0,0
5.413699228662175,601.0,0
5.4138084595089655,601.0,0
5.413917690355757,601.0,0
5.414026921202548,601.0,0
5.414136152049339,603.0,0
5.41424538289613,602.0,0
5.414354613742921,602.0,0
5.414463844589712,603.0,0
5.414573075436503,603.0,0
5.414682306283295,603.0,0
5.414791537130085,603.0,0
5.414900767976877,604.0,0
5.415009998823669,604.0,0
5.415119229670459,603.0,0
5.415228460517251,604.0,0
5.415337691364042,604.0,0
5.415446922210833,603.0,0
5.415556153057624,603.0,0
5.4156653839044155,604.0,0
5.415774614751206,603.0,0
5.415883845597998,603.0,0
5.415993076444789,604.0,0
5.416102307291579,604.0,0
5.416211538138371,603.0,0
5.416320768985162,603.0,0
5.416429999831953,603.0,0
5.416539230678744,603.0,0
5.4166484615255355,602.0,0
5.416757692372326,603.0,0
5.416866923219118,601.0,0
5.4169761540659085,601.0,0
5.417085384912699,603.0,0
5.417194615759491,601.0,0
5.417303846606282,601.0,0
5.417413077453073,602.0,0
5.417522308299865,601.0,0
5.417631539146656,601.0,0
5.417740769993447,602.0,0
5.417850000840238,601.0,0
5.417959231687029,601.0,0
5.41806846253382,601.0,0
5.418177693380612,603.0,0
5.418286924227402,602.0,0
5.418396155074194,601.0,0
5.418505385920985,603.0,0
5.418614616767775,603.0,0
5.418723847614567,602.0,0
5.418833078461358,603.0,0
5.418942309308149,603.0,0
5.41905154015494,603.0,0
5.4191607710017315,603.0,0
5.419270001848522,604.0,0
5.419379232695314,604.0,0
5.419488463542105,603.0,0
5.419597694388895,604.0,0
5.419706925235687,604.0,0
5.419816156082478,604.0,0
5.419925386929269,604.0,0
5.420034617776061,604.0,0
5.4201438486228515,604.0,0
5.420253079469643,604.0,0
5.420362310316434,604.0,0
5.420471541163225,604.0,0
5.420580772010016,604.0,0
5.420690002856808,604.0,0
5.420799233703598,604.0,0
5.42090846455039,603.0,0
5.421017695397181,603.0,0
5.421126926243971,604.0,0
5.421236157090763,603.0,0
5.421345387937554,603.0,0
5.421454618784345,603.0,0
5.421563849631136,603.0,0
5.421673080477928,602.0,0
5.421782311324718,602.0,0
5.42189154217151,603.0,0
5.422000773018301,602.0,0
5.422110003865091,602.0,0
5.422219234711883,602.0,0
5.4223284655586745,602.0,0
5.422437696405465,601.0,0
5.422546927252257,602.0,0
5.422656158099048,603.0,0
5.422765388945839,601.0,0
5.42287461979263,601.0,0
5.4229838506394215,603.0,0
5.423093081486212,602.0,0
5.423202312333004,601.0,0
5.4233115431797945,602.0,0
5.423420774026586,603.0,0
5.423530004873377,601.0,0
5.4236392357201675,601.0,0
5.423748466566959,603.0,0
5.42385769741375,602.0,0
5.423966928260541,601.0,0
5.424076159107332,602.0,0
5.424185389954124,603.0,0
5.424294620800914,602.0,0
5.424403851647706,601.0,0
5.424513082494497,603.0,0
5.424622313341287,602.0,0
5.424731544188079,602.0,0
5.42484077503487,602.0,0
5.424950005881661,603.0,0
5.425059236728453,603.0,0
5.425168467575244,603.0,0
5.425277698422035,604.0,0
5.425386929268826,604.0,0
5.4254961601156175,603.0,0
5.425605390962408,604.0,0
5.4257146218092,604.0,0
5.4258238526559905,604.0,0
5.425933083502782,604.0,0
5.426042314349573,604.0,0
5.426151545196364,604.0,0
5.426260776043155,604.0,0
5.426370006889946,604.0,0
5.4264792377367375,604.0,0
5.426588468583528,604.0,0
5.42669769943032,604.0,0
5.4268069302771105,604.0,0
5.426916161123902,604.0,0
5.427025391970693,604.0,0
5.4271346228174835,604.0,0
5.427243853664275,604.0,0
5.427353084511067,604.0,0
5.427462315357857,603.0,0
5.427571546204649,603.0,0
5.427680777051441,603.0,0
5.427790007898231,603.0,0
5.427899238745022,603.0,0
5.428008469591814,603.0,0
5.428117700438604,602.0,0
5.428226931285396,602.0,0
5.428336162132187,602.0,0
5.428445392978978,603.0,0
5.428554623825769,602.0,0
5.42866385467256,602.0,0
5.428773085519351,602.0,0
5.428882316366142,602.0,0
5.4289915472129335,602.0,0
5.429100778059724,602.0,0
5.429210008906516,602.0,0
5.4293192397533065,602.0,0
5.429428470600098,601.0,0
5.429537701446889,602.0,0
5.42964693229368,601.0,0
5.429756163140471,601.0,0
5.429865393987262,601.0,0
5.4299746248340535,601.0,0
5.430083855680845,601.0,0
5.430193086527636,601.0,0
5.430302317374427,601.0,0
5.430411548221218,601.0,0
5.43052077906801,601.0,0
5.4306300099148,601.0,0
5.430739240761592,601.0,0
5.430848471608383,601.0,0
5.430957702455174,601.0,0
5.431066933301965,600.0,0
5.431176164148757,600.0,0
5.431285394995547,600.0,0
5.431394625842338,600.0,0
5.43150385668913,600.0,0
5.43161308753592,600.0,0
5.431722318382712,600.0,0
5.431831549229503,600.0,0
5.431940780076294,600.0,0
5.432050010923085,600.0,0
5.432159241769876,599.0,0
5.432268472616667,598.0,0
5.432377703463459,598.0,0
5.4324869343102495,598.0,0
5.432596165157041,598.0,0
5.432705396003833,598.0,0
5.432814626850623,597.0,0
5.432923857697414,596.0,0
5.433033088544206,596.0,0
5.4331423193909965,596.0,0
5.433251550237788,596.0,0
5.433360781084579,595.0,0
5.43347001193137,595.0,0
5.433579242778161,595.0,0
5.433688473624953,595.0,0
5.433797704471743,595.0,0
5.433906935318534,595.0,0
5.434016166165326,594.0,0
5.434125397012116,594.0,0
5.434234627858908,594.0,0
5.434343858705699,594.0,0
5.43445308955249,593.0,0
5.434562320399281,594.0,0
5.434671551246072,594.0,0
5.434780782092863,593.0,0
5.434890012939654,594.0,0
5.434999243786446,594.0,0
5.435108474633237,594.0,0
5.435217705480028,594.0,0
5.4353269363268195,595.0,0
5.43543616717361,595.0,0
5.435545398020402,595.0,0
5.4356546288671925,595.0,0
5.435763859713984,595.0,0
5.435873090560775,595.0,0
5.435982321407566,595.0,0
5.436091552254357,595.0,0
5.436200783101149,595.0,0
5.4363100139479394,595.0,0
5.43641924479473,595.0,0
5.436528475641522,595.0,0
5.4366377064883125,595.0,0
5.436746937335104,595.0,0
5.436856168181895,595.0,0
5.436965399028686,595.0,0
5.437074629875477,595.0,0
5.437183860722268,595.0,0
5.437293091569059,595.0,0
5.437402322415851,595.0,0
5.437511553262642,595.0,0
5.437620784109433,595.0,0
5.437730014956225,595.0,0
5.437839245803016,595.0,0
5.437948476649806,595.0,0
5.438057707496598,595.0,0
5.438166938343389,595.0,0
5.43827616919018,595.0,0
5.438385400036971,595.0,0
5.4384946308837625,595.0,0
5.438603861730553,595.0,0
5.438713092577345,595.0,0
5.4388223234241355,595.0,0
5.438931554270926,595.0,0
5.439040785117718,595.0,0
5.4391500159645085,595.0,0
5.4392592468113,595.0,0
5.439368477658091,595.0,0
5.439477708504882,595.0,0
5.439586939351673,595.0,0
5.439696170198464,595.0,0
5.4398054010452555,596.0,0
5.439914631892046,595.0,0
5.440023862738838,595.0,0
5.440133093585629,596.0,0
5.44024232443242,596.0,0
5.440351555279212,596.0,0
5.440460786126002,596.0,0
5.440570016972794,596.0,0
5.440679247819585,596.0,0
5.440788478666376,596.0,0
5.440897709513167,596.0,0
5.441006940359959,596.0,0
5.441116171206749,596.0,0
5.441225402053541,596.0,0
5.441334632900332,597.0,0
5.441443863747122,597.0,0
5.441553094593914,597.0,0
5.441662325440705,598.0,0
5.441771556287496,598.0,0
5.441880787134287,598.0,0
5.4419900179810785,598.0,0
5.442099248827869,598.0,0
5.44220847967466,598.0,0
5.4423177105214515,598.0,0
5.442426941368243,598.0,0
5.442536172215034,598.0,0
5.442645403061825,598.0,0
5.442754633908617,598.0,0
5.442863864755408,599.0,0
5.442973095602198,598.0,0
5.44308232644899,598.0,0
5.443191557295781,599.0,0
5.443300788142572,599.0,0
5.443410018989363,599.0,0
5.443519249836155,599.0,0
5.443628480682945,599.0,0
5.443737711529737,599.0,0
5.443846942376528,598.0,0
5.443956173223318,599.0,0
5.44406540407011,598.0,0
5.444174634916901,598.0,0
5.444283865763692,598.0,0
5.444393096610483,599.0,0
5.444502327457275,598.0,0
5.444611558304065,599.0,0
5.444720789150856,599.0,0
5.444830019997648,599.0,0
5.444939250844438,599.0,0
5.44504848169123,599.0,0
5.4451577125380215,599.0,0
5.445266943384812,599.0,0
5.445376174231604,599.0,0
5.4454854050783945,599.0,0
5.445594635925186,599.0,0
5.445703866771977,599.0,0
5.445813097618768,599.0,0
5.445922328465559,599.0,0
5.446031559312351,598.0,0
5.446140790159141,598.0,0
5.446250021005933,598.0,0
5.446359251852724,598.0,0
5.4464684826995144,598.0,0
5.446577713546306,598.0,0
5.446686944393097,598.0,0
5.446796175239888,598.0,0
5.446905406086679,598.0,0
5.447014636933471,598.0,0
5.447123867780261,598.0,0
5.447233098627052,598.0,0
5.447342329473844,598.0,0
5.447451560320635,598.0,0
5.447560791167426,598.0,0
5.447670022014218,598.0,0
5.447779252861009,598.0,0
5.4478884837078,598.0,0
5.4479977145545915,597.0,0
5.448106945401382,598.0,0
5.448216176248173,598.0,0
5.4483254070949645,596.0,0
5.448434637941755,597.0,0
5.448543868788547,598.0,0
5.4486530996353375,596.0,0
5.448762330482129,596.0,0
5.44887156132892,596.0,0
5.4489807921757105,596.0,0
5.449090023022502,595.0,0
5.449199253869293,596.0,0
5.449308484716084,595.0,0
5.449417715562875,595.0,0
5.449526946409667,595.0,0
5.449636177256457,595.0,0
5.449745408103248,595.0,0
5.44985463895004,595.0,0
5.4499638697968305,595.0,0
5.450073100643622,595.0,0
5.450182331490414,595.0,0
5.450291562337204,595.0,0
5.450400793183996,595.0,0
5.4505100240307875,594.0,0
5.450619254877578,594.0,0
5.450728485724369,595.0,0
5.450837716571161,595.0,0
5.450946947417951,594.0,0
5.451056178264743,595.0,0
5.451165409111534,595.0,0
5.451274639958325,594.0,0
5.451383870805116,594.0,0
5.451493101651907,594.0,0
5.451602332498698,594.0,0
5.451711563345489,593.0,0
5.4518207941922805,594.0,0
5.451930025039071,594.0,0
5.452039255885863,593.0,0
5.4521484867326535,593.0,0
5.452257717579444,594.0,0
5.452366948426236,593.0,0
5.452476179273027,593.0,0
5.452585410119818,593.0,0
5.45269464096661,593.0,0
5.452803871813401,593.0,0
5.452913102660192,593.0,0
5.453022333506984,593.0,0
5.453131564353774,593.0,0
5.453240795200565,593.0,0
5.453350026047357,594.0,0
5.453459256894147,593.0,0
5.453568487740939,593.0,0
5.45367771858773,593.0,0
5.453786949434521,594.0,0
5.453896180281312,593.0,0
5.454005411128103,593.0,0
5.454114641974894,595.0,0
5.454223872821685,594.0,0
5.454333103668477,593.0,0
5.454442334515267,595.0,0
5.454551565362059,594.0,0
5.45466079620885,593.0,0
5.45477002705564,594.0,0
5.454879257902432,595.0,0
5.454988488749223,594.0,0
5.455097719596014,594.0,0
5.455206950442806,594.0,0
5.4553161812895965,594.0,0
5.455425412136388,594.0,0
5.45553464298318,595.0,0
5.45564387382997,595.0,0
5.455753104676761,594.0,0
5.455862335523553,595.0,0
5.455971566370343,595.0,0
5.456080797217135,595.0,0
5.456190028063926,595.0,0
5.456299258910717,595.0,0
5.456408489757508,595.0,0
5.456517720604299,595.0,0
5.45662695145109,595.0,0
5.456736182297881,596.0,0
5.456845413144673,595.0,0
5.456954643991463,596.0,0
5.457063874838255,596.0,0
5.457173105685046,596.0,0
5.457282336531836,596.0,0
5.457391567378628,597.0,0
5.45750079822542,598.0,0
5.45761002907221,596.0,0
5.457719259919002,598.0,0
5.4578284907657935,598.0,0
5.457937721612584,598.0,0
5.458046952459376,597.0,0
5.4581561833061665,598.0,0
5.458265414152957,598.0,0
5.458374644999749,597.0,0
5.4584838758465395,598.0,0
5.458593106693331,598.0,0
5.458702337540122,597.0,0
5.458811568386913,597.0,0
5.458920799233704,598.0,0
5.459030030080495,597.0,0
5.459139260927286,596.0,0
5.459248491774077,597.0,0
5.459357722620869,596.0,0
5.459466953467659,596.0,0
5.459576184314451,596.0,0
5.459685415161242,596.0,0
5.459794646008032,595.0,0
5.459903876854824,595.0,0
5.460013107701615,596.0,0
5.460122338548406,595.0,0
5.460231569395198,595.0,0
5.460340800241989,595.0,0
5.46045003108878,595.0,0
5.460559261935572,595.0,0
5.4606684927823625,595.0,0
5.460777723629153,595.0,0
5.460886954475945,595.0,0
5.460996185322736,595.0,0
5.461105416169527,595.0,0
5.461214647016318,595.0,0
5.4613238778631095,594.0,0
5.4614331087099,594.0,0
5.461542339556691,594.0,0
5.4616515704034825,594.0,0
5.461760801250273,593.0,0
5.461870032097065,594.0,0
5.4619792629438555,593.0,0
5.462088493790647,593.0,0
5.462197724637438,593.0,0
5.462306955484229,593.0,0
5.46241618633102,593.0,0
5.462525417177812,593.0,0
5.462634648024602,593.0,0
5.462743878871394,593.0,0
5.462853109718186,593.0,0
5.462962340564976,593.0,0
5.463071571411768,593.0,0
5.463180802258559,593.0,0
5.463290033105349,593.0,0
5.463399263952141,595.0,0
5.463508494798932,595.0,0
5.463617725645723,594.0,0
5.463726956492514,595.0,0
5.4638361873393055,595.0,0
5.463945418186096,595.0,0
5.464054649032887,595.0,0
5.4641638798796786,596.0,0
5.464273110726469,596.0,0
5.464382341573261,596.0,0
5.464491572420052,597.0,0
5.464600803266843,597.0,0
5.464710034113634,597.0,0
5.4648192649604255,598.0,0
5.464928495807216,598.0,0
5.465037726654007,598.0,0
5.4651469575007985,598.0,0
5.46525618834759,599.0,0
5.465365419194381,599.0,0
5.465474650041172,598.0,0
5.465583880887964,600.0,0
5.465693111734755,600.0,0
5.465802342581545,599.0,0
5.465911573428337,599.0,0
5.466020804275128,600.0,0
5.466130035121919,600.0,0
5.46623926596871,600.0,0
5.466348496815502,600.0,0
5.466457727662292,600.0,0
5.466566958509083,600.0,0
5.466676189355875,600.0,0
5.466785420202665,600.0,0
5.466894651049457,600.0,0
5.467003881896248,600.0,0
5.467113112743039,600.0,0
5.46722234358983,600.0,0
5.4673315744366215,600.0,0
5.467440805283412,600.0,0
5.467550036130204,600.0,0
5.467659266976995,600.0,0
5.467768497823786,600.0,0
5.467877728670578,600.0,0
5.4679869595173685,600.0,0
5.46809619036416,600.0,0
5.468205421210951,600.0,0
5.4683146520577415,600.0,0
5.468423882904533,600.0,0
5.468533113751324,600.0,0
5.468642344598115,601.0,0
5.468751575444906,600.0,0
5.468860806291698,600.0,0
5.468970037138488,600.0,0
5.469079267985279,601.0,0
5.469188498832071,600.0,0
5.469297729678861,600.0,0
5.469406960525653,601.0,0
5.469516191372444,600.0,0
5.469625422219235,600.0,0
5.469734653066026,601.0,0
5.469843883912818,600.0,0
5.469953114759608,600.0,0
5.470062345606399,600.0,0
5.470171576453191,600.0,0
5.470280807299982,600.0,0
5.470390038146773,600.0,0
5.4704992689935645,600.0,0
5.470608499840356,600.0,0
5.470717730687147,600.0,0
5.4708269615339375,600.0,0
5.470936192380729,600.0,0
5.47104542322752,599.0,0
5.4711546540743115,599.0,0
5.471263884921102,599.0,0
5.471373115767894,598.0,0
5.4714823466146845,598.0,0
5.471591577461475,598.0,0
5.471700808308267,598.0,0
5.4718100391550575,598.0,0
5.471919270001849,598.0,0
5.47202850084864,598.0,0
5.472137731695431,597.0,0
5.472246962542222,597.0,0
5.472356193389014,598.0,0
5.472465424235804,597.0,0
5.472574655082596,597.0,0
5.472683885929387,597.0,0
5.472793116776178,598.0,0
5.47290234762297,596.0,0
5.473011578469761,598.0,0
5.473120809316552,598.0,0
5.473230040163343,597.0,0
5.473339271010134,597.0,0
5.473448501856925,598.0,0
5.473557732703716,598.0,0
5.4736669635505075,598.0,0
5.473776194397298,598.0,0
5.47388542524409,598.0,0
5.4739946560908805,598.0,0
5.474103886937671,598.0,0
5.474213117784463,598.0,0
5.4743223486312536,598.0,0
5.474431579478045,597.0,0
5.474540810324836,598.0,0
5.4746500411716275,597.0,0
5.474759272018418,596.0,0
5.47486850286521,596.0,0
5.4749777337120005,596.0,0
5.475086964558791,596.0,0
5.475196195405583,595.0,0
5.475305426252374,595.0,0
5.475414657099165,595.0,0
5.475523887945957,595.0,0
5.475633118792748,595.0,0
5.475742349639539,595.0,0
5.47585158048633,595.0,0
5.475960811333121,595.0,0
5.476070042179912,595.0,0
5.476179273026704,595.0,0
5.476288503873494,594.0,0
5.476397734720286,595.0,0
5.476506965567077,595.0,0
5.476616196413867,595.0,0
5.476725427260659,594.0,0
5.47683465810745,595.0,0
5.476943888954241,595.0,0
5.477053119801032,594.0,0
5.4771623506478235,595.0,0
5.477271581494614,595.0,0
5.477380812341406,595.0,0
5.4774900431881965,595.0,0
5.477599274034988,595.0,0
5.477708504881779,595.0,0
5.4778177357285704,595.0,0
5.477926966575362,595.0,0
5.478036197422153,595.0,0
5.478145428268944,595.0,0
5.478254659115735,595.0,0
5.478363889962526,595.0,0
5.478473120809317,595.0,0
5.478582351656108,595.0,0
5.4786915825029,595.0,0
5.47880081334969,595.0,0
5.478910044196482,595.0,0
5.479019275043273,595.0,0
5.479128505890064,595.0,0
5.479237736736855,595.0,0
5.479346967583646,595.0,0
5.479456198430437,595.0,0
5.479565429277228,595.0,0
5.47967466012402,595.0,0
5.47978389097081,595.0,0
5.479893121817602,595.0,0
5.480002352664393,595.0,0
5.480111583511183,595.0,0
5.480220814357975,595.0,0
5.4803300452047665,595.0,0
5.480439276051557,595.0,0
5.480548506898349,595.0,0
5.48065773774514,594.0,0
5.480766968591931,594.0,0
5.480876199438722,594.0,0
5.480985430285513,594.0,0
5.481094661132304,594.0,0
5.481203891979096,594.0,0
5.4813131228258865,594.0,0
5.481422353672678,593.0,0
5.481531584519469,594.0,0
5.48164081536626,594.0,0
5.481750046213051,594.0,0
5.481859277059842,594.0,0
5.481968507906633,595.0,0
5.482077738753424,595.0,0
5.482186969600216,595.0,0
5.482296200447006,595.0,0
5.482405431293798,595.0,0
5.482514662140589,595.0,0
5.48262389298738,595.0,0
5.482733123834171,596.0,0
5.482842354680963,596.0,0
5.482951585527754,596.0,0
5.483060816374545,596.0,0
5.4831700472213365,597.0,0
5.483279278068127,597.0,0
5.483388508914918,598.0,0
5.4834977397617095,598.0,0
5.4836069706085,598.0,0
5.483716201455292,598.0,0
5.4838254323020825,598.0,0
5.483934663148874,598.0,0
5.484043893995665,598.0,0
5.484153124842456,598.0,0
5.484262355689247,598.0,0
5.484371586536038,599.0,0
5.484480817382829,598.0,0
5.48459004822962,598.0,0
5.484699279076412,598.0,0
5.4848085099232025,598.0,0
5.484917740769994,598.0,0
5.485026971616785,598.0,0
5.4851362024635755,598.0,0
5.485245433310367,597.0,0
5.485354664157159,597.0,0
5.485463895003949,597.0,0
5.485573125850741,596.0,0
5.485682356697533,596.0,0
5.485791587544323,596.0,0
5.485900818391114,596.0,0
5.486010049237906,595.0,0
5.486119280084696,596.0,0
5.486228510931488,596.0,0
5.486337741778279,595.0,0
5.48644697262507,595.0,0
5.486556203471861,596.0,0
5.4866654343186525,595.0,0
5.486774665165443,595.0,0
5.486883896012234,595.0,0
5.4869931268590255,595.0,0
5.487102357705816,595.0,0
5.487211588552608,595.0,0
5.4873208193993985,595.0,0
5.48743005024619,595.0,0
5.487539281092981,595.0,0
5.487648511939772,595.0,0
5.487757742786563,595.0,0
5.487866973633355,595.0,0
5.487976204480146,595.0,0
5.488085435326937,596.0,0
5.488194666173729,595.0,0
5.488303897020519,595.0,0
5.48841312786731,595.0,0
5.488522358714102,595.0,0
5.488631589560892,595.0,0
5.488740820407684,595.0,0
5.488850051254475,595.0,0
5.488959282101266,595.0,0
5.489068512948057,595.0,0
5.489177743794849,595.0,0
5.489286974641639,595.0,0
5.48939620548843,595.0,0
5.489505436335222,595.0,0
5.489614667182012,595.0,0
5.489723898028804,595.0,0
5.489833128875595,595.0,0
5.489942359722386,595.0,0
5.490051590569177,594.0,0
5.490160821415968,594.0,0
5.490270052262759,595.0,0
5.490379283109551,595.0,0
5.4904885139563415,594.0,0
5.490597744803133,594.0,0
5.490706975649925,595.0,0
5.490816206496715,594.0,0
5.490925437343506,594.0,0
5.491034668190298,595.0,0
5.491143899037088,595.0,0
5.49125312988388,593.0,0
5.491362360730671,594.0,0
5.491471591577462,595.0,0
5.491580822424253,594.0,0
5.491690053271045,593.0,0
5.491799284117835,595.0,0
5.491908514964626,594.0,0
5.492017745811418,593.0,0
5.492126976658208,594.0,0
5.492236207505,594.0,0
5.492345438351791,593.0,0
5.492454669198582,593.0,0
5.492563900045373,594.0,0
5.492673130892165,593.0,0
5.492782361738955,593.0,0
5.492891592585747,593.0,0
5.4930008234325385,593.0,0
5.493110054279329,593.0,0
5.493219285126121,593.0,0
5.4933285159729115,593.0,0
5.493437746819703,593.0,0
5.493546977666494,592.0,0
5.4936562085132845,593.0,0
5.493765439360076,593.0,0
5.493874670206867,592.0,0
5.493983901053658,593.0,0
5.494093131900449,593.0,0
5.494202362747241,593.0,0
5.494311593594031,592.0,0
5.494420824440822,593.0,0
5.494530055287614,592.0,0
5.494639286134404,592.0,0
5.494748516981196,593.0,0
5.494857747827987,593.0,0
5.494966978674778,592.0,0
5.495076209521569,592.0,0
5.49518544036836,592.0,0
5.495294671215151,592.0,0
5.495403902061943,592.0,0
5.495513132908734,592.0,0
5.495622363755525,592.0,0
5.495731594602317,592.0,0
5.495840825449108,592.0,0
5.495950056295899,592.0,0
5.49605928714269,591.0,0
5.496168517989481,591.0,0
5.496277748836272,591.0,0
5.496386979683063,591.0,0
5.4964962105298545,591.0,0
5.496605441376645,591.0,0
5.496714672223437,591.0,0
5.4968239030702275,591.0,0
5.496933133917018,591.0,0
5.49704236476381,591.0,0
5.4971515956106005,591.0,0
5.497260826457392,591.0,0
5.497370057304183,591.0,0
5.497479288150974,591.0,0
5.497588518997765,590.0,0
5.497697749844557,590.0,0
5.497806980691347,591.0,0
5.497916211538139,591.0,0
5.498025442384931,590.0,0
5.498134673231721,591.0,0
5.498243904078513,591.0,0
5.498353134925304,590.0,0
5.498462365772095,590.0,0
5.498571596618886,591.0,0
5.498680827465677,590.0,0
5.498790058312468,590.0,0
5.498899289159259,590.0,0
5.499008520006051,590.0,0
5.499117750852841,590.0,0
5.499226981699633,590.0,0
5.499336212546424,590.0,0
5.499445443393214,590.0,0
5.499554674240006,589.0,0
5.499663905086797,590.0,0
5.499773135933588,590.0,0
5.499882366780379,589.0,0
5.4999915976271705,589.0,0
5.500100828473961,589.0,0
5.500210059320752,588.0,0
5.5003192901675435,588.0,0
5.500428521014335,588.0,0
5.500537751861126,588.0,0
5.500646982707917,588.0,0
5.500756213554709,588.0,0
5.5008654444015,588.0,0
5.500974675248291,588.0,0
5.501083906095082,588.0,0
5.501193136941873,588.0,0
5.501302367788664,588.0,0
5.501411598635455,588.0,0
5.501520829482247,587.0,0
5.501630060329037,588.0,0
5.501739291175829,587.0,0
5.50184852202262,587.0,0
5.50195775286941,587.0,0
5.502066983716202,586.0,0
5.502176214562993,585.0,0
5.502285445409784,586.0,0
5.502394676256575,585.0,0
5.502503907103367,585.0,0
5.502613137950157,585.0,0
5.502722368796949,585.0,0
5.50283159964374,585.0,0
5.502940830490531,585.0,0
5.503050061337323,585.0,0
5.5031592921841135,585.0,0
5.503268523030905,585.0,0
5.503377753877696,585.0,0
5.503486984724487,585.0,0
5.503596215571278,585.0,0
5.503705446418069,585.0,0
5.50381467726486,586.0,0
5.503923908111651,585.0,0
5.504033138958443,586.0,0
5.504142369805233,586.0,0
5.504251600652025,586.0,0
5.504360831498816,586.0,0
5.504470062345606,587.0,0
5.504579293192398,587.0,0
5.504688524039189,587.0,0
5.50479775488598,587.0,0
5.504906985732771,587.0,0
5.505016216579563,587.0,0
5.505125447426353,587.0,0
5.505234678273144,588.0,0
5.505343909119936,588.0,0
5.505453139966727,588.0,0
5.505562370813518,588.0,0
5.5056716016603096,588.0,0
5.505780832507101,588.0,0
5.505890063353892,588.0,0
5.5059992942006835,588.0,0
5.506108525047474,588.0,0
5.506217755894265,588.0,0
5.5063269867410565,588.0,0
5.506436217587847,588.0,0
5.506545448434639,588.0,0
5.5066546792814295,588.0,0
5.506763910128221,588.0,0
5.506873140975012,588.0,0
5.5069823718218025,588.0,0
5.507091602668594,587.0,0
5.507200833515385,588.0,0
5.507310064362176,588.0,0
5.507419295208967,587.0,0
5.507528526055759,587.0,0
5.507637756902549,587.0,0
5.507746987749341,587.0,0
5.507856218596132,587.0,0
5.507965449442923,587.0,0
5.508074680289715,587.0,0
5.508183911136506,587.0,0
5.508293141983297,587.0,0
5.508402372830088,588.0,0
5.5085116036768795,587.0,0
5.50862083452367,587.0,0
5.508730065370461,587.0,0
5.5088392962172525,587.0,0
5.508948527064043,587.0,0
5.509057757910835,588.0,0
5.509166988757626,588.0,0
5.509276219604417,587.0,0
5.509385450451208,587.0,0
5.509494681297999,588.0,0
5.50960391214479,588.0,0
5.509713142991581,588.0,0
5.5098223738383725,588.0,0
5.509931604685163,588.0,0
5.510040835531955,588.0,0
5.5101500663787455,588.0,0
5.510259297225537,588.0,0
5.510368528072328,588.0,0
5.510477758919119,587.0,0
5.51058698976591,588.0,0
5.510696220612702,588.0,0
5.510805451459493,587.0,0
5.510914682306284,587.0,0
5.511023913153076,588.0,0
5.511133143999866,587.0,0
5.511242374846657,587.0,0
5.511351605693449,587.0,0
5.511460836540239,587.0,0
5.511570067387031,587.0,0
5.511679298233822,587.0,0
5.511788529080613,587.0,0
5.511897759927404,587.0,0
5.512006990774195,587.0,0
5.512116221620986,588.0,0
5.512225452467777,587.0,0
5.5123346833145686,587.0,0
5.512443914161359,588.0,0
5.512553145008151,588.0,0
5.512662375854942,588.0,0
5.512771606701733,588.0,0
5.512880837548524,588.0,0
5.5129900683953155,588.0,0
5.513099299242107,588.0,0
5.513208530088898,588.0,0
5.513317760935689,588.0,0
5.51342699178248,588.0,0
5.513536222629272,589.0,0
5.513645453476062,590.0,0
5.513754684322853,589.0,0
5.513863915169645,590.0,0
5.513973146016435,590.0,0
5.514082376863227,590.0,0
5.514191607710018,590.0,0
5.514300838556809,591.0,0
5.5144100694036,591.0,0
5.514519300250391,590.0,0
5.514628531097182,591.0,0
5.514737761943973,591.0,0
5.514846992790765,591.0,0
5.514956223637555,591.0,0
5.515065454484347,591.0,0
5.515174685331138,591.0,0
5.515283916177929,591.0,0
5.51539314702472,591.0,0
5.5155023778715115,591.0,0
5.515611608718302,591.0,0
5.515720839565094,591.0,0
5.515830070411885,592.0,0
5.515939301258676,591.0,0
5.516048532105468,591.0,0
5.5161577629522585,592.0,0
5.516266993799049,592.0,0
5.516376224645841,591.0,0
5.5164854554926315,592.0,0
5.516594686339423,592.0,0
5.516703917186214,592.0,0
5.516813148033005,592.0,0
5.516922378879796,593.0,0
5.517031609726587,592.0,0
5.517140840573378,592.0,0
5.517250071420169,592.0,0
5.517359302266961,592.0,0
5.517468533113751,592.0,0
5.517577763960543,592.0,0
5.517686994807334,592.0,0
5.517796225654125,592.0,0
5.517905456500916,591.0,0
5.518014687347708,592.0,0
5.518123918194499,592.0,0
5.51823314904129,591.0,0
5.5183423798880815,592.0,0
5.518451610734872,592.0,0
5.518560841581664,591.0,0
5.5186700724284545,591.0,0
5.518779303275245,591.0,0
5.518888534122037,591.0,0
5.5189977649688275,590.0,0
5.519106995815619,591.0,0
5.51921622666241,591.0,0
5.5193254575092014,590.0,0
5.519434688355992,590.0,0
5.519543919202783,591.0,0
5.5196531500495745,590.0,0
5.519762380896365,590.0,0
5.519871611743157,590.0,0
5.5199808425899475,590.0,0
5.520090073436739,589.0,0
5.52019930428353,590.0,0
5.520308535130321,589.0,0
5.520417765977112,588.0,0
5.520526996823904,588.0,0
5.520636227670694,589.0,0
5.520745458517486,588.0,0
5.520854689364278,588.0,0
5.520963920211068,588.0,0
5.52107315105786,588.0,0
5.521182381904651,588.0,0
5.521291612751441,588.0,0
5.521400843598233,589.0,0
5.521510074445024,589.0,0
5.521619305291815,588.0,0
5.521728536138606,589.0,0
5.5218377669853975,590.0,0
5.521946997832188,589.0,0
5.522056228678979,589.0,0
5.5221654595257705,590.0,0
5.522274690372561,590.0,0
5.522383921219353,589.0,0
5.5224931520661436,590.0,0
5.522602382912935,590.0,0
5.522711613759726,589.0,0
5.5228208446065175,590.0,0
5.522930075453308,590.0,0
5.5230393063001,590.0,0
5.523148537146891,589.0,0
5.523257767993682,590.0,0
5.523366998840474,590.0,0
5.523476229687264,589.0,0
5.523585460534056,589.0,0
5.523694691380847,590.0,0
5.523803922227637,589.0,0
5.523913153074429,589.0,0
5.52402238392122,590.0,0
5.524131614768011,590.0,0
5.524240845614802,589.0,0
5.524350076461594,590.0,0
5.524459307308384,590.0,0
5.524568538155176,589.0,0
5.524677769001967,589.0,0
5.524786999848757,590.0,0
5.524896230695549,590.0,0
5.52500546154234,589.0,0
5.525114692389131,589.0,0
5.525223923235922,590.0,0
5.5253331540827135,589.0,0
5.525442384929504,590.0,0
5.525551615776296,590.0,0
5.5256608466230865,590.0,0
5.525770077469878,589.0,0
5.52587930831667,590.0,0
5.5259885391634604,590.0,0
5.526097770010252,590.0,0
5.526207000857043,590.0,0
5.5263162317038335,590.0,0
5.526425462550625,590.0,0
5.526534693397416,590.0,0
5.526643924244207,590.0,0
5.526753155090998,591.0,0
5.52686238593779,590.0,0
5.52697161678458,591.0,0
5.527080847631372,591.0,0
5.527190078478163,591.0,0
5.527299309324953,591.0,0
5.527408540171745,591.0,0
5.527517771018536,591.0,0
5.527627001865327,591.0,0
5.527736232712118,591.0,0
5.52784546355891,591.0,0
5.5279546944057,591.0,0
5.528063925252492,591.0,0
5.5281731560992835,591.0,0
5.528282386946074,591.0,0
5.528391617792866,590.0,0
5.5285008486396565,591.0,0
5.528610079486448,591.0,0
5.528719310333239,590.0,0
5.5288285411800295,590.0,0
5.528937772026821,590.0,0
5.529047002873612,590.0,0
5.529156233720403,589.0,0
5.529265464567194,590.0,0
5.529374695413986,589.0,0
5.5294839262607764,588.0,0
5.529593157107568,588.0,0
5.529702387954359,588.0,0
5.5298116188011495,588.0,0
5.529920849647941,588.0,0
5.530030080494732,588.0,0
5.530139311341523,588.0,0
5.530248542188314,588.0,0
5.530357773035106,588.0,0
5.530467003881896,588.0,0
5.530576234728688,588.0,0
5.530685465575479,588.0,0
5.53079469642227,588.0,0
5.530903927269062,588.0,0
5.531013158115853,588.0,0
5.531122388962644,588.0,0
5.531231619809435,588.0,0
5.531340850656226,588.0,0
5.531450081503017,588.0,0
5.531559312349808,588.0,0
5.5316685431965995,588.0,0
5.53177777404339,588.0,0
5.531887004890182,588.0,0
5.5319962357369725,588.0,0
5.532105466583764,588.0,0
5.532214697430555,588.0,0
5.5323239282773455,588.0,0
5.532433159124137,588.0,0
5.532542389970928,588.0,0
5.532651620817719,588.0,0
5.53276085166451,588.0,0
5.532870082511302,588.0,0
5.5329793133580925,588.0,0
5.533088544204884,588.0,0
5.533197775051676,588.0,0
5.533307005898466,588.0,0
5.533416236745258,588.0,0
5.533525467592049,588.0,0
5.53363469843884,588.0,0
5.533743929285631,589.0,0
5.533853160132422,589.0,0
5.533962390979213,590.0,0
5.534071621826004,590.0,0
5.534180852672796,590.0,0
5.534290083519586,590.0,0
5.534399314366378,590.0,0
5.534508545213169,590.0,0
5.53461777605996,590.0,0
5.534727006906751,590.0,0
5.534836237753542,590.0,0
5.534945468600333,590.0,0
5.535054699447124,590.0,0
5.5351639302939155,590.0,0
5.535273161140706,590.0,0
5.535382391987498,590.0,0
5.5354916228342885,590.0,0
5.53560085368108,590.0,0
5.535710084527871,590.0,0
5.535819315374662,589.0,0
5.535928546221454,590.0,0
5.536037777068245,589.0,0
5.536147007915036,589.0,0
5.536256238761827,588.0,0
5.536365469608618,589.0,0
5.536474700455409,588.0,0
5.5365839313022,588.0,0
5.536693162148992,588.0,0
5.536802392995782,588.0,0
5.536911623842574,588.0,0
5.537020854689365,588.0,0
5.537130085536156,588.0,0
5.537239316382947,588.0,0
5.537348547229738,588.0,0
5.537457778076529,588.0,0
5.53756700892332,588.0,0
5.537676239770112,588.0,0
5.537785470616902,588.0,0
5.537894701463694,588.0,0
5.538003932310485,588.0,0
5.538113163157276,588.0,0
5.538222394004068,588.0,0
5.5383316248508585,588.0,0
5.53844085569765,588.0,0
5.538550086544441,588.0,0
5.538659317391232,588.0,0
5.538768548238023,588.0,0
5.538877779084814,588.0,0
5.538987009931605,588.0,0
5.539096240778396,588.0,0
5.539205471625188,588.0,0
5.539314702471978,588.0,0
5.53942393331877,588.0,0
5.539533164165561,588.0,0
5.539642395012352,588.0,0
5.539751625859143,588.0,0
5.539860856705934,588.0,0
5.539970087552725,588.0,0
5.540079318399516,588.0,0
5.540188549246308,588.0,0
5.540297780093098,588.0,0
5.54040701093989,588.0,0
5.540516241786681,588.0,0
5.540625472633472,588.0,0
5.540734703480263,588.0,0
5.540843934327055,588.0,0
5.540953165173846,588.0,0
5.541062396020637,588.0,0
5.5411716268674285,587.0,0
5.541280857714219,587.0,0
5.541390088561011,588.0,0
5.5414993194078015,587.0,0
5.541608550254592,587.0,0
5.541717781101384,588.0,0
5.5418270119481745,587.0,0
5.541936242794966,587.0,0
5.542045473641757,587.0,0
5.542154704488548,587.0,0
5.542263935335339,587.0,0
5.54237316618213,587.0,0
5.542482397028921,588.0,0
5.542591627875712,587.0,0
5.542700858722504,587.0,0
5.542810089569294,587.0,0
5.542919320416086,587.0,0
5.543028551262877,587.0,0
5.543137782109668,587.0,0
5.54324701295646,587.0,0
5.543356243803251,587.0,0
5.543465474650042,586.0,0
5.543574705496833,587.0,0
5.5436839363436246,587.0,0
5.543793167190415,587.0,0
5.543902398037207,587.0,0
5.544011628883998,588.0,0
5.544120859730788,587.0,0
5.54423009057758,587.0,0
5.544339321424371,587.0,0
5.544448552271162,587.0,0
5.544557783117953,587.0,0
5.5446670139647445,587.0,0
5.544776244811535,587.0,0
5.544885475658326,587.0,0
5.5449947065051175,587.0,0
5.545103937351908,587.0,0
5.5452131681987,587.0,0
5.5453223990454905,587.0,0
5.545431629892282,587.0,0
5.545540860739073,587.0,0
5.545650091585864,587.0,0
5.545759322432655,587.0,0
5.545868553279447,587.0,0
5.545977784126238,587.0,0
5.546087014973029,585.0,0
5.546196245819821,586.0,0
5.546305476666611,585.0,0
5.546414707513403,585.0,0
5.546523938360194,585.0,0
5.546633169206984,585.0,0
5.546742400053776,585.0,0
5.546851630900567,584.0,0
5.546960861747358,584.0,0
5.547070092594149,585.0,0
5.547179323440941,584.0,0
5.547288554287731,583.0,0
5.547397785134522,584.0,0
5.547507015981314,584.0,0
5.547616246828104,583.0,0
5.547725477674896,583.0,0
5.547834708521687,583.0,0
5.547943939368478,583.0,0
5.548053170215269,583.0,0
5.5481624010620605,583.0,0
5.548271631908852,583.0,0
5.548380862755643,583.0,0
5.548490093602434,583.0,0
5.548599324449225,583.0,0
5.548708555296017,583.0,0
5.548817786142807,583.0,0
5.548927016989599,583.0,0
5.54903624783639,583.0,0
5.54914547868318,583.0,0
5.549254709529972,583.0,0
5.549363940376763,583.0,0
5.549473171223554,583.0,0
5.549582402070345,583.0,0
5.549691632917137,584.0,0
5.549800863763927,583.0,0
5.549910094610718,583.0,0
5.55001932545751,584.0,0
5.5501285563043,584.0,0
5.550237787151092,584.0,0
5.550347017997883,584.0,0
5.550456248844674,585.0,0
5.550565479691465,584.0,0
5.550674710538257,585.0,0
5.550783941385047,585.0,0
5.550893172231839,585.0,0
5.5510024030786305,585.0,0
5.551111633925421,585.0,0
5.551220864772213,585.0,0
5.5513300956190035,585.0,0
5.551439326465795,585.0,0
5.551548557312586,585.0,0
5.5516577881593765,585.0,0
5.551767019006168,585.0,0
5.551876249852959,585.0,0
5.55198548069975,585.0,0
5.552094711546541,584.0,0
5.552203942393333,584.0,0
5.552313173240123,585.0,0
5.552422404086914,584.0,0
5.552531634933706,584.0,0
5.552640865780496,584.0,0
5.552750096627288,584.0,0
5.552859327474079,583.0,0
5.55296855832087,583.0,0
5.553077789167661,584.0,0
5.553187020014453,584.0,0
5.553296250861244,583.0,0
5.553405481708035,584.0,0
5.5535147125548265,584.0,0
5.553623943401617,584.0,0
5.553733174248409,584.0,0
5.5538424050951996,585.0,0
5.553951635941991,585.0,0
5.554060866788782,585.0,0
5.554170097635573,585.0,0
5.554279328482364,585.0,0
5.554388559329155,585.0,0
5.5544977901759465,585.0,0
5.554607021022737,585.0,0
5.554716251869529,585.0,0
5.5548254827163195,585.0,0
5.55493471356311,586.0,0
5.555043944409902,585.0,0
5.5551531752566925,585.0,0
5.555262406103484,585.0,0
5.555371636950275,586.0,0
5.555480867797066,585.0,0
5.555590098643857,586.0,0
5.555699329490649,585.0,0
5.555808560337439,586.0,0
5.555917791184231,585.0,0
5.556027022031023,586.0,0
5.556136252877813,585.0,0
5.556245483724605,585.0,0
5.556354714571396,585.0,0
5.556463945418187,586.0,0
5.556573176264978,585.0,0
5.556682407111769,586.0,0
5.55679163795856,586.0,0
5.556900868805351,586.0,0
5.5570100996521425,586.0,0
5.557119330498933,587.0,0
5.557228561345725,587.0,0
5.557337792192516,587.0,0
5.557447023039306,587.0,0
5.557556253886098,587.0,0
5.557665484732889,587.0,0
5.55777471557968,587.0,0
5.557883946426471,587.0,0
5.5579931772732625,588.0,0
5.558102408120053,587.0,0
5.558211638966845,587.0,0
5.558320869813636,587.0,0
5.558430100660427,587.0,0
5.558539331507219,587.0,0
5.558648562354009,587.0,0
5.558757793200801,587.0,0
5.558867024047592,587.0,0
5.558976254894383,587.0,0
5.559085485741174,587.0,0
5.559194716587965,586.0,0
5.559303947434756,586.0,0
5.559413178281547,587.0,0
5.559522409128339,587.0,0
5.559631639975129,586.0,0
5.559740870821921,587.0,0
5.559850101668712,587.0,0
5.559959332515502,587.0,0
5.560068563362294,587.0,0
5.560177794209085,587.0,0
5.560287025055876,587.0,0
5.560396255902667,587.0,0
5.5605054867494585,587.0,0
5.560614717596249,587.0,0
5.560723948443041,587.0,0
5.560833179289832,587.0,0
5.560942410136623,587.0,0
5.561051640983415,587.0,0
5.5611608718302055,586.0,0
5.561270102676997,587.0,0
5.561379333523788,586.0,0
5.561488564370579,585.0,0
5.56159779521737,585.0,0
5.561707026064161,585.0,0
5.561816256910952,585.0,0
5.561925487757743,585.0,0
5.562034718604535,585.0,0
5.562143949451325,585.0,0
5.562253180298117,584.0,0
5.562362411144908,585.0,0
5.562471641991698,584.0,0
5.56258087283849,583.0,0
5.562690103685281,583.0,0
5.562799334532072,583.0,0
5.562908565378863,583.0,0
5.563017796225655,583.0,0
5.563127027072445,583.0,0
5.563236257919237,582.0,0
5.5633454887660285,582.0,0
5.563454719612819,582.0,0
5.563563950459611,580.0,0
5.5636731813064015,580.0,0
5.563782412153193,580.0,0
5.563891642999984,579.0,0
5.564000873846775,579.0,0
5.564110104693566,579.0,0
5.564219335540357,579.0,0
5.5643285663871485,579.0,0
5.564437797233939,578.0,0
5.564547028080731,578.0,0
5.5646562589275215,578.0,0
5.564765489774313,577.0,0
5.564874720621104,577.0,0
5.5649839514678945,577.0,0
5.565093182314686,577.0,0
5.565202413161477,577.0,0
5.565311644008268,577.0,0
5.565420874855059,577.0,0
5.565530105701851,576.0,0
5.565639336548641,576.0,0
5.565748567395433,576.0,0
5.565857798242224,577.0,0
5.565967029089015,576.0,0
5.566076259935807,576.0,0
5.566185490782598,576.0,0
5.566294721629389,576.0,0
5.56640395247618,576.0,0
5.5665131833229715,577.0,0
5.566622414169762,577.0,0
5.566731645016553,577.0,0
5.5668408758633445,577.0,0
5.566950106710135,577.0,0
5.567059337556927,577.0,0
5.5671685684037175,577.0,0
5.567277799250509,578.0,0
5.5673870300973,578.0,0
5.567496260944091,578.0,0
5.567605491790882,579.0,0
5.567714722637673,579.0,0
5.5678239534844645,579.0,0
5.567933184331255,579.0,0
5.568042415178047,579.0,0
5.5681516460248375,579.0,0
5.568260876871629,579.0,0
5.568370107718421,579.0,0
5.568479338565211,579.0,0
5.568588569412003,579.0,0
5.568697800258794,579.0,0
5.568807031105585,579.0,0
5.568916261952376,579.0,0
5.569025492799168,579.0,0
5.569134723645958,580.0,0
5.569243954492749,579.0,0
5.569353185339541,579.0,0
5.569462416186331,580.0,0
5.569571647033123,580.0,0
5.569680877879914,579.0,0
5.569790108726705,580.0,0
5.569899339573496,580.0,0
5.570008570420287,580.0,0
5.570117801267078,579.0,0
5.570227032113869,580.0,0
5.5703362629606605,580.0,0
5.570445493807451,580.0,0
5.570554724654243,579.0,0
5.5706639555010335,580.0,0
5.570773186347825,580.0,0
5.570882417194616,579.0,0
5.5709916480414075,580.0,0
5.571100878888199,580.0,0
5.57121010973499,579.0,0
5.571319340581781,580.0,0
5.571428571428572,580.0,0
5.571537802275364,580.0,0
5.571647033122154,579.0,0
5.571756263968945,580.0,0
5.571865494815737,580.0,0
5.571974725662527,579.0,0
5.572083956509319,579.0,0
5.57219318735611,580.0,0
5.572302418202901,580.0,0
5.572411649049692,580.0,0
5.572520879896484,580.0,0
5.572630110743274,580.0,0
5.572739341590065,580.0,0
5.572848572436857,580.0,0
5.572957803283647,581.0,0
5.573067034130439,580.0,0
5.57317626497723,580.0,0
5.573285495824021,582.0,0
5.573394726670813,581.0,0
5.5735039575176035,581.0,0
5.573613188364395,582.0,0
5.573722419211186,582.0,0
5.573831650057977,582.0,0
5.573940880904768,582.0,0
5.57405011175156,582.0,0
5.57415934259835,582.0,0
5.574268573445141,582.0,0
5.574377804291933,582.0,0
5.5744870351387235,582.0,0
5.574596265985515,582.0,0
5.574705496832306,582.0,0
5.574814727679097,582.0,0
5.574923958525888,582.0,0
5.57503318937268,582.0,0
5.57514242021947,582.0,0
5.575251651066261,583.0,0
5.575360881913053,582.0,0
5.575470112759843,583.0,0
5.575579343606635,583.0,0
5.575688574453426,583.0,0
5.575797805300217,583.0,0
5.575907036147008,583.0,0
5.5760162669938,583.0,0
5.576125497840591,583.0,0
5.576234728687382,583.0,0
5.5763439595341735,583.0,0
5.576453190380964,583.0,0
5.576562421227756,583.0,0
5.5766716520745465,583.0,0
5.576780882921337,583.0,0
5.576890113768129,583.0,0
5.5769993446149195,583.0,0
5.577108575461711,583.0,0
5.577217806308502,583.0,0
5.577327037155293,583.0,0
5.577436268002084,584.0,0
5.577545498848876,583.0,0
5.5776547296956664,583.0,0
5.577763960542457,583.0,0
5.577873191389249,584.0,0
5.5779824222360395,583.0,0
5.578091653082831,583.0,0
5.578200883929622,584.0,0
5.578310114776413,584.0,0
5.578419345623205,583.0,0
5.578528576469996,584.0,0
5.578637807316787,584.0,0
5.578747038163578,583.0,0
5.57885626901037,584.0,0
5.57896549985716,584.0,0
5.579074730703952,583.0,0
5.579183961550743,583.0,0
5.579293192397533,584.0,0
5.579402423244325,583.0,0
5.579511654091116,583.0,0
5.579620884937907,583.0,0
5.579730115784698,583.0,0
5.5798393466314895,583.0,0
5.57994857747828,583.0,0
5.580057808325072,583.0,0
5.5801670391718625,583.0,0
5.580276270018653,583.0,0
5.580385500865445,583.0,0
5.5804947317122355,583.0,0
5.580603962559027,583.0,0
5.580713193405818,583.0,0
5.580822424252609,583.0,0
5.5809316550994,583.0,0
5.581040885946192,582.0,0
5.581150116792983,583.0,0
5.581259347639774,583.0,0
5.581368578486566,582.0,0
5.581477809333356,582.0,0
5.581587040180148,583.0,0
5.581696271026939,582.0,0
5.581805501873729,582.0,0
5.581914732720521,582.0,0
5.582023963567312,582.0,0
5.582133194414103,581.0,0
5.582242425260894,582.0,0
5.582351656107686,582.0,0
5.582460886954476,582.0,0
5.582570117801268,581.0,0
5.582679348648059,582.0,0
5.582788579494849,582.0,0
5.582897810341641,581.0,0
5.583007041188432,581.0,0
5.583116272035223,582.0,0
5.583225502882014,580.0,0
5.5833347337288055,580.0,0
5.583443964575597,580.0,0
5.583553195422388,581.0,0
5.583662426269179,580.0,0
5.58377165711597,580.0,0
5.583880887962762,580.0,0
5.583990118809552,580.0,0
5.584099349656344,580.0,0
5.584208580503135,580.0,0
5.584317811349925,580.0,0
5.584427042196717,580.0,0
5.584536273043508,580.0,0
5.584645503890299,580.0,0
5.58475473473709,580.0,0
5.584863965583882,580.0,0
5.584973196430672,580.0,0
5.585082427277464,580.0,0
5.585191658124255,579.0,0
5.585300888971045,580.0,0
5.585410119817837,579.0,0
5.585519350664628,579.0,0
5.585628581511419,580.0,0
5.58573781235821,579.0,0
5.585847043205002,579.0,0
5.585956274051792,579.0,0
5.586065504898584,579.0,0
5.5861747357453755,579.0,0
5.586283966592166,579.0,0
5.586393197438958,579.0,0
5.5865024282857485,579.0,0
5.58661165913254,579.0,0
5.586720889979331,579.0,0
5.586830120826122,579.0,0
5.586939351672913,579.0,0
5.587048582519704,579.0,0
5.587157813366495,579.0,0
5.587267044213286,579.0,0
5.587376275060078,579.0,0
5.587485505906868,579.0,0
5.58759473675366,579.0,0
5.587703967600451,579.0,0
5.5878131984472414,579.0,0
5.587922429294033,579.0,0
5.588031660140824,579.0,0
5.588140890987615,579.0,0
5.588250121834406,579.0,0
5.588359352681198,579.0,0
5.588468583527989,579.0,0
5.58857781437478,579.0,0
5.588687045221572,579.0,0
5.588796276068362,579.0,0
5.588905506915154,579.0,0
5.589014737761945,579.0,0
5.589123968608736,579.0,0
5.589233199455527,579.0,0
5.5893424303023185,579.0,0
5.589451661149109,580.0,0
5.5895608919959,580.0,0
5.5896701228426915,580.0,0
5.589779353689482,580.0,0
5.589888584536274,580.0,0
5.5899978153830645,580.0,0
5.590107046229856,581.0,0
5.590216277076647,581.0,0
5.5903255079234375,581.0,0
5.590434738770229,580.0,0
5.59054396961702,582.0,0
5.590653200463811,581.0,0
5.590762431310602,581.0,0
5.590871662157394,581.0,0
5.590980893004184,581.0,0
5.591090123850976,580.0,0
5.591199354697768,581.0,0
5.591308585544558,580.0,0
5.59141781639135,580.0,0
5.591527047238141,580.0,0
5.591636278084932,580.0,0
5.591745508931723,580.0,0
5.5918547397785145,580.0,0
5.591963970625305,580.0,0
5.592073201472096,580.0,0
5.592182432318888,580.0,0
5.592291663165678,580.0,0
5.59240089401247,580.0,0
5.592510124859261,580.0,0
5.592619355706052,579.0,0
5.592728586552843,580.0,0
5.592837817399634,580.0,0
5.592947048246425,580.0,0
5.593056279093216,579.0,0
5.5931655099400075,580.0,0
5.593274740786798,580.0,0
5.59338397163359,579.0,0
5.593493202480381,579.0,0
5.593602433327172,580.0,0
5.593711664173964,579.0,0
5.593820895020754,579.0,0
5.593930125867546,579.0,0
5.594039356714337,580.0,0
5.594148587561128,579.0,0
5.594257818407919,579.0,0
5.594367049254711,580.0,0
5.594476280101501,579.0,0
5.594585510948292,579.0,0
5.594694741795084,580.0,0
5.594803972641874,579.0,0
5.594913203488666,579.0,0
5.595022434335457,579.0,0
5.595131665182248,579.0,0
5.595240896029039,579.0,0
5.59535012687583,579.0,0
5.595459357722621,579.0,0
5.595568588569412,579.0,0
5.595677819416204,579.0,0
5.595787050262994,579.0,0
5.595896281109786,579.0,0
5.596005511956577,579.0,0
5.596114742803368,579.0,0
5.59622397365016,579.0,0
5.5963332044969505,579.0,0
5.596442435343742,579.0,0
5.596551666190533,579.0,0
5.596660897037324,579.0,0
5.596770127884115,579.0,0
5.596879358730907,579.0,0
5.596988589577697,579.0,0
5.597097820424488,579.0,0
5.59720705127128,579.0,0
5.59731628211807,579.0,0
5.597425512964862,579.0,0
5.597534743811653,579.0,0
5.597643974658444,579.0,0
5.597753205505235,579.0,0
5.597862436352026,579.0,0
5.597971667198817,579.0,0
5.598080898045608,579.0,0
5.5981901288924,579.0,0
5.59829935973919,579.0,0
5.598408590585982,579.0,0
5.5985178214327735,579.0,0
5.598627052279564,579.0,0
5.598736283126356,579.0,0
5.598845513973147,579.0,0
5.598954744819938,579.0,0
5.599063975666729,579.0,0
5.5991732065135205,579.0,0
5.599282437360311,580.0,0
5.599391668207103,579.0,0
5.5995008990538935,579.0,0
5.599610129900684,580.0,0
5.599719360747476,580.0,0
5.5998285915942665,579.0,0
5.599937822441058,580.0,0
5.600047053287849,580.0,0
5.60015628413464,580.0,0
5.600265514981431,580.0,0
5.600374745828222,581.0,0
5.600483976675013,581.0,0
5.600593207521804,582.0,0
5.600702438368596,582.0,0
5.600811669215386,582.0,0
5.600920900062178,582.0,0
5.601030130908969,582.0,0
5.60113936175576,582.0,0
5.601248592602552,582.0,0
5.601357823449343,582.0,0
5.601467054296134,582.0,0
5.601576285142925,582.0,0
5.6016855159897165,582.0,0
5.601794746836507,582.0,0
5.601903977683299,582.0,0
5.6020132085300895,580.0,0
5.60212243937688,581.0,0
5.602231670223672,581.0,0
5.602340901070463,580.0,0
5.602450131917254,580.0,0
5.602559362764045,580.0,0
5.6026685936108365,579.0,0
5.602777824457627,579.0,0
5.602887055304418,579.0,0
5.6029962861512095,579.0,0
5.603105516998,579.0,0
5.603214747844792,579.0,0
5.6033239786915825,579.0,0
5.603433209538374,578.0,0
5.603542440385166,577.0,0
5.603651671231956,578.0,0
5.603760902078748,578.0,0
5.603870132925539,577.0,0
5.60397936377233,577.0,0
5.604088594619121,578.0,0
5.604197825465913,577.0,0
5.604307056312703,577.0,0
5.604416287159495,577.0,0
5.604525518006286,577.0,0
5.604634748853076,577.0,0
5.604743979699868,577.0,0
5.604853210546659,577.0,0
5.60496244139345,577.0,0
5.605071672240241,576.0,0
5.6051809030870325,577.0,0
5.605290133933823,576.0,0
5.605399364780614,576.0,0
5.6055085956274056,576.0,0
5.605617826474196,577.0,0
5.605727057320988,576.0,0
5.605836288167779,577.0,0
5.60594551901457,577.0,0
5.606054749861361,577.0,0
5.6061639807081525,576.0,0
5.606273211554944,577.0,0
5.606382442401735,577.0,0
5.606491673248526,577.0,0
5.606600904095317,577.0,0
5.606710134942109,577.0,0
5.606819365788899,577.0,0
5.606928596635691,577.0,0
5.607037827482482,577.0,0
5.607147058329272,577.0,0
5.607256289176064,577.0,0
5.607365520022855,577.0,0
5.607474750869646,577.0,0
5.607583981716437,577.0,0
5.607693212563229,577.0,0
5.607802443410019,577.0,0
5.60791167425681,577.0,0
5.608020905103602,576.0,0
5.608130135950392,576.0,0
5.608239366797184,577.0,0
5.608348597643975,576.0,0
5.608457828490766,575.0,0
5.608567059337558,576.0,0
5.6086762901843485,575.0,0
5.60878552103114,575.0,0
5.608894751877931,575.0,0
5.6090039827247224,575.0,0
5.609113213571513,575.0,0
5.609222444418305,575.0,0
5.6093316752650955,575.0,0
5.609440906111887,575.0,0
5.609550136958678,574.0,0
5.6096593678054685,575.0,0
5.60976859865226,575.0,0
5.609877829499051,574.0,0
5.609987060345842,574.0,0
5.610096291192633,574.0,0
5.610205522039425,574.0,0
5.610314752886215,573.0,0
5.610423983733006,574.0,0
5.610533214579798,574.0,0
5.610642445426588,573.0,0
5.61075167627338,573.0,0
5.610860907120171,574.0,0
5.610970137966962,572.0,0
5.611079368813753,572.0,0
5.611188599660545,573.0,0
5.611297830507336,573.0,0
5.611407061354127,572.0,0
5.6115162922009185,573.0,0
5.611625523047709,573.0,0
5.611734753894501,572.0,0
5.6118439847412915,572.0,0
5.611953215588083,573.0,0
5.612062446434874,572.0,0
5.6121716772816646,572.0,0
5.612280908128456,572.0,0
5.612390138975247,573.0,0
5.6124993698220385,572.0,0
5.612608600668829,572.0,0
5.612717831515621,573.0,0
5.6128270623624115,573.0,0
5.612936293209202,573.0,0
5.613045524055994,574.0,0
5.6131547549027845,574.0,0
5.613263985749576,573.0,0
5.613373216596367,574.0,0
5.613482447443158,575.0,0
5.61359167828995,574.0,0
5.613700909136741,574.0,0
5.613810139983532,575.0,0
5.613919370830323,575.0,0
5.614028601677115,575.0,0
5.614137832523905,575.0,0
5.614247063370697,575.0,0
5.614356294217488,575.0,0
5.614465525064279,575.0,0
5.61457475591107,575.0,0
5.614683986757861,575.0,0
5.614793217604652,575.0,0
5.614902448451443,575.0,0
5.6150116792982345,575.0,0
5.615120910145025,575.0,0
5.615230140991817,575.0,0
5.6153393718386075,575.0,0
5.615448602685398,575.0,0
5.61555783353219,575.0,0
5.6156670643789806,575.0,0
5.615776295225772,575.0,0
5.615885526072563,575.0,0
5.6159947569193545,575.0,0
5.616103987766145,575.0,0
5.616213218612937,575.0,0
5.616322449459728,575.0,0
5.616431680306519,575.0,0
5.616540911153311,575.0,0
5.616650142000101,575.0,0
5.616759372846893,575.0,0
5.616868603693684,575.0,0
5.616977834540475,575.0,0
5.617087065387266,575.0,0
5.617196296234057,575.0,0
5.617305527080848,575.0,0
5.617414757927639,575.0,0
5.617523988774431,575.0,0
5.617633219621221,575.0,0
5.617742450468013,575.0,0
5.617851681314804,575.0,0
5.617960912161595,576.0,0
5.618070143008386,576.0,0
5.618179373855177,575.0,0
5.618288604701968,576.0,0
5.618397835548759,576.0,0
5.6185070663955505,576.0,0
5.618616297242342,576.0,0
5.618725528089133,577.0,0
5.618834758935924,577.0,0
5.618943989782715,577.0,0
5.619053220629507,577.0,0
5.6191624514762974,577.0,0
5.619271682323089,577.0,0
5.61938091316988,578.0,0
5.619490144016671,578.0,0
5.619599374863462,578.0,0
5.619708605710253,578.0,0
5.619817836557044,579.0,0
5.619927067403835,579.0,0
5.620036298250627,579.0,0
5.620145529097417,579.0,0
5.620254759944209,579.0,0
5.620363990791,579.0,0
5.620473221637791,579.0,0
5.620582452484582,579.0,0
5.620691683331373,579.0,0
5.620800914178164,579.0,0
5.620910145024955,579.0,0
5.621019375871747,579.0,0
5.621128606718537,578.0,0
5.621237837565329,579.0,0
5.6213470684121205,579.0,0
5.621456299258911,579.0,0
5.621565530105703,579.0,0
5.6216747609524935,579.0,0
5.621783991799285,579.0,0
5.621893222646076,579.0,0
5.622002453492867,579.0,0
5.622111684339658,579.0,0
5.622220915186449,579.0,0
5.62233014603324,579.0,0
5.622439376880031,580.0,0
5.622548607726823,579.0,0
5.6226578385736135,579.0,0
5.622767069420405,580.0,0
5.622876300267196,580.0,0
5.622985531113987,580.0,0
5.623094761960778,580.0,0
5.623203992807569,580.0,0
5.62331322365436,580.0,0
5.623422454501151,580.0,0
5.623531685347943,580.0,0
5.623640916194734,580.0,0
5.623750147041525,580.0,0
5.623859377888317,579.0,0
5.623968608735107,580.0,0
5.624077839581899,580.0,0
5.62418707042869,579.0,0
5.624296301275481,579.0,0
5.624405532122272,580.0,0
5.6245147629690635,579.0,0
5.624623993815854,579.0,0
5.624733224662645,579.0,0
5.6248424555094365,579.0,0
5.624951686356227,579.0,0
5.625060917203019,579.0,0
5.6251701480498095,579.0,0
5.625279378896601,579.0,0
5.625388609743392,578.0,0
5.625497840590183,579.0,0
5.625607071436974,578.0,0
5.625716302283765,577.0,0
5.625825533130556,577.0,0
5.625934763977347,578.0,0
5.626043994824139,577.0,0
5.6261532256709295,577.0,0
5.626262456517721,577.0,0
5.626371687364513,577.0,0
5.626480918211303,576.0,0
5.626590149058095,576.0,0
5.626699379904886,576.0,0
5.626808610751677,576.0,0
5.626917841598468,575.0,0
5.62702707244526,576.0,0
5.62713630329205,575.0,0
5.627245534138841,575.0,0
5.627354764985633,575.0,0
5.627463995832423,576.0,0
5.627573226679215,575.0,0
5.627682457526006,575.0,0
5.627791688372797,575.0,0
5.627900919219588,576.0,0
5.6280101500663795,575.0,0
5.62811938091317,575.0,0
5.628228611759961,575.0,0
5.6283378426067525,575.0,0
5.628447073453543,575.0,0
5.628556304300335,576.0,0
5.628665535147126,575.0,0
5.628774765993917,575.0,0
5.628883996840709,575.0,0
5.628993227687499,575.0,0
5.629102458534291,575.0,0
5.629211689381082,575.0,0
5.629320920227873,575.0,0
5.629430151074664,575.0,0
5.629539381921456,574.0,0
5.629648612768246,575.0,0
5.629757843615037,575.0,0
5.629867074461829,574.0,0
5.629976305308619,575.0,0
5.630085536155411,575.0,0
5.630194767002202,575.0,0
5.630303997848993,574.0,0
5.630413228695784,575.0,0
5.630522459542576,575.0,0
5.630631690389366,574.0,0
5.630740921236157,575.0,0
5.630850152082949,575.0,0
5.630959382929739,574.0,0
5.631068613776531,574.0,0
5.631177844623322,575.0,0
5.631287075470113,574.0,0
5.631396306316905,574.0,0
5.6315055371636955,574.0,0
5.631614768010487,575.0,0
5.631723998857278,574.0,0
5.631833229704069,574.0,0
5.63194246055086,575.0,0
5.632051691397652,574.0,0
5.632160922244442,574.0,0
5.632270153091233,575.0,0
5.632379383938025,575.0,0
5.632488614784815,574.0,0
5.632597845631607,574.0,0
5.632707076478398,575.0,0
5.632816307325189,575.0,0
5.63292553817198,574.0,0
5.633034769018772,575.0,0
5.633143999865562,575.0,0
5.633253230712353,574.0,0
5.633362461559145,575.0,0
5.633471692405935,575.0,0
5.633580923252727,575.0,0
5.633690154099519,574.0,0
5.633799384946309,575.0,0
5.633908615793101,575.0,0
5.634017846639892,574.0,0
5.634127077486683,574.0,0
5.634236308333474,575.0,0
5.6343455391802655,574.0,0
5.634454770027056,574.0,0
5.634564000873848,574.0,0
5.6346732317206385,574.0,0
5.63478246256743,572.0,0
5.634891693414221,574.0,0
5.6350009242610115,573.0,0
5.635110155107803,572.0,0
5.635219385954594,572.0,0
5.635328616801385,573.0,0
5.635437847648176,572.0,0
5.635547078494968,572.0,0
5.635656309341758,572.0,0
5.635765540188549,572.0,0
5.635874771035341,572.0,0
5.6359840018821314,572.0,0
5.636093232728923,572.0,0
5.636202463575714,572.0,0
5.636311694422505,572.0,0
5.636420925269297,572.0,0
5.636530156116088,572.0,0
5.636639386962879,572.0,0
5.63674861780967,572.0,0
5.636857848656462,572.0,0
5.636967079503252,572.0,0
5.637076310350044,572.0,0
5.637185541196835,573.0,0
5.637294772043626,573.0,0
5.637404002890417,573.0,0
5.637513233737208,574.0,0
5.637622464583999,574.0,0
5.63773169543079,574.0,0
5.6378409262775815,573.0,0
5.637950157124372,574.0,0
5.638059387971164,574.0,0
5.6381686188179545,574.0,0
5.638277849664745,574.0,0
5.638387080511537,574.0,0
5.6384963113583275,574.0,0
5.638605542205119,574.0,0
5.638714773051911,574.0,0
5.638824003898701,574.0,0
5.638933234745493,573.0,0
5.639042465592284,574.0,0
5.639151696439075,574.0,0
5.639260927285866,573.0,0
5.639370158132658,573.0,0
5.639479388979448,574.0,0
5.63958861982624,573.0,0
5.639697850673031,573.0,0
5.639807081519822,574.0,0
5.639916312366613,574.0,0
5.640025543213404,572.0,0
5.640134774060195,573.0,0
5.640244004906986,573.0,0
5.640353235753778,573.0,0
5.640462466600568,572.0,0
5.64057169744736,573.0,0
5.640680928294151,572.0,0
5.640790159140941,572.0,0
5.640899389987733,572.0,0
5.641008620834524,572.0,0
5.641117851681315,572.0,0
5.641227082528106,572.0,0
5.6413363133748975,572.0,0
5.641445544221689,572.0,0
5.64155477506848,572.0,0
5.641664005915271,572.0,0
5.641773236762062,572.0,0
5.641882467608854,572.0,0
5.641991698455644,572.0,0
5.642100929302436,572.0,0
5.642210160149227,572.0,0
5.642319390996018,572.0,0
5.642428621842809,572.0,0
5.6425378526896,573.0,0
5.642647083536391,573.0,0
5.642756314383182,573.0,0
5.642865545229974,574.0,0
5.642974776076764,574.0,0
5.643084006923556,574.0,0
5.643193237770347,575.0,0
5.643302468617137,575.0,0
5.643411699463929,575.0,0
5.64352093031072,575.0,0
5.643630161157511,575.0,0
5.643739392004303,575.0,0
5.643848622851094,575.0,0
5.643957853697885,576.0,0
5.644067084544676,576.0,0
5.6441763153914675,576.0,0
5.644285546238258,576.0,0
5.64439477708505,577.0,0
5.6445040079318405,577.0,0
5.644613238778632,577.0,0
5.644722469625423,577.0,0
5.644831700472214,577.0,0
5.644940931319005,577.0,0
5.645050162165796,578.0,0
5.645159393012587,578.0,0
5.645268623859378,577.0,0
5.64537785470617,578.0,0
5.64548708555296,578.0,0
5.645596316399752,578.0,0
5.645705547246543,577.0,0
5.645814778093333,578.0,0
5.645924008940125,577.0,0
5.646033239786916,577.0,0
5.646142470633707,577.0,0
5.646251701480498,577.0,0
5.64636093232729,577.0,0
5.646470163174081,577.0,0
5.646579394020872,576.0,0
5.6466886248676635,576.0,0
5.646797855714454,576.0,0
5.646907086561246,576.0,0
5.647016317408037,576.0,0
5.647125548254828,576.0,0
5.647234779101619,576.0,0
5.6473440099484105,575.0,0
5.647453240795201,575.0,0
5.647562471641992,575.0,0
5.6476717024887835,575.0,0
5.647780933335574,575.0,0
5.647890164182366,575.0,0
5.6479993950291565,575.0,0
5.648108625875948,575.0,0
5.648217856722739,575.0,0
5.6483270875695295,575.0,0
5.648436318416321,575.0,0
5.648545549263112,575.0,0
5.648654780109903,575.0,0
5.648764010956695,575.0,0
5.648873241803486,575.0,0
5.648982472650277,575.0,0
5.649091703497069,575.0,0
5.64920093434386,575.0,0
5.64931016519065,574.0,0
5.649419396037442,574.0,0
5.649528626884233,575.0,0
5.649637857731024,574.0,0
5.649747088577815,574.0,0
5.6498563194246065,574.0,0
5.649965550271397,574.0,0
5.650074781118188,573.0,0
5.6501840119649795,574.0,0
5.65029324281177,574.0,0
5.650402473658562,573.0,0
5.650511704505353,572.0,0
5.650620935352144,573.0,0
5.650730166198935,572.0,0
5.650839397045726,572.0,0
5.650948627892517,572.0,0
5.651057858739308,572.0,0
5.6511670895860995,572.0,0
5.65127632043289,572.0,0
5.651385551279682,572.0,0
5.651494782126473,571.0,0
5.651604012973264,571.0,0
5.651713243820056,572.0,0
5.651822474666846,571.0,0
5.651931705513638,569.0,0
5.652040936360429,571.0,0
5.65215016720722,571.0,0
5.652259398054011,569.0,0
5.652368628900803,569.0,0
5.652477859747593,570.0,0
5.652587090594384,569.0,0
5.652696321441176,569.0,0
5.652805552287966,569.0,0
5.652914783134758,569.0,0
5.653024013981549,568.0,0
5.65313324482834,568.0,0
5.653242475675131,568.0,0
5.653351706521922,568.0,0
5.653460937368713,568.0,0
5.653570168215504,568.0,0
5.6536793990622956,568.0,0
5.653788629909087,568.0,0
5.653897860755878,568.0,0
5.6540070916026695,568.0,0
5.654116322449461,568.0,0
5.654225553296252,568.0,0
5.6543347841430425,568.0,0
5.654444014989834,568.0,0
5.654553245836625,568.0,0
5.654662476683416,568.0,0
5.654771707530207,568.0,0
5.654880938376999,567.0,0
5.654990169223789,567.0,0
5.65509940007058,567.0,0
5.655208630917372,567.0,0
5.655317861764162,566.0,0
5.655427092610954,567.0,0
5.655536323457745,567.0,0
5.655645554304536,566.0,0
5.655754785151327,567.0,0
5.655864015998118,568.0,0
5.655973246844909,567.0,0
5.6560824776917,567.0,0
5.656191708538492,568.0,0
5.656300939385282,568.0,0
5.656410170232074,568.0,0
5.6565194010788655,568.0,0
5.656628631925656,568.0,0
5.656737862772448,568.0,0
5.6568470936192385,568.0,0
5.65695632446603,568.0,0
5.657065555312821,568.0,0
5.6571747861596124,568.0,0
5.657284017006403,568.0,0
5.657393247853195,568.0,0
5.6575024786999855,568.0,0
5.657611709546776,568.0,0
5.657720940393568,568.0,0
5.6578301712403585,568.0,0
5.65793940208715,568.0,0
5.658048632933941,568.0,0
5.658157863780732,568.0,0
5.658267094627523,568.0,0
5.658376325474314,568.0,0
5.658485556321105,569.0,0
5.658594787167896,568.0,0
5.658704018014688,568.0,0
5.658813248861479,568.0,0
5.65892247970827,568.0,0
5.659031710555062,568.0,0
5.659140941401853,568.0,0
5.659250172248644,568.0,0
5.659359403095435,568.0,0
5.659468633942226,568.0,0
5.659577864789017,568.0,0
5.6596870956358085,568.0,0
5.659796326482599,568.0,0
5.659905557329391,568.0,0
5.6600147881761815,569.0,0
5.660124019022972,568.0,0
5.660233249869764,568.0,0
5.6603424807165545,569.0,0
5.660451711563346,569.0,0
5.660560942410137,569.0,0
5.6606701732569285,569.0,0
5.660779404103719,570.0,0
5.66088863495051,569.0,0
5.6609978657973015,569.0,0
5.661107096644092,571.0,0
5.661216327490884,570.0,0
5.6613255583376745,570.0,0
5.661434789184466,571.0,0
5.661544020031258,571.0,0
5.661653250878048,571.0,0
5.66176248172484,571.0,0
5.661871712571631,572.0,0
5.661980943418422,572.0,0
5.662090174265213,572.0,0
5.662199405112005,572.0,0
5.662308635958795,572.0,0
5.662417866805587,572.0,0
5.662527097652378,573.0,0
5.662636328499168,573.0,0
5.66274555934596,573.0,0
5.662854790192751,574.0,0
5.662964021039542,574.0,0
5.663073251886333,574.0,0
5.6631824827331245,574.0,0
5.663291713579915,574.0,0
5.663400944426707,574.0,0
5.6635101752734975,574.0,0
5.663619406120288,574.0,0
5.66372863696708,574.0,0
5.663837867813871,574.0,0
5.663947098660662,574.0,0
5.664056329507454,574.0,0
5.664165560354245,574.0,0
5.664274791201036,574.0,0
5.664384022047827,574.0,0
5.664493252894618,574.0,0
5.664602483741409,574.0,0
5.664711714588201,574.0,0
5.664820945434991,574.0,0
5.664930176281783,574.0,0
5.665039407128574,574.0,0
5.665148637975364,574.0,0
5.665257868822156,574.0,0
5.665367099668947,573.0,0
5.665476330515738,574.0,0
5.665585561362529,574.0,0
5.665694792209321,574.0,0
5.665804023056111,573.0,0
5.665913253902903,574.0,0
5.666022484749694,574.0,0
5.666131715596484,573.0,0
5.666240946443276,573.0,0
5.666350177290067,574.0,0
5.666459408136858,573.0,0
5.66656863898365,573.0,0
5.6666778698304405,574.0,0
5.666787100677232,573.0,0
5.666896331524023,572.0,0
5.667005562370814,573.0,0
5.667114793217605,573.0,0
5.667224024064397,572.0,0
5.6673332549111874,572.0,0
5.667442485757979,573.0,0
5.66755171660477,572.0,0
5.6676609474515605,572.0,0
5.667770178298352,572.0,0
5.667879409145143,572.0,0
5.667988639991934,572.0,0
5.668097870838725,572.0,0
5.668207101685517,572.0,0
5.668316332532307,571.0,0
5.668425563379099,571.0,0
5.66853479422589,572.0,0
5.66864402507268,571.0,0
5.668753255919472,570.0,0
5.668862486766264,571.0,0
5.668971717613054,571.0,0
5.669080948459846,570.0,0
5.6691901793066375,570.0,0
5.669299410153428,571.0,0
5.669408641000219,570.0,0
5.6695178718470105,570.0,0
5.669627102693801,571.0,0
5.669736333540593,571.0,0
5.6698455643873835,570.0,0
5.669954795234175,571.0,0
5.670064026080966,571.0,0
5.6701732569277565,571.0,0
5.670282487774548,570.0,0
5.670391718621339,571.0,0
5.67050094946813,571.0,0
5.670610180314921,570.0,0
5.670719411161713,570.0,0
5.6708286420085035,571.0,0
5.670937872855295,570.0,0
5.671047103702086,570.0,0
5.6711563345488765,571.0,0
5.671265565395668,570.0,0
5.671374796242459,570.0,0
5.67148402708925,570.0,0
5.671593257936042,571.0,0
5.671702488782833,570.0,0
5.671811719629624,570.0,0
5.671920950476415,571.0,0
5.672030181323207,571.0,0
5.672139412169997,571.0,0
5.672248643016789,571.0,0
5.67235787386358,571.0,0
5.672467104710371,571.0,0
5.672576335557162,571.0,0
5.672685566403953,572.0,0
5.672794797250744,571.0,0
5.672904028097535,571.0,0
5.6730132589443265,572.0,0
5.673122489791117,572.0,0
5.673231720637909,572.0,0
5.6733409514846995,572.0,0
5.673450182331491,572.0,0
5.673559413178282,572.0,0
5.6736686440250725,572.0,0
5.673777874871864,572.0,0
5.673887105718656,572.0,0
5.673996336565446,572.0,0
5.674105567412238,572.0,0
5.67421479825903,572.0,0
5.67432402910582,572.0,0
5.674433259952611,572.0,0
5.674542490799403,572.0,0
5.674651721646193,572.0,0
5.674760952492985,572.0,0
5.674870183339776,572.0,0
5.674979414186567,572.0,0
5.675088645033358,572.0,0
5.675197875880149,572.0,0
5.67530710672694,572.0,0
5.675416337573731,572.0,0
5.675525568420523,572.0,0
5.675634799267313,572.0,0
5.675744030114105,572.0,0
5.675853260960896,572.0,0
5.675962491807687,572.0,0
5.676071722654478,572.0,0
5.676180953501269,572.0,0
5.67629018434806,572.0,0
5.676399415194851,572.0,0
5.6765086460416425,572.0,0
5.676617876888434,572.0,0
5.676727107735225,572.0,0
5.676836338582016,572.0,0
5.676945569428807,572.0,0
5.677054800275599,572.0,0
5.677164031122389,573.0,0
5.677273261969181,573.0,0
5.677382492815972,573.0,0
5.677491723662763,574.0,0
5.677600954509554,574.0,0
5.677710185356345,574.0,0
5.677819416203136,574.0,0
5.677928647049927,574.0,0
5.678037877896719,574.0,0
5.678147108743509,574.0,0
5.678256339590301,574.0,0
5.678365570437092,574.0,0
5.678474801283883,574.0,0
5.678584032130674,574.0,0
5.678693262977465,574.0,0
5.678802493824256,574.0,0
5.678911724671048,574.0,0
5.679020955517839,574.0,0
5.67913018636463,574.0,0
5.679239417211422,574.0,0
5.6793486480582125,574.0,0
5.679457878905003,574.0,0
5.679567109751795,574.0,0
5.6796763405985855,574.0,0
5.679785571445377,574.0,0
5.679894802292168,574.0,0
5.680004033138959,574.0,0
5.68011326398575,574.0,0
5.680222494832542,574.0,0
5.680331725679332,574.0,0
5.680440956526123,574.0,0
5.680550187372915,574.0,0
5.680659418219705,573.0,0
5.680768649066497,574.0,0
5.680877879913288,573.0,0
5.680987110760079,573.0,0
5.68109634160687,573.0,0
5.681205572453661,573.0,0
5.681314803300452,572.0,0
5.681424034147243,572.0,0
5.681533264994035,572.0,0
5.681642495840826,572.0,0
5.681751726687617,572.0,0
5.681860957534409,572.0,0
5.681970188381199,572.0,0
5.682079419227991,572.0,0
5.682188650074782,571.0,0
5.682297880921573,572.0,0
5.682407111768364,571.0,0
5.6825163426151555,571.0,0
5.682625573461946,571.0,0
5.682734804308738,571.0,0
5.6828440351555285,571.0,0
5.682953266002319,571.0,0
5.683062496849111,571.0,0
5.6831717276959015,570.0,0
5.683280958542693,570.0,0
5.683390189389484,571.0,0
5.683499420236275,570.0,0
5.683608651083066,570.0,0
5.683717881929857,570.0,0
5.683827112776648,570.0,0
5.68393634362344,569.0,0
5.684045574470231,570.0,0
5.684154805317022,569.0,0
5.684264036163814,569.0,0
5.684373267010605,569.0,0
5.684482497857395,569.0,0
5.684591728704187,568.0,0
5.684700959550978,568.0,0
5.684810190397769,568.0,0
5.68491942124456,568.0,0
5.6850286520913516,568.0,0
5.685137882938142,568.0,0
5.685247113784934,568.0,0
5.685356344631725,568.0,0
5.685465575478515,568.0,0
5.685574806325307,568.0,0
5.685684037172098,568.0,0
5.685793268018889,567.0,0
5.68590249886568,567.0,0
5.6860117297124715,567.0,0
5.686120960559262,566.0,0
5.686230191406053,566.0,0
5.6863394222528445,567.0,0
5.686448653099635,567.0,0
5.686557883946427,566.0,0
5.686667114793218,566.0,0
5.686776345640009,567.0,0
5.686885576486801,566.0,0
5.686994807333591,566.0,0
5.687104038180383,567.0,0
5.687213269027174,566.0,0
5.687322499873965,566.0,0
5.687431730720756,566.0,0
5.687540961567548,567.0,0
5.687650192414338,566.0,0
5.68775942326113,567.0,0
5.687868654107921,568.0,0
5.687977884954711,568.0,0
5.688087115801503,568.0,0
5.688196346648294,568.0,0
5.688305577495085,568.0,0
5.688414808341876,568.0,0
5.688524039188668,568.0,0
5.688633270035458,568.0,0
5.688742500882249,568.0,0
5.688851731729041,568.0,0
5.688960962575832,569.0,0
5.689070193422623,569.0,0
5.6891794242694145,568.0,0
5.689288655116206,569.0,0
5.689397885962997,569.0,0
5.6895071168097875,569.0,0
5.689616347656579,569.0,0
5.68972557850337,570.0,0
5.689834809350161,570.0,0
5.689944040196952,569.0,0
5.690053271043744,570.0,0
5.690162501890534,571.0,0
5.690271732737326,570.0,0
5.690380963584117,570.0,0
5.690490194430907,571.0,0
5.690599425277699,571.0,0
5.69070865612449,570.0,0
5.690817886971281,571.0,0
5.690927117818072,571.0,0
5.691036348664864,571.0,0
5.691145579511654,571.0,0
5.691254810358445,571.0,0
5.691364041205237,571.0,0
5.691473272052027,571.0,0
5.691582502898819,571.0,0
5.6916917337456105,571.0,0
5.691800964592401,571.0,0
5.691910195439193,571.0,0
5.692019426285984,572.0,0
5.692128657132775,571.0,0
5.692237887979566,571.0,0
5.6923471188263575,572.0,0
5.692456349673148,572.0,0
5.69256558051994,572.0,0
5.6926748113667305,572.0,0
5.692784042213522,572.0,0
5.692893273060313,572.0,0
5.6930025039071035,572.0,0
5.693111734753895,572.0,0
5.693220965600686,572.0,0
5.693330196447477,572.0,0
5.693439427294268,572.0,0
5.69354865814106,572.0,0
5.69365788898785,572.0,0
5.693767119834641,572.0,0
5.693876350681433,572.0,0
5.693985581528224,572.0,0
5.694094812375015,572.0,0
5.694204043221807,572.0,0
5.694313274068598,572.0,0
5.694422504915389,572.0,0
5.6945317357621805,572.0,0
5.694640966608971,572.0,0
5.694750197455762,572.0,0
5.6948594283025535,571.0,0
5.694968659149344,572.0,0
5.695077889996136,572.0,0
5.6951871208429266,571.0,0
5.695296351689718,571.0,0
5.695405582536509,572.0,0
5.6955148133833,571.0,0
5.695624044230091,571.0,0
5.695733275076882,571.0,0
5.6958425059236735,571.0,0
5.695951736770464,570.0,0
5.696060967617256,570.0,0
5.6961701984640465,570.0,0
5.696279429310837,569.0,0
5.696388660157629,569.0,0
5.6964978910044195,570.0,0
5.696607121851211,569.0,0
5.696716352698003,569.0,0
5.696825583544793,569.0,0
5.696934814391585,569.0,0
5.697044045238377,568.0,0
5.697153276085167,568.0,0
5.697262506931958,569.0,0
5.69737173777875,568.0,0
5.69748096862554,568.0,0
5.697590199472332,568.0,0
5.697699430319123,568.0,0
5.697808661165914,568.0,0
5.697917892012705,568.0,0
5.698027122859496,568.0,0
5.698136353706287,568.0,0
5.698245584553078,568.0,0
5.6983548153998695,568.0,0
5.69846404624666,568.0,0
5.698573277093452,568.0,0
5.698682507940243,568.0,0
5.698791738787033,568.0,0
5.698900969633825,568.0,0
5.6990102004806165,568.0,0
5.699119431327407,568.0,0
5.699228662174199,568.0,0
5.69933789302099,568.0,0
5.699447123867781,568.0,0
5.699556354714573,568.0,0
5.699665585561363,568.0,0
5.699774816408154,568.0,0
5.699884047254946,568.0,0
5.699993278101736,568.0,0
5.700102508948528,568.0,0
5.700211739795319,568.0,0
5.70032097064211,568.0,0
5.700430201488901,568.0,0
5.700539432335692,568.0,0
5.700648663182483,568.0,0
5.700757894029274,568.0,0
5.700867124876066,568.0,0
5.700976355722856,568.0,0
5.701085586569648,568.0,0
5.701194817416439,568.0,0
5.701304048263229,568.0,0
5.701413279110021,568.0,0
5.701522509956812,568.0,0
5.701631740803603,568.0,0
5.701740971650395,568.0,0
5.7018502024971855,568.0,0
5.701959433343977,568.0,0
5.702068664190769,568.0,0
5.7021778950375595,568.0,0
5.70228712588435,567.0,0
5.702396356731142,567.0,0
5.7025055875779325,567.0,0
5.702614818424724,567.0,0
5.702724049271515,566.0,0
5.702833280118306,566.0,0
5.702942510965097,566.0,0
5.703051741811888,566.0,0
5.703160972658679,566.0,0
5.70327020350547,566.0,0
5.703379434352262,566.0,0
5.703488665199052,566.0,0
5.703597896045844,566.0,0
5.703707126892635,566.0,0
5.703816357739425,566.0,0
5.703925588586217,566.0,0
5.704034819433009,566.0,0
5.704144050279799,566.0,0
5.704253281126591,566.0,0
5.7043625119733825,566.0,0
5.704471742820173,566.0,0
5.704580973666965,566.0,0
5.7046902045137555,566.0,0
5.704799435360546,566.0,0
5.704908666207338,566.0,0
5.7050178970541285,566.0,0
5.70512712790092,566.0,0
5.705236358747711,566.0,0
5.705345589594502,566.0,0
5.705454820441293,567.0,0
5.705564051288084,568.0,0
5.7056732821348755,568.0,0
5.705782512981666,568.0,0
5.705891743828458,568.0,0
5.7060009746752485,568.0,0
5.70611020552204,568.0,0
5.706219436368831,568.0,0
5.7063286672156215,568.0,0
5.706437898062413,568.0,0
5.706547128909204,568.0,0
5.706656359755995,568.0,0
5.706765590602787,568.0,0
5.706874821449578,568.0,0
5.706984052296369,568.0,0
5.707093283143161,568.0,0
5.707202513989952,568.0,0
5.707311744836742,568.0,0
5.707420975683534,569.0,0
5.707530206530325,568.0,0
5.707639437377116,568.0,0
5.707748668223907,568.0,0
5.7078578990706985,568.0,0
5.707967129917489,568.0,0
5.70807636076428,569.0,0
5.7081855916110715,569.0,0
5.708294822457862,569.0,0
5.708404053304654,569.0,0
5.7085132841514445,569.0,0
5.708622514998236,569.0,0
5.708731745845027,569.0,0
5.708840976691818,569.0,0
5.708950207538609,570.0,0
5.709059438385401,569.0,0
5.7091686692321915,570.0,0
5.709277900078983,570.0,0
5.709387130925775,570.0,0
5.709496361772565,570.0,0
5.709605592619357,571.0,0
5.709714823466148,571.0,0
5.709824054312938,570.0,0
5.70993328515973,571.0,0
5.710042516006521,571.0,0
5.710151746853312,570.0,0
5.710260977700103,571.0,0
5.710370208546895,570.0,0
5.710479439393685,570.0,0
5.710588670240476,569.0,0
5.710697901087268,571.0,0
5.710807131934058,569.0,0
5.71091636278085,569.0,0
5.711025593627641,569.0,0
5.711134824474432,569.0,0
5.711244055321223,569.0,0
5.7113532861680145,569.0,0
5.711462517014805,569.0,0
5.711571747861596,569.0,0
5.7116809787083875,568.0,0
5.711790209555179,568.0,0
5.71189944040197,568.0,0
5.712008671248761,568.0,0
5.712117902095553,568.0,0
5.712227132942344,568.0,0
5.7123363637891345,568.0,0
5.712445594635926,568.0,0
5.712554825482717,568.0,0
5.712664056329508,568.0,0
5.712773287176299,567.0,0
5.712882518023091,567.0,0
5.712991748869881,567.0,0
5.713100979716672,566.0,0
5.713210210563464,566.0,0
5.713319441410254,567.0,0
5.713428672257046,566.0,0
5.713537903103837,566.0,0
5.713647133950628,566.0,0
5.713756364797419,567.0,0
5.713865595644211,566.0,0
5.713974826491001,566.0,0
5.714084057337793,566.0,0
5.714193288184584,566.0,0
5.714302519031375,566.0,0
5.714411749878167,567.0,0
5.7145209807249575,566.0,0
5.714630211571749,566.0,0
5.71473944241854,566.0,0
5.7148486732653305,567.0,0
5.714957904112122,567.0,0
5.715067134958913,567.0,0
5.715176365805704,567.0,0
5.715285596652495,567.0,0
5.715394827499287,567.0,0
5.715504058346077,568.0,0
5.715613289192868,568.0,0
5.71572252003966,568.0,0
5.7158317508864505,567.0,0
5.715940981733242,568.0,0
5.716050212580033,568.0,0
5.716159443426824,567.0,0
5.716268674273615,567.0,0
5.716377905120407,567.0,0
5.716487135967197,566.0,0
5.716596366813988,566.0,0
5.71670559766078,566.0,0
5.716814828507571,566.0,0
5.716924059354362,565.0,0
5.717033290201154,566.0,0
5.717142521047945,565.0,0
5.717251751894736,564.0,0
5.717360982741527,564.0,0
5.717470213588318,564.0,0
5.717579444435109,564.0,0
5.7176886752819005,563.0,0
5.717797906128691,563.0,0
5.717907136975483,563.0,0
5.7180163678222735,563.0,0
5.718125598669064,563.0,0
5.718234829515856,563.0,0
5.7183440603626465,563.0,0
5.718453291209438,563.0,0
5.718562522056229,563.0,0
5.71867175290302,563.0,0
5.718780983749811,563.0,0
5.718890214596603,563.0,0
5.7189994454433934,563.0,0
5.719108676290185,563.0,0
5.719217907136976,563.0,0
5.719327137983767,563.0,0
5.719436368830559,563.0,0
5.71954559967735,563.0,0
5.719654830524141,564.0,0
5.719764061370932,564.0,0
5.719873292217723,564.0,0
5.719982523064514,564.0,0
5.720091753911305,566.0,0
5.720200984758097,564.0,0
5.720310215604887,564.0,0
5.720419446451679,566.0,0
5.72052867729847,566.0,0
5.72063790814526,565.0,0
5.720747138992052,566.0,0
5.720856369838843,566.0,0
5.720965600685634,566.0,0
5.721074831532425,566.0,0
5.7211840623792165,566.0,0
5.721293293226007,566.0,0
5.721402524072799,565.0,0
5.7215117549195895,566.0,0
5.72162098576638,566.0,0
5.721730216613172,565.0,0
5.721839447459963,564.0,0
5.721948678306754,565.0,0
5.722057909153546,565.0,0
5.722167140000337,564.0,0
5.722276370847128,564.0,0
5.722385601693919,564.0,0
5.72249483254071,564.0,0
5.722604063387501,564.0,0
5.722713294234293,564.0,0
5.722822525081083,564.0,0
5.722931755927875,563.0,0
5.723040986774666,564.0,0
5.723150217621456,564.0,0
5.723259448468248,563.0,0
5.723368679315039,563.0,0
5.72347791016183,564.0,0
5.723587141008621,564.0,0
5.723696371855413,563.0,0
5.723805602702203,564.0,0
5.723914833548995,564.0,0
5.724024064395786,564.0,0
5.724133295242577,564.0,0
5.724242526089368,565.0,0
5.7243517569361595,564.0,0
5.724460987782951,564.0,0
5.724570218629742,565.0,0
5.724679449476533,565.0,0
5.724788680323324,565.0,0
5.724897911170115,566.0,0
5.725007142016906,566.0,0
5.725116372863697,566.0,0
5.725225603710489,566.0,0
5.725334834557279,566.0,0
5.725444065404071,566.0,0
5.725553296250862,566.0,0
5.725662527097653,566.0,0
5.725771757944444,566.0,0
5.725880988791235,566.0,0
5.725990219638026,566.0,0
5.726099450484817,566.0,0
5.726208681331609,566.0,0
5.726317912178399,566.0,0
5.726427143025191,566.0,0
5.726536373871982,566.0,0
5.726645604718772,566.0,0
5.726754835565564,566.0,0
5.726864066412356,566.0,0
5.726973297259146,566.0,0
5.727082528105938,566.0,0
5.7271917589527295,566.0,0
5.72730098979952,566.0,0
5.727410220646311,565.0,0
5.7275194514931025,566.0,0
5.727628682339893,565.0,0
5.727737913186685,565.0,0
5.7278471440334755,565.0,0
5.727956374880267,565.0,0
5.728065605727058,564.0,0
5.728174836573849,564.0,0
5.72828406742064,564.0,0
5.728393298267431,564.0,0
5.728502529114222,564.0,0
5.728611759961013,564.0,0
5.728720990807805,563.0,0
5.728830221654595,564.0,0
5.728939452501387,563.0,0
5.729048683348178,563.0,0
5.729157914194969,563.0,0
5.72926714504176,563.0,0
5.729376375888552,563.0,0
5.729485606735343,563.0,0
5.729594837582134,563.0,0
5.7297040684289255,563.0,0
5.729813299275716,563.0,0
5.729922530122507,564.0,0
5.730031760969299,563.0,0
5.730140991816089,563.0,0
5.730250222662881,563.0,0
5.730359453509672,564.0,0
5.730468684356463,564.0,0
5.730577915203254,564.0,0
5.7306871460500455,564.0,0
5.730796376896836,564.0,0
5.730905607743627,564.0,0
5.7310148385904185,564.0,0
5.731124069437209,564.0,0
5.731233300284001,564.0,0
5.7313425311307915,564.0,0
5.731451761977583,564.0,0
5.731560992824374,565.0,0
5.7316702236711645,565.0,0
5.731779454517956,565.0,0
5.731888685364748,566.0,0
5.731997916211538,566.0,0
5.73210714705833,566.0,0
5.732216377905122,566.0,0
5.732325608751912,566.0,0
5.732434839598703,566.0,0
5.732544070445495,566.0,0
5.732653301292285,566.0,0
5.732762532139077,566.0,0
5.732871762985868,567.0,0
5.732980993832659,567.0,0
5.73309022467945,567.0,0
5.7331994555262416,567.0,0
5.733308686373032,567.0,0
5.733417917219823,567.0,0
5.733527148066615,567.0,0
5.733636378913405,566.0,0
5.733745609760197,566.0,0
5.733854840606988,566.0,0
5.733964071453779,566.0,0
5.73407330230057,566.0,0
5.7341825331473615,566.0,0
5.734291763994152,566.0,0
5.734400994840944,566.0,0
5.734510225687735,566.0,0
5.734619456534526,566.0,0
5.734728687381318,565.0,0
5.734837918228108,564.0,0
5.734947149074899,564.0,0
5.735056379921691,564.0,0
5.735165610768481,564.0,0
5.735274841615273,564.0,0
5.735384072462064,563.0,0
5.735493303308855,563.0,0
5.735602534155646,563.0,0
5.735711765002438,563.0,0
5.735820995849228,563.0,0
5.735930226696019,562.0,0
5.736039457542811,563.0,0
5.736148688389601,562.0,0
5.736257919236393,562.0,0
5.736367150083184,562.0,0
5.736476380929975,562.0,0
5.736585611776766,561.0,0
5.736694842623557,562.0,0
5.736804073470348,561.0,0
5.73691330431714,561.0,0
5.737022535163931,561.0,0
5.737131766010722,561.0,0
5.737240996857514,561.0,0
5.7373502277043045,561.0,0
5.737459458551095,561.0,0
5.737568689397887,561.0,0
5.7376779202446775,561.0,0
5.737787151091469,560.0,0
5.73789638193826,560.0,0
5.738005612785051,560.0,0
5.738114843631842,560.0,0
5.738224074478634,560.0,0
5.738333305325424,560.0,0
5.738442536172215,560.0,0
5.738551767019007,560.0,0
5.738660997865797,560.0,0
5.738770228712589,559.0,0
5.73887945955938,559.0,0
5.738988690406171,559.0,0
5.739097921252962,559.0,0
5.739207152099754,558.0,0
5.739316382946544,558.0,0
5.739425613793336,558.0,0
5.7395348446401275,558.0,0
5.739644075486918,557.0,0
5.73975330633371,558.0,0
5.7398625371805005,557.0,0
5.739971768027291,557.0,0
5.740080998874083,556.0,0
5.740190229720874,556.0,0
5.740299460567665,556.0,0
5.740408691414456,556.0,0
5.7405179222612475,556.0,0
5.740627153108038,556.0,0
5.74073638395483,556.0,0
5.7408456148016205,556.0,0
5.740954845648411,555.0,0
5.741064076495203,555.0,0
5.7411733073419935,555.0,0
5.741282538188785,555.0,0
5.741391769035576,554.0,0
5.741500999882367,554.0,0
5.741610230729158,553.0,0
5.741719461575949,553.0,0
5.74182869242274,553.0,0
5.741937923269532,553.0,0
5.742047154116323,553.0,0
5.742156384963114,553.0,0
5.742265615809906,553.0,0
5.742374846656697,553.0,0
5.742484077503488,553.0,0
5.742593308350279,553.0,0
5.74270253919707,553.0,0
5.742811770043861,553.0,0
5.742921000890652,553.0,0
5.7430302317374435,553.0,0
5.743139462584234,553.0,0
5.743248693431026,553.0,0
5.7433579242778166,552.0,0
5.743467155124607,552.0,0
5.743576385971399,552.0,0
5.74368561681819,552.0,0
5.743794847664981,552.0,0
5.743904078511772,552.0,0
5.7440133093585635,552.0,0
5.744122540205354,552.0,0
5.744231771052146,552.0,0
5.7443410018989365,552.0,0
5.744450232745728,552.0,0
5.74455946359252,552.0,0
5.74466869443931,552.0,0
5.744777925286102,552.0,0
5.744887156132893,552.0,0
5.744996386979684,552.0,0
5.745105617826475,552.0,0
5.745214848673266,553.0,0
5.745324079520057,552.0,0
5.745433310366848,552.0,0
5.74554254121364,553.0,0
5.74565177206043,553.0,0
5.745761002907222,553.0,0
5.745870233754013,554.0,0
5.745979464600803,555.0,0
5.746088695447595,555.0,0
5.746197926294386,555.0,0
5.746307157141177,556.0,0
5.746416387987968,556.0,0
5.7465256188347595,556.0,0
5.74663484968155,556.0,0
5.746744080528341,556.0,0
5.7468533113751326,556.0,0
5.746962542221924,556.0,0
5.747071773068715,556.0,0
5.7471810039155065,557.0,0
5.747290234762298,556.0,0
5.747399465609089,558.0,0
5.74750869645588,558.0,0
5.747617927302671,558.0,0
5.747727158149462,558.0,0
5.747836388996253,559.0,0
5.747945619843044,558.0,0
5.748054850689836,558.0,0
5.748164081536626,559.0,0
5.748273312383418,559.0,0
5.748382543230209,559.0,0
5.748491774076999,559.0,0
5.748601004923791,560.0,0
5.748710235770582,559.0,0
5.748819466617373,559.0,0
5.748928697464164,560.0,0
5.749037928310956,560.0,0
5.749147159157746,559.0,0
5.749256390004538,559.0,0
5.749365620851329,560.0,0
5.74947485169812,560.0,0
5.749584082544912,560.0,0
5.7496933133917025,560.0,0
5.749802544238494,560.0,0
5.749911775085285,560.0,0
5.750021005932076,560.0,0
5.750130236778867,560.0,0
5.750239467625658,560.0,0
5.7503486984724494,560.0,0
5.75045792931924,561.0,0
5.750567160166032,561.0,0
5.7506763910128225,561.0,0
5.750785621859614,561.0,0
5.750894852706405,561.0,0
5.7510040835531955,561.0,0
5.751113314399987,561.0,0
5.751222545246778,561.0,0
5.751331776093569,561.0,0
5.75144100694036,561.0,0
5.751550237787152,561.0,0
5.751659468633942,562.0,0
5.751768699480733,561.0,0
5.751877930327525,561.0,0
5.751987161174316,562.0,0
5.752096392021107,562.0,0
5.752205622867899,562.0,0
5.75231485371469,562.0,0
5.752424084561481,563.0,0
5.7525333154082725,562.0,0
5.752642546255063,562.0,0
5.752751777101854,563.0,0
5.7528610079486455,563.0,0
5.752970238795436,562.0,0
5.753079469642228,563.0,0
5.7531887004890185,563.0,0
5.75329793133581,563.0,0
5.753407162182601,562.0,0
5.7535163930293916,563.0,0
5.753625623876183,563.0,0
5.753734854722974,563.0,0
5.7538440855697655,563.0,0
5.753953316416556,563.0,0
5.754062547263348,563.0,0
5.7541717781101385,563.0,0
5.75428100895693,563.0,0
5.754390239803721,563.0,0
5.754499470650512,563.0,0
5.754608701497304,563.0,0
5.754717932344095,563.0,0
5.754827163190886,563.0,0
5.754936394037677,563.0,0
5.755045624884469,563.0,0
5.755154855731259,562.0,0
5.75526408657805,562.0,0
5.755373317424842,563.0,0
5.755482548271632,562.0,0
5.755591779118424,561.0,0
5.755701009965215,562.0,0
5.755810240812006,562.0,0
5.755919471658797,561.0,0
5.756028702505588,561.0,0
5.756137933352379,562.0,0
5.75624716419917,561.0,0
5.7563563950459615,561.0,0
5.756465625892752,561.0,0
5.756574856739544,562.0,0
5.7566840875863345,561.0,0
5.756793318433126,561.0,0
5.756902549279917,562.0,0
5.7570117801267084,561.0,0
5.757121010973499,561.0,0
5.757230241820291,562.0,0
5.757339472667082,562.0,0
5.757448703513873,561.0,0
5.757557934360665,561.0,0
5.757667165207455,563.0,0
5.757776396054246,562.0,0
5.757885626901038,562.0,0
5.757994857747828,563.0,0
5.75810408859462,563.0,0
5.758213319441411,562.0,0
5.758322550288202,563.0,0
5.758431781134993,563.0,0
5.758541011981784,562.0,0
5.758650242828575,561.0,0
5.758759473675366,563.0,0
5.758868704522158,563.0,0
5.758977935368948,562.0,0
5.75908716621574,562.0,0
5.759196397062531,563.0,0
5.759305627909322,562.0,0
5.759414858756113,561.0,0
5.7595240896029045,562.0,0
5.759633320449696,562.0,0
5.759742551296487,561.0,0
5.759851782143278,562.0,0
5.759961012990069,562.0,0
5.760070243836861,561.0,0
5.760179474683651,561.0,0
5.760288705530442,562.0,0
5.760397936377234,561.0,0
5.7605071672240244,561.0,0
5.760616398070816,561.0,0
5.760725628917607,561.0,0
5.760834859764398,560.0,0
5.760944090611189,560.0,0
5.76105332145798,560.0,0
5.761162552304771,560.0,0
5.761271783151562,560.0,0
5.761381013998354,560.0,0
5.761490244845144,560.0,0
5.761599475691936,559.0,0
5.761708706538727,559.0,0
5.761817937385518,559.0,0
5.761927168232309,558.0,0
5.762036399079101,558.0,0
5.762145629925891,558.0,0
5.762254860772683,558.0,0
5.7623640916194745,557.0,0
5.762473322466265,557.0,0
5.762582553313057,557.0,0
5.7626917841598475,556.0,0
5.762801015006638,556.0,0
5.76291024585343,557.0,0
5.7630194767002205,556.0,0
5.763128707547012,556.0,0
5.763237938393803,556.0,0
5.763347169240594,556.0,0
5.763456400087385,556.0,0
5.763565630934176,556.0,0
5.763674861780967,556.0,0
5.763784092627758,556.0,0
5.76389332347455,556.0,0
5.7640025543213405,556.0,0
5.764111785168132,556.0,0
5.764221016014923,556.0,0
5.764330246861714,556.0,0
5.764439477708505,556.0,0
5.764548708555297,556.0,0
5.764657939402088,556.0,0
5.764767170248879,556.0,0
5.764876401095671,556.0,0
5.764985631942461,556.0,0
5.765094862789253,556.0,0
5.765204093636044,556.0,0
5.765313324482834,556.0,0
5.765422555329626,556.0,0
5.765531786176417,557.0,0
5.765641017023208,558.0,0
5.765750247869999,557.0,0
5.7658594787167905,558.0,0
5.765968709563581,558.0,0
5.766077940410372,558.0,0
5.7661871712571635,558.0,0
5.766296402103954,558.0,0
5.766405632950746,559.0,0
5.7665148637975365,559.0,0
5.766624094644328,559.0,0
5.766733325491119,560.0,0
5.76684255633791,560.0,0
5.766951787184701,559.0,0
5.767061018031493,560.0,0
5.7671702488782834,560.0,0
5.767279479725075,560.0,0
5.767388710571867,560.0,0
5.767497941418657,560.0,0
5.767607172265449,560.0,0
5.76771640311224,560.0,0
5.76782563395903,560.0,0
5.767934864805822,560.0,0
5.768044095652613,560.0,0
5.768153326499404,560.0,0
5.768262557346195,560.0,0
5.768371788192987,560.0,0
5.768481019039777,560.0,0
5.768590249886568,560.0,0
5.76869948073336,560.0,0
5.76880871158015,560.0,0
5.768917942426942,560.0,0
5.769027173273733,560.0,0
5.769136404120524,560.0,0
5.769245634967315,560.0,0
5.7693548658141065,560.0,0
5.769464096660897,560.0,0
5.769573327507689,559.0,0
5.76968255835448,559.0,0
5.769791789201271,560.0,0
5.769901020048063,559.0,0
5.770010250894853,559.0,0
5.770119481741645,559.0,0
5.770228712588436,559.0,0
5.770337943435226,559.0,0
5.770447174282018,558.0,0
5.770556405128809,559.0,0
5.7706656359756,558.0,0
5.770774866822391,558.0,0
5.770884097669183,559.0,0
5.770993328515973,558.0,0
5.771102559362764,558.0,0
5.771211790209556,559.0,0
5.771321021056346,559.0,0
5.771430251903138,558.0,0
5.771539482749929,558.0,0
5.77164871359672,559.0,0
5.771757944443511,558.0,0
5.771867175290303,558.0,0
5.771976406137093,558.0,0
5.772085636983885,559.0,0
5.772194867830676,559.0,0
5.772304098677467,559.0,0
5.772413329524259,559.0,0
5.7725225603710495,559.0,0
5.772631791217841,558.0,0
5.772741022064632,559.0,0
5.7728502529114225,559.0,0
5.772959483758214,559.0,0
5.773068714605005,558.0,0
5.773177945451796,559.0,0
5.773287176298587,559.0,0
5.773396407145379,558.0,0
5.773505637992169,559.0,0
5.773614868838961,559.0,0
5.773724099685752,558.0,0
5.773833330532542,559.0,0
5.773942561379334,559.0,0
5.774051792226125,559.0,0
5.774161023072916,558.0,0
5.774270253919707,559.0,0
5.774379484766499,559.0,0
5.774488715613289,558.0,0
5.774597946460081,559.0,0
5.7747071773068726,560.0,0
5.774816408153663,559.0,0
5.774925639000455,559.0,0
5.775034869847246,559.0,0
5.775144100694037,559.0,0
5.775253331540828,558.0,0
5.775362562387619,558.0,0
5.77547179323441,559.0,0
5.775581024081201,558.0,0
5.7756902549279925,558.0,0
5.775799485774783,558.0,0
5.775908716621575,558.0,0
5.7760179474683655,557.0,0
5.776127178315157,558.0,0
5.776236409161948,558.0,0
5.7763456400087385,557.0,0
5.77645487085553,557.0,0
5.776564101702321,558.0,0
5.776673332549112,557.0,0
5.776782563395903,556.0,0
5.776891794242695,557.0,0
5.777001025089485,558.0,0
5.777110255936277,557.0,0
5.777219486783068,556.0,0
5.777328717629859,558.0,0
5.777437948476651,557.0,0
5.777547179323442,556.0,0
5.777656410170233,557.0,0
5.777765641017024,557.0,0
5.777874871863815,556.0,0
5.777984102710606,557.0,0
5.778093333557397,557.0,0
5.778202564404189,557.0,0
5.778311795250979,556.0,0
5.778421026097771,557.0,0
5.778530256944562,558.0,0
5.778639487791353,556.0,0
5.778748718638144,557.0,0
5.778857949484935,558.0,0
5.778967180331726,558.0,0
5.779076411178517,557.0,0
5.7791856420253085,558.0,0
5.779294872872099,558.0,0
5.779404103718891,558.0,0
5.7795133345656815,558.0,0
5.779622565412473,558.0,0
5.779731796259265,558.0,0
5.779841027106055,558.0,0
5.779950257952847,559.0,0
5.780059488799638,559.0,0
5.780168719646429,558.0,0
5.78027795049322,558.0,0
5.780387181340011,559.0,0
5.780496412186802,558.0,0
5.780605643033593,558.0,0
5.780714873880385,558.0,0
5.780824104727175,558.0,0
5.780933335573967,557.0,0
5.781042566420758,557.0,0
5.781151797267549,557.0,0
5.78126102811434,556.0,0
5.781370258961131,556.0,0
5.781479489807922,556.0,0
5.781588720654713,556.0,0
5.781697951501505,556.0,0
5.781807182348295,555.0,0
5.781916413195087,556.0,0
5.782025644041878,555.0,0
5.782134874888669,555.0,0
5.78224410573546,555.0,0
5.7823533365822515,556.0,0
5.782462567429043,555.0,0
5.782571798275834,555.0,0
5.782681029122625,556.0,0
5.782790259969416,556.0,0
5.782899490816207,556.0,0
5.783008721662998,556.0,0
5.783117952509789,556.0,0
5.783227183356581,556.0,0
5.783336414203371,556.0,0
5.783445645050163,556.0,0
5.783554875896954,556.0,0
5.783664106743745,556.0,0
5.783773337590536,556.0,0
5.783882568437327,556.0,0
5.783991799284118,555.0,0
5.784101030130909,555.0,0
5.784210260977701,555.0,0
5.784319491824491,555.0,0
5.784428722671283,554.0,0
5.784537953518074,555.0,0
5.784647184364865,554.0,0
5.784756415211657,553.0,0
5.7848656460584476,554.0,0
5.784974876905239,554.0,0
5.78508410775203,553.0,0
5.7851933385988215,553.0,0
5.785302569445612,553.0,0
5.785411800292403,553.0,0
5.7855210311391945,553.0,0
5.785630261985985,553.0,0
5.785739492832777,553.0,0
5.7858487236795675,553.0,0
5.785957954526359,553.0,0
5.78606718537315,554.0,0
5.786176416219941,553.0,0
5.786285647066732,553.0,0
5.786394877913523,553.0,0
5.786504108760314,554.0,0
5.786613339607105,553.0,0
5.786722570453897,553.0,0
5.786831801300687,553.0,0
5.786941032147479,553.0,0
5.78705026299427,553.0,0
5.787159493841061,553.0,0
5.787268724687852,553.0,0
5.787377955534644,553.0,0
5.787487186381435,553.0,0
5.787596417228226,553.0,0
5.7877056480750175,553.0,0
5.787814878921808,553.0,0
5.7879241097686,553.0,0
5.7880333406153905,553.0,0
5.788142571462181,553.0,0
5.788251802308973,553.0,0
5.788361033155764,553.0,0
5.788470264002555,553.0,0
5.788579494849346,553.0,0
5.7886887256961375,553.0,0
5.788797956542928,553.0,0
5.788907187389719,553.0,0
5.7890164182365105,553.0,0
5.789125649083301,553.0,0
5.789234879930093,553.0,0
5.7893441107768835,553.0,0
5.789453341623675,554.0,0
5.789562572470466,553.0,0
5.789671803317257,553.0,0
5.789781034164049,554.0,0
5.78989026501084,554.0,0
5.789999495857631,554.0,0
5.790108726704422,554.0,0
5.790217957551214,555.0,0
5.790327188398004,555.0,0
5.790436419244796,555.0,0
5.790545650091587,555.0,0
5.790654880938377,556.0,0
5.790764111785169,555.0,0
5.79087334263196,555.0,0
5.790982573478751,556.0,0
5.791091804325542,556.0,0
5.7912010351723335,555.0,0
5.791310266019124,556.0,0
5.791419496865915,556.0,0
5.7915287277127065,556.0,0
5.791637958559497,555.0,0
5.791747189406289,556.0,0
5.79185642025308,556.0,0
5.791965651099871,555.0,0
5.792074881946662,555.0,0
5.7921841127934535,555.0,0
5.792293343640244,555.0,0
5.792402574487036,555.0,0
5.792511805333827,555.0,0
5.792621036180618,554.0,0
5.79273026702741,553.0,0
5.7928394978742,554.0,0
5.792948728720992,553.0,0
5.793057959567783,553.0,0
5.793167190414573,553.0,0
5.793276421261365,553.0,0
5.793385652108156,553.0,0
5.793494882954947,552.0,0
5.793604113801738,552.0,0
5.79371334464853,552.0,0
5.79382257549532,551.0,0
5.793931806342111,551.0,0
5.794041037188903,551.0,0
5.794150268035693,551.0,0
5.794259498882485,551.0,0
5.794368729729276,551.0,0
5.794477960576067,551.0,0
5.794587191422858,551.0,0
5.7946964222696495,551.0,0
5.794805653116441,551.0,0
5.794914883963232,550.0,0
5.795024114810023,550.0,0
5.795133345656814,550.0,0
5.795242576503606,550.0,0
5.7953518073503965,550.0,0
5.795461038197188,550.0,0
5.795570269043979,550.0,0
5.7956794998907695,550.0,0
5.795788730737561,549.0,0
5.795897961584352,550.0,0
5.796007192431143,550.0,0
5.796116423277934,550.0,0
5.796225654124726,549.0,0
5.796334884971516,550.0,0
5.796444115818307,550.0,0
5.796553346665099,550.0,0
5.796662577511889,550.0,0
5.796771808358681,550.0,0
5.796881039205472,550.0,0
5.796990270052263,550.0,0
5.797099500899054,551.0,0
5.797208731745846,551.0,0
5.797317962592636,551.0,0
5.797427193439428,551.0,0
5.7975364242862195,551.0,0
5.79764565513301,551.0,0
5.797754885979802,552.0,0
5.7978641168265925,553.0,0
5.797973347673384,552.0,0
5.798082578520175,553.0,0
5.7981918093669655,553.0,0
5.798301040213757,554.0,0
5.798410271060548,553.0,0
5.7985195019073394,555.0,0
5.79862873275413,555.0,0
5.798737963600922,555.0,0
5.7988471944477125,555.0,0
5.798956425294503,556.0,0
5.799065656141295,555.0,0
5.7991748869880855,555.0,0
5.799284117834877,555.0,0
5.799393348681668,556.0,0
5.799502579528459,555.0,0
5.79961181037525,555.0,0
5.799721041222042,556.0,0
5.799830272068833,555.0,0
5.799939502915624,555.0,0
5.800048733762416,555.0,0
5.800157964609206,555.0,0
5.800267195455998,555.0,0
5.800376426302789,554.0,0
5.80048565714958,555.0,0
5.800594887996371,554.0,0
5.800704118843162,553.0,0
5.800813349689953,554.0,0
5.800922580536744,554.0,0
5.8010318113835355,553.0,0
5.801141042230326,553.0,0
5.801250273077118,553.0,0
5.8013595039239085,553.0,0
5.801468734770699,553.0,0
5.801577965617491,553.0,0
5.8016871964642815,553.0,0
5.801796427311073,553.0,0
5.801905658157864,553.0,0
5.8020148890046555,554.0,0
5.802124119851446,553.0,0
5.802233350698238,553.0,0
5.8023425815450285,553.0,0
5.80245181239182,554.0,0
5.802561043238612,553.0,0
5.802670274085402,554.0,0
5.802779504932194,554.0,0
5.802888735778985,554.0,0
5.802997966625776,554.0,0
5.803107197472567,555.0,0
5.803216428319358,554.0,0
5.803325659166149,554.0,0
5.80343489001294,554.0,0
5.803544120859732,555.0,0
5.803653351706522,554.0,0
5.803762582553314,554.0,0
5.803871813400105,555.0,0
5.803981044246895,554.0,0
5.804090275093687,553.0,0
5.804199505940478,555.0,0
5.804308736787269,555.0,0
5.80441796763406,554.0,0
5.8045271984808515,554.0,0
5.804636429327642,555.0,0
5.804745660174434,554.0,0
5.804854891021225,554.0,0
5.804964121868016,555.0,0
5.805073352714808,555.0,0
5.805182583561598,554.0,0
5.80529181440839,554.0,0
5.805401045255181,555.0,0
5.805510276101972,553.0,0
5.805619506948763,553.0,0
5.805728737795554,554.0,0
5.805837968642345,553.0,0
5.805947199489136,553.0,0
5.806056430335928,553.0,0
5.806165661182718,553.0,0
5.80627489202951,553.0,0
5.806384122876301,553.0,0
5.806493353723091,553.0,0
5.806602584569883,553.0,0
5.806711815416674,552.0,0
5.806821046263465,552.0,0
5.806930277110256,552.0,0
5.807039507957048,552.0,0
5.807148738803838,552.0,0
5.80725796965063,552.0,0
5.807367200497421,552.0,0
5.807476431344212,551.0,0
5.807585662191004,551.0,0
5.8076948930377945,551.0,0
5.807804123884586,551.0,0
5.807913354731377,551.0,0
5.808022585578168,551.0,0
5.808131816424959,551.0,0
5.80824104727175,551.0,0
5.808350278118541,551.0,0
5.808459508965332,551.0,0
5.808568739812124,551.0,0
5.8086779706589144,551.0,0
5.808787201505706,551.0,0
5.808896432352497,551.0,0
5.8090056631992875,551.0,0
5.809114894046079,551.0,0
5.80922412489287,551.0,0
5.809333355739661,551.0,0
5.809442586586452,551.0,0
5.809551817433244,551.0,0
5.809661048280034,551.0,0
5.809770279126826,551.0,0
5.809879509973618,551.0,0
5.809988740820408,551.0,0
5.8100979716672,551.0,0
5.810207202513991,551.0,0
5.810316433360782,551.0,0
5.810425664207573,551.0,0
5.8105348950543645,551.0,0
5.810644125901155,551.0,0
5.810753356747946,551.0,0
5.8108625875947375,551.0,0
5.810971818441528,551.0,0
5.81108104928832,551.0,0
5.8111902801351105,551.0,0
5.811299510981902,551.0,0
5.811408741828693,551.0,0
5.8115179726754835,551.0,0
5.811627203522275,551.0,0
5.811736434369066,551.0,0
5.811845665215857,551.0,0
5.811954896062648,551.0,0
5.81206412690944,552.0,0
5.8121733577562305,552.0,0
5.812282588603022,552.0,0
5.812391819449813,552.0,0
5.812501050296604,552.0,0
5.812610281143396,552.0,0
5.812719511990187,552.0,0
5.812828742836978,552.0,0
5.812937973683769,553.0,0
5.813047204530561,552.0,0
5.813156435377351,552.0,0
5.813265666224142,552.0,0
5.813374897070934,552.0,0
5.813484127917724,552.0,0
5.813593358764516,552.0,0
5.813702589611307,552.0,0
5.813811820458098,552.0,0
5.813921051304889,552.0,0
5.81403028215168,553.0,0
5.814139512998471,552.0,0
5.814248743845262,552.0,0
5.8143579746920535,553.0,0
5.814467205538844,553.0,0
5.814576436385636,553.0,0
5.8146856672324265,553.0,0
5.814794898079218,553.0,0
5.81490412892601,553.0,0
5.8150133597728,553.0,0
5.815122590619592,554.0,0
5.815231821466383,554.0,0
5.815341052313174,554.0,0
5.815450283159965,554.0,0
5.815559514006757,555.0,0
5.815668744853547,555.0,0
5.815777975700338,555.0,0
5.81588720654713,555.0,0
5.81599643739392,555.0,0
5.816105668240712,555.0,0
5.816214899087503,555.0,0
5.816324129934294,555.0,0
5.816433360781085,556.0,0
5.816542591627876,555.0,0
5.816651822474667,556.0,0
5.816761053321458,556.0,0
5.81687028416825,556.0,0
5.81697951501504,556.0,0
5.817088745861832,556.0,0
5.817197976708623,556.0,0
5.817307207555414,556.0,0
5.817416438402205,556.0,0
5.8175256692489965,556.0,0
5.817634900095788,556.0,0
5.817744130942579,556.0,0
5.81785336178937,556.0,0
5.817962592636161,556.0,0
5.818071823482953,556.0,0
5.818181054329743,557.0,0
5.818290285176534,557.0,0
5.818399516023326,556.0,0
5.818508746870116,557.0,0
5.818617977716908,557.0,0
5.818727208563699,556.0,0
5.81883643941049,556.0,0
5.818945670257281,556.0,0
5.819054901104073,556.0,0
5.819164131950863,556.0,0
5.819273362797654,556.0,0
5.819382593644446,556.0,0
5.819491824491236,556.0,0
5.819601055338028,556.0,0
5.819710286184819,556.0,0
5.81981951703161,556.0,0
5.819928747878402,556.0,0
5.820037978725193,556.0,0
5.820147209571984,556.0,0
5.820256440418775,556.0,0
5.8203656712655665,556.0,0
5.820474902112357,556.0,0
5.820584132959149,556.0,0
5.8206933638059395,556.0,0
5.82080259465273,556.0,0
5.820911825499522,556.0,0
5.8210210563463125,556.0,0
5.821130287193104,556.0,0
5.821239518039895,556.0,0
5.821348748886686,556.0,0
5.821457979733477,556.0,0
5.821567210580269,556.0,0
5.821676441427059,556.0,0
5.82178567227385,556.0,0
5.821894903120642,556.0,0
5.822004133967432,556.0,0
5.822113364814224,556.0,0
5.822222595661015,556.0,0
5.822331826507806,557.0,0
5.822441057354597,556.0,0
5.822550288201389,556.0,0
5.82265951904818,556.0,0
5.822768749894971,556.0,0
5.8228779807417625,556.0,0
5.822987211588553,556.0,0
5.823096442435345,556.0,0
5.823205673282136,556.0,0
5.823314904128926,556.0,0
5.823424134975718,557.0,0
5.823533365822509,556.0,0
5.8236425966693,556.0,0
5.823751827516091,556.0,0
5.8238610583628825,557.0,0
5.823970289209673,556.0,0
5.824079520056465,556.0,0
5.8241887509032555,556.0,0
5.824297981750046,556.0,0
5.824407212596838,556.0,0
5.8245164434436285,556.0,0
5.82462567429042,556.0,0
5.824734905137211,556.0,0
5.824844135984002,556.0,0
5.824953366830794,556.0,0
5.825062597677585,556.0,0
5.825171828524376,556.0,0
5.825281059371167,556.0,0
5.825390290217959,556.0,0
5.825499521064749,555.0,0
5.825608751911541,555.0,0
5.825717982758332,555.0,0
5.825827213605122,554.0,0
5.825936444451914,553.0,0
5.826045675298705,553.0,0
5.826154906145496,553.0,0
5.826264136992287,552.0,0
5.8263733678390786,552.0,0
5.826482598685869,552.0,0
5.826591829532661,552.0,0
5.826701060379452,552.0,0
5.826810291226242,551.0,0
5.826919522073034,552.0,0
5.827028752919825,551.0,0
5.827137983766616,551.0,0
5.827247214613407,551.0,0
5.8273564454601985,551.0,0
5.827465676306989,551.0,0
5.827574907153781,551.0,0
5.827684138000572,551.0,0
5.827793368847363,551.0,0
5.827902599694155,551.0,0
5.828011830540945,551.0,0
5.828121061387737,551.0,0
5.828230292234528,551.0,0
5.828339523081318,551.0,0
5.82844875392811,551.0,0
5.828557984774901,550.0,0
5.828667215621692,550.0,0
5.828776446468483,551.0,0
5.828885677315275,550.0,0
5.828994908162065,550.0,0
5.829104139008857,550.0,0
5.829213369855648,550.0,0
5.829322600702438,550.0,0
5.82943183154923,550.0,0
5.829541062396021,550.0,0
5.829650293242812,550.0,0
5.829759524089603,549.0,0
5.829868754936395,550.0,0
5.829977985783186,550.0,0
5.830087216629977,549.0,0
5.8301964474767685,549.0,0
5.830305678323559,550.0,0
5.830414909170351,549.0,0
5.8305241400171415,548.0,0
5.830633370863933,549.0,0
5.830742601710724,549.0,0
5.8308518325575145,548.0,0
5.830961063404306,548.0,0
5.831070294251097,548.0,0
5.831179525097888,548.0,0
5.831288755944679,547.0,0
5.831397986791471,548.0,0
5.831507217638261,548.0,0
5.831616448485053,548.0,0
5.831725679331844,548.0,0
5.831834910178634,548.0,0
5.831944141025426,548.0,0
5.832053371872217,548.0,0
5.832162602719008,549.0,0
5.832271833565799,549.0,0
5.832381064412591,548.0,0
5.832490295259381,548.0,0
5.832599526106173,550.0,0
5.8327087569529645,549.0,0
5.832817987799755,550.0,0
5.832927218646547,550.0,0
5.8330364494933375,550.0,0
5.833145680340129,549.0,0
5.83325491118692,550.0,0
5.833364142033711,550.0,0
5.833473372880502,550.0,0
5.833582603727293,550.0,0
5.8336918345740845,550.0,0
5.833801065420875,550.0,0
5.833910296267667,550.0,0
5.8340195271144575,550.0,0
5.834128757961249,550.0,0
5.83423798880804,550.0,0
5.8343472196548305,550.0,0
5.834456450501622,551.0,0
5.834565681348413,551.0,0
5.834674912195204,550.0,0
5.834784143041995,551.0,0
5.834893373888787,551.0,0
5.835002604735578,550.0,0
5.835111835582369,550.0,0
5.835221066429161,551.0,0
5.835330297275951,551.0,0
5.835439528122743,550.0,0
5.835548758969534,550.0,0
5.835657989816325,551.0,0
5.835767220663116,550.0,0
5.8358764515099075,550.0,0
5.835985682356698,550.0,0
5.836094913203489,550.0,0
5.8362041440502805,550.0,0
5.836313374897071,550.0,0
5.836422605743863,550.0,0
5.8365318365906536,550.0,0
5.836641067437445,550.0,0
5.836750298284236,550.0,0
5.836859529131027,549.0,0
5.836968759977818,549.0,0
5.837077990824609,549.0,0
5.8371872216714005,549.0,0
5.837296452518191,548.0,0
5.837405683364983,548.0,0
5.8375149142117735,548.0,0
5.837624145058565,548.0,0
5.837733375905357,547.0,0
5.837842606752147,548.0,0
5.837951837598939,548.0,0
5.83806106844573,547.0,0
5.838170299292521,547.0,0
5.838279530139312,548.0,0
5.838388760986104,547.0,0
5.838497991832894,547.0,0
5.838607222679685,547.0,0
5.838716453526477,548.0,0
5.838825684373267,547.0,0
5.838934915220059,547.0,0
5.83904414606685,547.0,0
5.839153376913641,547.0,0
5.839262607760432,547.0,0
5.839371838607223,547.0,0
5.839481069454014,547.0,0
5.839590300300805,547.0,0
5.8396995311475965,547.0,0
5.839808761994387,547.0,0
5.839917992841179,547.0,0
5.8400272236879704,547.0,0
5.840136454534761,547.0,0
5.840245685381553,547.0,0
5.8403549162283435,547.0,0
5.840464147075135,547.0,0
5.840573377921926,547.0,0
5.840682608768717,547.0,0
5.840791839615508,547.0,0
5.8409010704623,547.0,0
5.84101030130909,547.0,0
5.841119532155881,547.0,0
5.841228763002673,547.0,0
5.841337993849463,547.0,0
5.841447224696255,547.0,0
5.841556455543046,547.0,0
5.841665686389837,547.0,0
5.841774917236628,547.0,0
5.841884148083419,547.0,0
5.84199337893021,547.0,0
5.842102609777001,547.0,0
5.842211840623793,547.0,0
5.842321071470583,547.0,0
5.842430302317375,547.0,0
5.842539533164166,547.0,0
5.842648764010957,547.0,0
5.842757994857749,547.0,0
5.8428672257045395,547.0,0
5.842976456551331,547.0,0
5.843085687398122,547.0,0
5.843194918244913,547.0,0
5.843304149091704,547.0,0
5.843413379938496,547.0,0
5.8435226107852865,547.0,0
5.843631841632077,548.0,0
5.843741072478869,547.0,0
5.8438503033256595,547.0,0
5.843959534172451,548.0,0
5.844068765019242,548.0,0
5.844177995866033,548.0,0
5.844287226712824,548.0,0
5.844396457559615,549.0,0
5.844505688406406,548.0,0
5.844614919253197,548.0,0
5.844724150099989,549.0,0
5.844833380946779,550.0,0
5.844942611793571,548.0,0
5.845051842640363,550.0,0
5.845161073487153,550.0,0
5.845270304333945,550.0,0
5.845379535180736,550.0,0
5.845488766027527,551.0,0
5.845597996874318,550.0,0
5.8457072277211095,550.0,0
5.8458164585679,550.0,0
5.845925689414692,551.0,0
5.8460349202614825,550.0,0
5.846144151108273,550.0,0
5.846253381955065,550.0,0
5.8463626128018555,550.0,0
5.846471843648647,550.0,0
5.846581074495438,550.0,0
5.846690305342229,550.0,0
5.84679953618902,550.0,0
5.846908767035811,550.0,0
5.8470179978826025,551.0,0
5.847127228729393,550.0,0
5.847236459576185,550.0,0
5.8473456904229755,550.0,0
5.847454921269767,551.0,0
5.847564152116558,550.0,0
5.847673382963349,550.0,0
5.847782613810141,550.0,0
5.847891844656932,550.0,0
5.848001075503723,550.0,0
5.848110306350514,550.0,0
5.848219537197306,550.0,0
5.848328768044096,550.0,0
5.848437998890888,549.0,0
5.848547229737679,550.0,0
5.848656460584469,550.0,0
5.848765691431261,549.0,0
5.848874922278052,550.0,0
5.848984153124843,550.0,0
5.849093383971634,548.0,0
5.8492026148184255,548.0,0
5.849311845665216,550.0,0
5.849421076512007,548.0,0
5.8495303073587985,548.0,0
5.849639538205589,549.0,0
5.849748769052381,548.0,0
5.8498579998991715,548.0,0
5.849967230745963,548.0,0
5.850076461592755,549.0,0
5.8501856924395454,548.0,0
5.850294923286337,547.0,0
5.850404154133128,548.0,0
5.850513384979919,548.0,0
5.85062261582671,547.0,0
5.850731846673502,548.0,0
5.850841077520292,548.0,0
5.850950308367084,548.0,0
5.851059539213875,547.0,0
5.851168770060665,548.0,0
5.851278000907457,548.0,0
5.851387231754248,547.0,0
5.851496462601039,547.0,0
5.85160569344783,548.0,0
5.851714924294622,548.0,0
5.851824155141412,547.0,0
5.851933385988203,548.0,0
5.852042616834995,548.0,0
5.852151847681785,547.0,0
5.852261078528577,548.0,0
5.852370309375368,548.0,0
5.852479540222159,548.0,0
5.85258877106895,547.0,0
5.8526980019157415,548.0,0
5.852807232762533,548.0,0
5.852916463609324,548.0,0
5.853025694456115,548.0,0
5.853134925302906,550.0,0
5.853244156149698,548.0,0
5.853353386996488,548.0,0
5.85346261784328,549.0,0
5.853571848690071,549.0,0
5.8536810795368615,548.0,0
5.853790310383653,549.0,0
5.853899541230444,549.0,0
5.854008772077235,549.0,0
5.854118002924026,549.0,0
5.854227233770818,549.0,0
5.854336464617608,549.0,0
5.854445695464399,549.0,0
5.854554926311191,549.0,0
5.854664157157981,550.0,0
5.854773388004773,548.0,0
5.854882618851564,549.0,0
5.854991849698355,549.0,0
5.855101080545147,549.0,0
5.855210311391938,548.0,0
5.855319542238729,549.0,0
5.85542877308552,549.0,0
5.8555380039323115,548.0,0
5.855647234779102,548.0,0
5.855756465625894,549.0,0
5.8558656964726845,548.0,0
5.855974927319476,548.0,0
5.856084158166267,548.0,0
5.8561933890130575,549.0,0
5.856302619859849,549.0,0
5.85641185070664,549.0,0
5.856521081553431,550.0,0
5.856630312400222,549.0,0
5.856739543247014,549.0,0
5.856848774093804,550.0,0
5.856958004940595,550.0,0
5.857067235787387,550.0,0
5.8571764666341775,550.0,0
5.857285697480969,550.0,0
5.85739492832776,550.0,0
5.857504159174551,550.0,0
5.857613390021342,550.0,0
5.857722620868134,550.0,0
5.857831851714925,550.0,0
5.857941082561716,551.0,0
5.858050313408508,550.0,0
5.858159544255298,550.0,0
5.85826877510209,550.0,0
5.858378005948881,551.0,0
5.858487236795672,551.0,0
5.858596467642463,550.0,0
5.858705698489254,551.0,0
5.858814929336045,551.0,0
5.858924160182836,551.0,0
5.8590333910296275,551.0,0
5.859142621876418,551.0,0
5.85925185272321,551.0,0
5.8593610835700005,551.0,0
5.859470314416791,551.0,0
5.859579545263583,551.0,0
5.8596887761103735,551.0,0
5.859798006957165,551.0,0
5.859907237803956,551.0,0
5.860016468650747,551.0,0
5.860125699497539,551.0,0
5.86023493034433,551.0,0
5.860344161191121,551.0,0
5.860453392037912,551.0,0
5.860562622884704,551.0,0
5.860671853731494,551.0,0
5.860781084578286,551.0,0
5.860890315425077,551.0,0
5.860999546271868,551.0,0
5.861108777118659,551.0,0
5.86121800796545,551.0,0
5.861327238812241,551.0,0
5.861436469659032,551.0,0
5.861545700505824,551.0,0
5.861654931352614,551.0,0
5.861764162199406,551.0,0
5.861873393046197,551.0,0
5.861982623892987,551.0,0
5.862091854739779,551.0,0
5.86220108558657,551.0,0
5.862310316433361,551.0,0
5.862419547280152,551.0,0
5.8625287781269435,551.0,0
5.862638008973734,551.0,0
5.862747239820526,551.0,0
5.862856470667317,551.0,0
5.862965701514108,552.0,0
5.8630749323609,551.0,0
5.86318416320769,551.0,0
5.863293394054482,552.0,0
5.863402624901273,552.0,0
5.863511855748064,551.0,0
5.863621086594855,552.0,0
5.863730317441646,552.0,0
5.863839548288437,552.0,0
5.863948779135228,552.0,0
5.86405800998202,553.0,0
5.86416724082881,553.0,0
5.864276471675602,552.0,0
5.864385702522393,553.0,0
5.864494933369183,554.0,0
5.864604164215975,553.0,0
5.864713395062766,553.0,0
5.864822625909557,554.0,0
5.864931856756348,554.0,0
5.86504108760314,553.0,0
5.865150318449931,554.0,0
5.865259549296722,555.0,0
5.8653687801435135,554.0,0
5.865478010990304,554.0,0
5.865587241837096,555.0,0
5.8656964726838865,554.0,0
5.865805703530678,553.0,0
5.865914934377469,554.0,0
5.86602416522426,554.0,0
5.866133396071051,553.0,0
5.866242626917842,553.0,0
5.866351857764633,553.0,0
5.866461088611424,553.0,0
5.866570319458216,552.0,0
5.866679550305006,553.0,0
5.866788781151798,553.0,0
5.866898011998589,552.0,0
5.86700724284538,552.0,0
5.867116473692171,553.0,0
5.867225704538962,552.0,0
5.867334935385753,551.0,0
5.867444166232544,551.0,0
5.867553397079336,552.0,0
5.867662627926126,551.0,0
5.867771858772918,551.0,0
5.8678810896197096,552.0,0
5.8679903204665,552.0,0
5.868099551313292,551.0,0
5.868208782160083,552.0,0
5.868318013006874,552.0,0
5.868427243853665,551.0,0
5.8685364747004565,551.0,0
5.868645705547247,551.0,0
5.868754936394038,551.0,0
5.8688641672408295,551.0,0
5.86897339808762,551.0,0
5.869082628934412,551.0,0
5.8691918597812025,551.0,0
5.869301090627994,551.0,0
5.869410321474785,551.0,0
5.869519552321576,551.0,0
5.869628783168367,551.0,0
5.869738014015158,551.0,0
5.869847244861949,551.0,0
5.86995647570874,551.0,0
5.870065706555532,551.0,0
5.870174937402323,551.0,0
5.870284168249114,551.0,0
5.870393399095906,551.0,0
5.870502629942696,551.0,0
5.870611860789488,551.0,0
5.870721091636279,550.0,0
5.87083032248307,551.0,0
5.870939553329861,551.0,0
5.8710487841766525,550.0,0
5.871158015023443,550.0,0
5.871267245870234,551.0,0
5.871376476717026,550.0,0
5.871485707563816,550.0,0
5.871594938410608,550.0,0
5.871704169257399,550.0,0
5.87181340010419,550.0,0
5.871922630950981,548.0,0
5.8720318617977725,549.0,0
5.872141092644563,550.0,0
5.872250323491354,549.0,0
5.8723595543381455,548.0,0
5.872468785184936,549.0,0
5.872578016031728,548.0,0
5.8726872468785185,548.0,0
5.87279647772531,548.0,0
5.872905708572102,548.0,0
5.873014939418892,548.0,0
5.873124170265684,548.0,0
5.873233401112475,548.0,0
5.873342631959266,548.0,0
5.873451862806057,547.0,0
5.873561093652849,548.0,0
5.873670324499639,548.0,0
5.87377955534643,547.0,0
5.873888786193222,547.0,0
5.873998017040012,548.0,0
5.874107247886804,547.0,0
5.874216478733595,547.0,0
5.874325709580386,547.0,0
5.874434940427177,548.0,0
5.8745441712739686,547.0,0
5.874653402120759,547.0,0
5.87476263296755,548.0,0
5.874871863814342,547.0,0
5.874981094661132,547.0,0
5.875090325507924,547.0,0
5.8751995563547155,547.0,0
5.875308787201506,547.0,0
5.875418018048298,547.0,0
5.8755272488950885,547.0,0
5.87563647974188,547.0,0
5.875745710588671,547.0,0
5.875854941435462,547.0,0
5.875964172282253,547.0,0
5.876073403129045,547.0,0
5.876182633975835,547.0,0
5.876291864822626,547.0,0
5.876401095669418,547.0,0
5.876510326516208,547.0,0
5.876619557363,548.0,0
5.876728788209791,548.0,0
5.876838019056582,547.0,0
5.876947249903373,548.0,0
5.877056480750165,548.0,0
5.877165711596955,548.0,0
5.877274942443746,547.0,0
5.877384173290538,548.0,0
5.877493404137328,548.0,0
5.87760263498412,548.0,0
5.877711865830911,548.0,0
5.877821096677702,549.0,0
5.877930327524494,548.0,0
5.878039558371285,548.0,0
5.878148789218076,549.0,0
5.878258020064867,549.0,0
5.8783672509116585,548.0,0
5.878476481758449,549.0,0
5.878585712605241,550.0,0
5.8786949434520315,549.0,0
5.878804174298822,549.0,0
5.878913405145614,550.0,0
5.8790226359924045,550.0,0
5.879131866839196,549.0,0
5.879241097685987,550.0,0
5.879350328532778,550.0,0
5.879459559379569,549.0,0
5.879568790226361,550.0,0
5.879678021073151,550.0,0
5.879787251919942,550.0,0
5.879896482766734,549.0,0
5.880005713613524,550.0,0
5.880114944460316,550.0,0
5.880224175307108,549.0,0
5.880333406153898,549.0,0
5.88044263700069,550.0,0
5.880551867847481,549.0,0
5.880661098694272,549.0,0
5.880770329541063,550.0,0
5.8808795603878545,550.0,0
5.880988791234645,549.0,0
5.881098022081437,549.0,0
5.8812072529282275,550.0,0
5.881316483775019,550.0,0
5.88142571462181,549.0,0
5.881534945468601,550.0,0
5.881644176315392,549.0,0
5.881753407162183,550.0,0
5.8818626380089745,549.0,0
5.881971868855765,550.0,0
5.882081099702557,549.0,0
5.8821903305493475,550.0,0
5.882299561396138,549.0,0
5.88240879224293,549.0,0
5.8825180230897205,549.0,0
5.882627253936512,549.0,0
5.882736484783303,548.0,0
5.882845715630094,548.0,0
5.882954946476886,548.0,0
5.883064177323677,548.0,0
5.883173408170468,548.0,0
5.883282639017259,548.0,0
5.883391869864051,548.0,0
5.883501100710841,548.0,0
5.883610331557633,548.0,0
5.883719562404424,548.0,0
5.883828793251215,548.0,0
5.883938024098006,548.0,0
5.884047254944797,548.0,0
5.884156485791588,548.0,0
5.884265716638379,548.0,0
5.8843749474851705,549.0,0
5.884484178331961,549.0,0
5.884593409178753,549.0,0
5.8847026400255436,549.0,0
5.884811870872334,550.0,0
5.884921101719126,549.0,0
5.885030332565917,550.0,0
5.885139563412708,550.0,0
5.8852487942595,550.0,0
5.8853580251062905,550.0,0
5.885467255953082,550.0,0
5.885576486799873,550.0,0
5.885685717646664,550.0,0
5.885794948493455,550.0,0
5.885904179340247,550.0,0
5.886013410187037,550.0,0
5.886122641033829,550.0,0
5.88623187188062,550.0,0
5.886341102727411,551.0,0
5.886450333574202,550.0,0
5.886559564420993,551.0,0
5.886668795267784,551.0,0
5.886778026114575,551.0,0
5.886887256961367,550.0,0
5.886996487808157,551.0,0
5.887105718654949,551.0,0
5.88721494950174,550.0,0
5.88732418034853,550.0,0
5.887433411195322,550.0,0
5.887542642042113,550.0,0
5.887651872888904,550.0,0
5.887761103735695,550.0,0
5.8878703345824865,550.0,0
5.887979565429278,550.0,0
5.888088796276069,549.0,0
5.8881980271228604,549.0,0
5.888307257969651,549.0,0
5.888416488816443,548.0,0
5.8885257196632335,548.0,0
5.888634950510025,548.0,0
5.888744181356816,548.0,0
5.888853412203607,548.0,0
5.888962643050398,548.0,0
5.889071873897189,548.0,0
5.88918110474398,548.0,0
5.889290335590771,548.0,0
5.889399566437563,548.0,0
5.889508797284353,548.0,0
5.889618028131145,548.0,0
5.889727258977936,549.0,0
5.889836489824726,549.0,0
5.889945720671518,548.0,0
5.890054951518309,549.0,0
5.8901641823651,550.0,0
5.890273413211892,549.0,0
5.890382644058683,550.0,0
5.890491874905474,550.0,0
5.890601105752265,550.0,0
5.8907103365990565,550.0,0
5.890819567445847,550.0,0
5.890928798292639,550.0,0
5.8910380291394295,550.0,0
5.891147259986221,550.0,0
5.891256490833012,550.0,0
5.891365721679803,550.0,0
5.891474952526594,550.0,0
5.891584183373385,550.0,0
5.8916934142201765,550.0,0
5.891802645066967,550.0,0
5.891911875913759,550.0,0
5.8920211067605495,550.0,0
5.892130337607341,550.0,0
5.892239568454132,550.0,0
5.8923487993009225,550.0,0
5.892458030147714,550.0,0
5.892567260994505,548.0,0
5.892676491841296,548.0,0
5.892785722688087,549.0,0
5.892894953534879,548.0,0
5.89300418438167,548.0,0
5.893113415228461,548.0,0
5.893222646075253,547.0,0
5.893331876922043,547.0,0
5.893441107768835,547.0,0
5.893550338615626,547.0,0
5.893659569462417,547.0,0
5.893768800309208,547.0,0
5.8938780311559995,547.0,0
5.89398726200279,547.0,0
5.894096492849581,546.0,0
5.8942057236963725,546.0,0
5.894314954543163,546.0,0
5.894424185389955,547.0,0
5.8945334162367455,546.0,0
5.894642647083537,547.0,0
5.894751877930328,547.0,0
5.8948611087771186,546.0,0
5.89497033962391,547.0,0
5.895079570470701,547.0,0
5.8951888013174925,547.0,0
5.895298032164284,547.0,0
5.895407263011075,547.0,0
5.895516493857866,547.0,0
5.895625724704657,547.0,0
5.895734955551449,548.0,0
5.895844186398239,548.0,0
5.895953417245031,548.0,0
5.896062648091822,548.0,0
5.896171878938613,550.0,0
5.896281109785404,549.0,0
5.896390340632196,550.0,0
5.896499571478986,550.0,0
5.896608802325777,550.0,0
5.896718033172569,550.0,0
5.896827264019359,551.0,0
5.896936494866151,551.0,0
5.897045725712942,551.0,0
5.897154956559733,551.0,0
5.897264187406524,551.0,0
5.897373418253315,551.0,0
5.897482649100106,551.0,0
5.897591879946897,551.0,0
5.8977011107936885,551.0,0
5.897810341640479,551.0,0
5.897919572487271,551.0,0
5.898028803334062,551.0,0
5.898138034180853,551.0,0
5.898247265027645,551.0,0
5.8983564958744354,551.0,0
5.898465726721227,551.0,0
5.898574957568018,551.0,0
5.898684188414809,551.0,0
5.8987934192616,551.0,0
5.898902650108392,551.0,0
5.899011880955182,551.0,0
5.899121111801973,551.0,0
5.899230342648765,551.0,0
5.899339573495555,551.0,0
5.899448804342347,551.0,0
5.899558035189138,551.0,0
5.899667266035929,551.0,0
5.89977649688272,551.0,0
5.899885727729511,552.0,0
5.899994958576302,552.0,0
5.900104189423093,552.0,0
5.900213420269885,552.0,0
5.900322651116676,552.0,0
5.900431881963467,552.0,0
5.9005411128102585,552.0,0
5.90065034365705,552.0,0
5.900759574503841,552.0,0
5.9008688053506315,552.0,0
5.900978036197423,553.0,0
5.901087267044214,553.0,0
5.901196497891005,552.0,0
5.901305728737796,552.0,0
5.901414959584588,553.0,0
5.901524190431378,553.0,0
5.901633421278169,552.0,0
5.901742652124961,553.0,0
5.9018518829717515,553.0,0
5.901961113818543,552.0,0
5.902070344665334,552.0,0
5.902179575512125,552.0,0
5.902288806358916,552.0,0
5.902398037205707,552.0,0
5.902507268052498,552.0,0
5.902616498899289,552.0,0
5.902725729746081,552.0,0
5.902834960592871,551.0,0
5.902944191439663,551.0,0
5.903053422286455,551.0,0
5.903162653133245,551.0,0
5.903271883980037,551.0,0
5.903381114826828,551.0,0
5.903490345673619,551.0,0
5.90359957652041,551.0,0
5.9037088073672015,551.0,0
5.903818038213992,551.0,0
5.903927269060784,550.0,0
5.9040364999075745,550.0,0
5.904145730754365,550.0,0
5.904254961601157,550.0,0
5.9043641924479475,550.0,0
5.904473423294739,550.0,0
5.90458265414153,549.0,0
5.904691884988321,549.0,0
5.904801115835112,549.0,0
5.904910346681903,549.0,0
5.905019577528694,548.0,0
5.905128808375485,548.0,0
5.905238039222277,548.0,0
5.905347270069068,548.0,0
5.905456500915859,548.0,0
5.905565731762651,548.0,0
5.905674962609442,548.0,0
5.905784193456233,548.0,0
5.905893424303024,548.0,0
5.906002655149815,548.0,0
5.906111885996606,547.0,0
5.906221116843398,548.0,0
5.906330347690188,548.0,0
5.90643957853698,548.0,0
5.906548809383771,547.0,0
5.906658040230561,548.0,0
5.906767271077353,548.0,0
5.906876501924144,548.0,0
5.906985732770935,547.0,0
5.907094963617726,548.0,0
5.9072041944645175,548.0,0
5.907313425311308,548.0,0
5.907422656158099,548.0,0
5.9075318870048905,548.0,0
5.907641117851681,548.0,0
5.907750348698473,548.0,0
5.9078595795452635,548.0,0
5.907968810392055,548.0,0
5.908078041238847,548.0,0
5.908187272085637,548.0,0
5.908296502932429,549.0,0
5.90840573377922,549.0,0
5.908514964626011,548.0,0
5.908624195472802,550.0,0
5.908733426319594,548.0,0
5.908842657166384,549.0,0
5.908951888013176,549.0,0
5.909061118859967,549.0,0
5.909170349706757,548.0,0
5.909279580553549,548.0,0
5.90938881140034,549.0,0
5.909498042247131,548.0,0
5.909607273093922,548.0,0
5.909716503940714,548.0,0
5.909825734787504,548.0,0
5.909934965634295,548.0,0
5.910044196481087,547.0,0
5.910153427327877,548.0,0
5.910262658174669,547.0,0
5.9103718890214605,547.0,0
5.910481119868251,547.0,0
5.910590350715043,547.0,0
5.910699581561834,547.0,0
5.910808812408625,547.0,0
5.910918043255416,548.0,0
5.911027274102207,547.0,0
5.911136504948998,547.0,0
5.91124573579579,547.0,0
5.91135496664258,547.0,0
5.911464197489372,547.0,0
5.911573428336163,547.0,0
5.911682659182953,547.0,0
5.911791890029745,547.0,0
5.911901120876536,546.0,0
5.912010351723327,547.0,0
5.912119582570118,547.0,0
5.91222881341691,546.0,0
5.9123380442637,546.0,0
5.912447275110492,547.0,0
5.912556505957283,546.0,0
5.912665736804073,545.0,0
5.912774967650865,546.0,0
5.912884198497656,546.0,0
5.912993429344447,545.0,0
5.913102660191239,545.0,0
5.91321189103803,546.0,0
5.913321121884821,545.0,0
5.913430352731612,545.0,0
5.9135395835784035,545.0,0
5.913648814425194,545.0,0
5.913758045271986,545.0,0
5.9138672761187765,545.0,0
5.913976506965568,546.0,0
5.914085737812359,545.0,0
5.9141949686591495,545.0,0
5.914304199505941,546.0,0
5.914413430352732,546.0,0
5.914522661199523,545.0,0
5.914631892046314,546.0,0
5.914741122893106,546.0,0
5.914850353739896,545.0,0
5.914959584586688,545.0,0
5.915068815433479,546.0,0
5.915178046280269,545.0,0
5.915287277127061,545.0,0
5.915396507973853,545.0,0
5.915505738820643,545.0,0
5.915614969667435,545.0,0
5.9157242005142265,545.0,0
5.915833431361017,545.0,0
5.915942662207808,545.0,0
5.9160518930545996,545.0,0
5.91616112390139,545.0,0
5.916270354748182,545.0,0
5.916379585594973,545.0,0
5.916488816441764,545.0,0
5.916598047288555,546.0,0
5.916707278135346,545.0,0
5.916816508982137,545.0,0
5.916925739828928,546.0,0
5.9170349706757195,546.0,0
5.91714420152251,546.0,0
5.917253432369302,546.0,0
5.9173626632160925,547.0,0
5.917471894062884,546.0,0
5.917581124909675,546.0,0
5.9176903557564655,547.0,0
5.917799586603257,547.0,0
5.917908817450048,547.0,0
5.918018048296839,547.0,0
5.918127279143631,547.0,0
5.918236509990422,547.0,0
5.918345740837213,547.0,0
5.918454971684004,547.0,0
5.918564202530796,547.0,0
5.918673433377586,547.0,0
5.918782664224378,547.0,0
5.918891895071169,547.0,0
5.91900112591796,546.0,0
5.919110356764751,546.0,0
5.919219587611542,547.0,0
5.919328818458333,545.0,0
5.919438049305124,545.0,0
5.919547280151916,545.0,0
5.919656510998706,545.0,0
5.919765741845498,544.0,0
5.919874972692289,544.0,0
5.91998420353908,544.0,0
5.920093434385871,543.0,0
5.920202665232662,543.0,0
5.920311896079453,544.0,0
5.920421126926245,543.0,0
5.9205303577730355,543.0,0
5.920639588619827,543.0,0
5.920748819466619,543.0,0
5.920858050313409,542.0,0
5.9209672811602,542.0,0
5.921076512006992,543.0,0
5.921185742853782,542.0,0
5.921294973700574,542.0,0
5.921404204547365,542.0,0
5.921513435394156,542.0,0
5.921622666240947,542.0,0
5.921731897087738,542.0,0
5.921841127934529,542.0,0
5.92195035878132,542.0,0
5.922059589628112,541.0,0
5.922168820474902,542.0,0
5.922278051321694,542.0,0
5.922387282168485,541.0,0
5.922496513015276,541.0,0
5.922605743862067,542.0,0
5.922714974708858,541.0,0
5.922824205555649,540.0,0
5.92293343640244,541.0,0
5.923042667249232,542.0,0
5.923151898096023,540.0,0
5.923261128942814,541.0,0
5.9233703597896055,542.0,0
5.923479590636396,541.0,0
5.923588821483188,540.0,0
5.9236980523299785,542.0,0
5.92380728317677,542.0,0
5.923916514023561,541.0,0
5.924025744870352,542.0,0
5.924134975717143,542.0,0
5.924244206563934,542.0,0
5.924353437410725,542.0,0
5.924462668257516,542.0,0
5.924571899104308,543.0,0
5.924681129951098,542.0,0
5.92479036079789,543.0,0
5.924899591644681,543.0,0
5.925008822491472,543.0,0
5.925118053338263,543.0,0
5.925227284185054,544.0,0
5.925336515031845,543.0,0
5.925445745878637,543.0,0
5.925554976725428,544.0,0
5.925664207572219,544.0,0
5.925773438419011,544.0,0
5.9258826692658015,544.0,0
5.925991900112592,544.0,0
5.926101130959384,545.0,0
5.9262103618061746,544.0,0
5.926319592652966,545.0,0
5.926428823499757,545.0,0
5.9265380543465485,545.0,0
5.926647285193339,544.0,0
5.926756516040131,545.0,0
5.9268657468869215,545.0,0
5.926974977733712,545.0,0
5.927084208580504,545.0,0
5.9271934394272945,546.0,0
5.927302670274086,545.0,0
5.927411901120877,545.0,0
5.927521131967668,546.0,0
5.927630362814459,547.0,0
5.92773959366125,546.0,0
5.927848824508041,547.0,0
5.927958055354832,547.0,0
5.928067286201624,547.0,0
5.928176517048415,547.0,0
5.928285747895206,548.0,0
5.928394978741998,547.0,0
5.928504209588788,547.0,0
5.92861344043558,548.0,0
5.928722671282371,548.0,0
5.928831902129162,548.0,0
5.928941132975953,548.0,0
5.9290503638227445,549.0,0
5.929159594669535,550.0,0
5.929268825516327,548.0,0
5.9293780563631175,549.0,0
5.929487287209908,550.0,0
5.9295965180567,550.0,0
5.929705748903491,548.0,0
5.929814979750282,550.0,0
5.929924210597073,549.0,0
5.9300334414438645,549.0,0
5.930142672290655,550.0,0
5.930251903137446,550.0,0
5.9303611339842375,549.0,0
5.930470364831029,550.0,0
5.93057959567782,550.0,0
5.930688826524611,550.0,0
5.930798057371403,549.0,0
5.930907288218194,550.0,0
5.931016519064984,550.0,0
5.931125749911776,550.0,0
5.931234980758567,550.0,0
5.931344211605358,550.0,0
5.931453442452149,550.0,0
5.931562673298941,550.0,0
5.931671904145731,550.0,0
5.931781134992523,550.0,0
5.931890365839314,549.0,0
5.931999596686104,549.0,0
5.932108827532896,550.0,0
5.932218058379687,548.0,0
5.932327289226478,548.0,0
5.932436520073269,549.0,0
5.9325457509200605,548.0,0
5.932654981766851,548.0,0
5.932764212613642,548.0,0
5.9328734434604335,548.0,0
5.932982674307224,548.0,0
5.933091905154016,547.0,0
5.9332011360008075,548.0,0
5.933310366847598,548.0,0
5.93341959769439,547.0,0
5.9335288285411805,548.0,0
5.933638059387972,548.0,0
5.933747290234763,547.0,0
5.933856521081554,547.0,0
5.933965751928345,548.0,0
5.934074982775137,548.0,0
5.934184213621927,547.0,0
5.934293444468719,548.0,0
5.93440267531551,548.0,0
5.9345119061623,547.0,0
5.934621137009092,547.0,0
5.934730367855883,548.0,0
5.934839598702674,548.0,0
5.934948829549465,547.0,0
5.935058060396257,547.0,0
5.935167291243047,547.0,0
5.935276522089838,547.0,0
5.93538575293663,547.0,0
5.935494983783421,547.0,0
5.935604214630212,547.0,0
5.9357134454770035,547.0,0
5.935822676323795,547.0,0
5.935931907170586,547.0,0
5.9360411380173765,546.0,0
5.936150368864168,546.0,0
5.936259599710959,546.0,0
5.93636883055775,545.0,0
5.936478061404541,545.0,0
5.936587292251333,545.0,0
5.9366965230981235,545.0,0
5.936805753944915,544.0,0
5.936914984791706,544.0,0
5.9370242156384965,544.0,0
5.937133446485288,544.0,0
5.937242677332079,544.0,0
5.93735190817887,544.0,0
5.937461139025661,544.0,0
5.937570369872453,543.0,0
5.937679600719243,543.0,0
5.937788831566034,543.0,0
5.937898062412826,543.0,0
5.938007293259616,543.0,0
5.938116524106408,543.0,0
5.9382257549532,543.0,0
5.93833498579999,543.0,0
5.938444216646782,543.0,0
5.938553447493573,543.0,0
5.938662678340364,542.0,0
5.938771909187155,542.0,0
5.9388811400339465,542.0,0
5.938990370880737,542.0,0
5.939099601727529,541.0,0
5.9392088325743195,542.0,0
5.939318063421111,542.0,0
5.939427294267902,541.0,0
5.9395365251146925,542.0,0
5.939645755961484,542.0,0
5.939754986808275,541.0,0
5.9398642176550664,541.0,0
5.939973448501857,542.0,0
5.940082679348649,542.0,0
5.9401919101954395,541.0,0
5.94030114104223,542.0,0
5.940410371889022,542.0,0
5.940519602735813,542.0,0
5.940628833582604,542.0,0
5.940738064429396,542.0,0
5.940847295276187,542.0,0
5.940956526122978,542.0,0
5.941065756969769,542.0,0
5.94117498781656,543.0,0
5.941284218663351,542.0,0
5.941393449510143,542.0,0
5.941502680356933,543.0,0
5.941611911203725,543.0,0
5.941721142050516,542.0,0
5.941830372897307,542.0,0
5.941939603744098,543.0,0
5.942048834590889,542.0,0
5.94215806543768,542.0,0
5.942267296284471,543.0,0
5.9423765271312625,542.0,0
5.942485757978053,542.0,0
5.942594988824845,542.0,0
5.9427042196716355,543.0,0
5.942813450518426,542.0,0
5.942922681365218,542.0,0
5.9430319122120085,542.0,0
5.9431411430588,542.0,0
5.943250373905592,541.0,0
5.9433596047523825,542.0,0
5.943468835599174,542.0,0
5.943578066445966,541.0,0
5.943687297292756,540.0,0
5.943796528139547,542.0,0
5.943905758986339,540.0,0
5.944014989833129,540.0,0
5.944124220679921,540.0,0
5.944233451526712,540.0,0
5.944342682373503,540.0,0
5.944451913220294,540.0,0
5.944561144067085,540.0,0
5.944670374913876,540.0,0
5.944779605760667,539.0,0
5.944888836607459,540.0,0
5.944998067454249,540.0,0
5.945107298301041,539.0,0
5.945216529147832,539.0,0
5.945325759994622,539.0,0
5.945434990841414,539.0,0
5.9455442216882055,539.0,0
5.945653452534996,539.0,0
5.945762683381788,539.0,0
5.945871914228579,538.0,0
5.94598114507537,538.0,0
5.946090375922162,539.0,0
5.946199606768952,538.0,0
5.946308837615743,537.0,0
5.946418068462535,538.0,0
5.946527299309325,538.0,0
5.946636530156117,538.0,0
5.946745761002908,537.0,0
5.946854991849699,539.0,0
5.94696422269649,538.0,0
5.947073453543281,537.0,0
5.947182684390072,538.0,0
5.947291915236863,539.0,0
5.947401146083655,538.0,0
5.947510376930445,538.0,0
5.947619607777237,539.0,0
5.947728838624028,539.0,0
5.947838069470818,539.0,0
5.94794730031761,540.0,0
5.948056531164401,540.0,0
5.948165762011192,540.0,0
5.948274992857984,540.0,0
5.948384223704775,540.0,0
5.948493454551566,540.0,0
5.948602685398358,540.0,0
5.9487119162451485,540.0,0
5.948821147091939,540.0,0
5.948930377938731,540.0,0
5.9490396087855215,540.0,0
5.949148839632313,541.0,0
5.949258070479104,541.0,0
5.949367301325895,540.0,0
5.949476532172686,541.0,0
5.949585763019477,541.0,0
5.949694993866268,541.0,0
5.949804224713059,540.0,0
5.949913455559851,542.0,0
5.9500226864066414,542.0,0
5.950131917253433,541.0,0
5.950241148100224,542.0,0
5.9503503789470145,542.0,0
5.950459609793806,541.0,0
5.950568840640598,542.0,0
5.950678071487388,542.0,0
5.95078730233418,542.0,0
5.950896533180972,541.0,0
5.951005764027762,542.0,0
5.951114994874554,542.0,0
5.951224225721345,542.0,0
5.951333456568135,542.0,0
5.951442687414927,542.0,0
5.951551918261718,542.0,0
5.951661149108509,542.0,0
5.9517703799553,542.0,0
5.9518796108020915,542.0,0
5.951988841648882,542.0,0
5.952098072495673,542.0,0
5.9522073033424645,542.0,0
5.952316534189255,542.0,0
5.952425765036047,542.0,0
5.9525349958828375,542.0,0
5.952644226729629,542.0,0
5.95275345757642,542.0,0
5.9528626884232105,542.0,0
5.952971919270002,542.0,0
5.953081150116793,542.0,0
5.953190380963584,542.0,0
5.953299611810376,542.0,0
5.953408842657167,542.0,0
5.953518073503958,541.0,0
5.95362730435075,542.0,0
5.953736535197541,542.0,0
5.953845766044331,541.0,0
5.953954996891123,541.0,0
5.954064227737914,542.0,0
5.954173458584705,541.0,0
5.954282689431496,540.0,0
5.954391920278288,540.0,0
5.954501151125078,541.0,0
5.954610381971869,540.0,0
5.954719612818661,540.0,0
5.954828843665451,541.0,0
5.954938074512243,541.0,0
5.955047305359034,540.0,0
5.955156536205825,541.0,0
5.955265767052616,541.0,0
5.955374997899407,540.0,0
5.955484228746198,540.0,0
5.95559345959299,541.0,0
5.9557026904397805,540.0,0
5.955811921286572,540.0,0
5.955921152133364,540.0,0
5.956030382980154,540.0,0
5.956139613826946,540.0,0
5.956248844673737,540.0,0
5.956358075520527,540.0,0
5.956467306367319,540.0,0
5.95657653721411,540.0,0
5.956685768060901,540.0,0
5.956794998907692,540.0,0
5.956904229754484,540.0,0
5.957013460601274,540.0,0
5.957122691448065,540.0,0
5.957231922294857,540.0,0
5.957341153141647,540.0,0
5.957450383988439,540.0,0
5.95755961483523,540.0,0
5.957668845682021,540.0,0
5.957778076528812,540.0,0
5.957887307375604,540.0,0
5.957996538222394,540.0,0
5.958105769069185,540.0,0
5.958214999915977,540.0,0
5.958324230762768,540.0,0
5.958433461609559,540.0,0
5.9585426924563505,540.0,0
5.958651923303142,540.0,0
5.958761154149933,540.0,0
5.9588703849967235,540.0,0
5.958979615843515,540.0,0
5.959088846690306,540.0,0
5.959198077537097,540.0,0
5.959307308383888,540.0,0
5.95941653923068,540.0,0
5.95952577007747,540.0,0
5.959635000924261,540.0,0
5.959744231771053,541.0,0
5.959853462617843,540.0,0
5.959962693464635,540.0,0
5.960071924311426,541.0,0
5.960181155158217,542.0,0
5.960290386005008,541.0,0
5.9603996168518,542.0,0
5.96050884769859,542.0,0
5.960618078545382,542.0,0
5.960727309392173,541.0,0
5.960836540238964,542.0,0
5.960945771085756,542.0,0
5.961055001932547,542.0,0
5.961164232779338,542.0,0
5.961273463626129,543.0,0
5.96138269447292,542.0,0
5.961491925319711,542.0,0
5.961601156166502,542.0,0
5.9617103870132935,542.0,0
5.961819617860084,542.0,0
5.961928848706876,542.0,0
5.9620380795536665,542.0,0
5.962147310400457,542.0,0
5.962256541247249,542.0,0
5.9623657720940395,542.0,0
5.962475002940831,542.0,0
5.962584233787622,542.0,0
5.962693464634413,542.0,0
5.962802695481204,542.0,0
5.962911926327996,542.0,0
5.963021157174786,542.0,0
5.963130388021577,542.0,0
5.963239618868369,542.0,0
5.96334884971516,542.0,0
5.963458080561951,543.0,0
5.963567311408743,543.0,0
5.963676542255534,542.0,0
5.963785773102325,543.0,0
5.963895003949116,543.0,0
5.964004234795907,543.0,0
5.964113465642698,543.0,0
5.9642226964894896,543.0,0
5.96433192733628,543.0,0
5.964441158183072,543.0,0
5.964550389029863,543.0,0
5.964659619876653,543.0,0
5.964768850723445,543.0,0
5.964878081570236,543.0,0
5.964987312417027,544.0,0
5.965096543263818,543.0,0
5.9652057741106095,543.0,0
5.9653150049574,544.0,0
5.965424235804192,543.0,0
5.9655334666509825,543.0,0
5.965642697497774,544.0,0
5.965751928344565,544.0,0
5.965861159191356,544.0,0
5.965970390038148,544.0,0
5.966079620884939,544.0,0
5.96618885173173,544.0,0
5.966298082578521,544.0,0
5.966407313425312,544.0,0
5.966516544272103,545.0,0
5.966625775118894,544.0,0
5.966735005965686,544.0,0
5.966844236812476,545.0,0
5.966953467659268,545.0,0
5.967062698506059,544.0,0
5.967171929352849,545.0,0
5.967281160199641,545.0,0
5.967390391046432,545.0,0
5.967499621893223,544.0,0
5.967608852740014,545.0,0
5.9677180835868056,545.0,0
5.967827314433596,544.0,0
5.967936545280388,544.0,0
5.968045776127179,545.0,0
5.968155006973969,544.0,0
5.968264237820761,544.0,0
5.9683734686675525,544.0,0
5.968482699514343,544.0,0
5.968591930361135,544.0,0
5.968701161207926,544.0,0
5.968810392054717,544.0,0
5.968919622901508,544.0,0
5.969028853748299,544.0,0
5.96913808459509,544.0,0
5.969247315441882,544.0,0
5.969356546288672,543.0,0
5.969465777135464,544.0,0
5.969575007982255,544.0,0
5.969684238829045,544.0,0
5.969793469675837,543.0,0
5.969902700522628,544.0,0
5.970011931369419,544.0,0
5.97012116221621,543.0,0
5.970230393063002,544.0,0
5.970339623909792,544.0,0
5.970448854756584,543.0,0
5.970558085603375,544.0,0
5.970667316450166,544.0,0
5.970776547296957,543.0,0
5.9708857781437485,543.0,0
5.97099500899054,544.0,0
5.971104239837331,543.0,0
5.9712134706841224,543.0,0
5.971322701530913,543.0,0
5.971431932377704,543.0,0
5.9715411632244955,542.0,0
5.971650394071286,542.0,0
5.971759624918078,542.0,0
5.9718688557648685,542.0,0
5.97197808661166,542.0,0
5.972087317458451,542.0,0
5.9721965483052415,542.0,0
5.972305779152033,542.0,0
5.972415009998824,541.0,0
5.972524240845615,542.0,0
5.972633471692406,541.0,0
5.972742702539198,541.0,0
5.972851933385988,541.0,0
5.97296116423278,541.0,0
5.973070395079571,540.0,0
5.973179625926361,540.0,0
5.973288856773153,541.0,0
5.973398087619945,541.0,0
5.973507318466735,540.0,0
5.973616549313527,541.0,0
5.9737257801603185,541.0,0
5.973835011007109,540.0,0
5.9739442418539,540.0,0
5.9740534727006915,541.0,0
5.974162703547482,541.0,0
5.974271934394274,540.0,0
5.9743811652410646,540.0,0
5.974490396087856,541.0,0
5.974599626934647,540.0,0
5.9747088577814385,540.0,0
5.974818088628229,541.0,0
5.97492731947502,541.0,0
5.9750365503218115,540.0,0
5.975145781168602,541.0,0
5.975255012015394,541.0,0
5.9753642428621845,541.0,0
5.975473473708976,540.0,0
5.975582704555767,542.0,0
5.975691935402558,541.0,0
5.975801166249349,541.0,0
5.975910397096141,542.0,0
5.976019627942932,542.0,0
5.976128858789723,541.0,0
5.976238089636515,542.0,0
5.976347320483305,542.0,0
5.976456551330096,542.0,0
5.976565782176888,542.0,0
5.976675013023678,542.0,0
5.97678424387047,542.0,0
5.976893474717261,542.0,0
5.977002705564052,542.0,0
5.977111936410843,543.0,0
5.9772211672576345,543.0,0
5.977330398104425,543.0,0
5.977439628951216,543.0,0
5.9775488597980075,544.0,0
5.977658090644798,543.0,0
5.97776732149159,544.0,0
5.9778765523383806,544.0,0
5.977985783185172,544.0,0
5.978095014031963,544.0,0
5.978204244878754,545.0,0
5.978313475725545,545.0,0
5.978422706572337,545.0,0
5.9785319374191275,545.0,0
5.978641168265919,546.0,0
5.978750399112711,545.0,0
5.978859629959501,545.0,0
5.978968860806292,545.0,0
5.979078091653084,546.0,0
5.979187322499874,545.0,0
5.979296553346666,545.0,0
5.979405784193457,546.0,0
5.979515015040248,545.0,0
5.979624245887039,545.0,0
5.979733476733831,546.0,0
5.979842707580621,546.0,0
5.979951938427412,546.0,0
5.980061169274204,547.0,0
5.980170400120994,547.0,0
5.980279630967786,547.0,0
5.980388861814577,547.0,0
5.980498092661368,547.0,0
5.980607323508159,547.0,0
5.9807165543549505,547.0,0
5.980825785201741,547.0,0
5.980935016048533,547.0,0
5.981044246895324,547.0,0
5.981153477742115,547.0,0
5.981262708588907,547.0,0
5.9813719394356974,547.0,0
5.981481170282488,547.0,0
5.98159040112928,547.0,0
5.9816996319760705,547.0,0
5.981808862822862,547.0,0
5.981918093669653,547.0,0
5.982027324516444,547.0,0
5.982136555363235,547.0,0
5.982245786210027,547.0,0
5.982355017056817,547.0,0
5.982464247903608,547.0,0
5.9825734787504,547.0,0
5.98268270959719,547.0,0
5.982791940443982,547.0,0
5.982901171290773,547.0,0
5.983010402137564,547.0,0
5.983119632984355,547.0,0
5.983228863831146,547.0,0
5.983338094677937,547.0,0
5.983447325524729,547.0,0
5.98355655637152,547.0,0
5.983665787218311,547.0,0
5.983775018065103,547.0,0
5.9838842489118935,547.0,0
5.983993479758684,547.0,0
5.984102710605476,547.0,0
5.9842119414522665,546.0,0
5.984321172299058,547.0,0
5.984430403145849,546.0,0
5.98453963399264,546.0,0
5.984648864839431,546.0,0
5.984758095686223,546.0,0
5.9848673265330135,545.0,0
5.984976557379804,545.0,0
5.985085788226596,546.0,0
5.9851950190733865,546.0,0
5.985304249920178,545.0,0
5.985413480766969,545.0,0
5.98552271161376,545.0,0
5.985631942460551,545.0,0
5.985741173307343,545.0,0
5.985850404154133,545.0,0
5.985959635000925,545.0,0
5.986068865847717,544.0,0
5.986178096694507,544.0,0
5.986287327541299,545.0,0
5.98639655838809,544.0,0
5.98650578923488,544.0,0
5.986615020081672,545.0,0
5.986724250928463,545.0,0
5.986833481775254,544.0,0
5.986942712622045,545.0,0
5.9870519434688365,545.0,0
5.987161174315627,545.0,0
5.987270405162419,545.0,0
5.9873796360092095,545.0,0
5.987488866856,545.0,0
5.987598097702792,545.0,0
5.9877073285495825,545.0,0
5.987816559396374,545.0,0
5.987925790243165,545.0,0
5.9880350210899564,545.0,0
5.988144251936747,545.0,0
5.988253482783538,545.0,0
5.9883627136303295,545.0,0
5.988471944477121,546.0,0
5.988581175323912,546.0,0
5.988690406170703,546.0,0
5.988799637017495,546.0,0
5.988908867864286,547.0,0
5.989018098711077,546.0,0
5.989127329557868,546.0,0
5.989236560404659,546.0,0
5.98934579125145,547.0,0
5.989455022098241,547.0,0
5.989564252945033,547.0,0
5.989673483791823,547.0,0
5.989782714638615,547.0,0
5.989891945485406,546.0,0
5.990001176332196,547.0,0
5.990110407178988,547.0,0
5.990219638025779,547.0,0
5.99032886887257,547.0,0
5.990438099719361,547.0,0
5.9905473305661525,547.0,0
5.990656561412943,547.0,0
5.990765792259735,547.0,0
5.9908750231065255,547.0,0
5.990984253953317,547.0,0
5.991093484800109,547.0,0
5.991202715646899,547.0,0
5.991311946493691,547.0,0
5.991421177340482,547.0,0
5.991530408187273,547.0,0
5.991639639034064,547.0,0
5.991748869880855,547.0,0
5.991858100727646,547.0,0
5.991967331574437,547.0,0
5.992076562421229,547.0,0
5.992185793268019,547.0,0
5.992295024114811,547.0,0
5.992404254961602,547.0,0
5.992513485808392,547.0,0
5.992622716655184,547.0,0
5.992731947501975,547.0,0
5.992841178348766,547.0,0
5.992950409195557,547.0,0
5.993059640042349,547.0,0
5.993168870889139,547.0,0
5.99327810173593,547.0,0
5.993387332582722,547.0,0
5.993496563429513,547.0,0
5.993605794276304,547.0,0
5.9937150251230955,547.0,0
5.993824255969887,547.0,0
5.993933486816678,547.0,0
5.994042717663469,547.0,0
5.99415194851026,547.0,0
5.994261179357051,546.0,0
5.994370410203842,546.0,0
5.994479641050633,546.0,0
5.994588871897425,546.0,0
5.994698102744215,545.0,0
5.994807333591007,546.0,0
5.994916564437798,545.0,0
5.9950257952845885,545.0,0
5.99513502613138,545.0,0
5.995244256978171,545.0,0
5.995353487824962,545.0,0
5.995462718671753,545.0,0
5.995571949518545,545.0,0
5.995681180365335,545.0,0
5.995790411212127,544.0,0
5.995899642058918,545.0,0
5.996008872905709,545.0,0
5.996118103752501,545.0,0
5.996227334599292,544.0,0
5.996336565446083,545.0,0
5.996445796292874,544.0,0
5.9965550271396655,544.0,0
5.996664257986456,545.0,0
5.996773488833247,545.0,0
5.9968827196800385,544.0,0
5.996991950526829,544.0,0
5.997101181373621,544.0,0
5.9972104122204115,544.0,0
5.997319643067203,544.0,0
5.997428873913994,544.0,0
5.9975381047607845,544.0,0
5.997647335607576,544.0,0
5.997756566454367,544.0,0
5.997865797301158,544.0,0
5.997975028147949,544.0,0
5.998084258994741,544.0,0
5.9981934898415314,544.0,0
5.998302720688322,544.0,0
5.998411951535114,543.0,0
5.998521182381905,544.0,0
5.998630413228696,544.0,0
5.998739644075488,544.0,0
5.998848874922279,544.0,0
5.99895810576907,545.0,0
5.999067336615862,544.0,0
5.999176567462652,544.0,0
5.999285798309443,544.0,0
5.999395029156235,545.0,0
5.999504260003025,544.0,0
5.999613490849817,544.0,0
5.999722721696608,545.0,0
5.999831952543399,545.0,0
5.99994118339019,544.0,0
6.000050414236981,545.0,0
6.000159645083772,545.0,0
6.000268875930563,545.0,0
6.0003781067773545,545.0,0
6.000487337624145,545.0,0
6.000596568470937,545.0,0
6.0007057993177275,545.0,0
6.000815030164519,545.0,0
6.00092426101131,545.0,0
6.001033491858101,544.0,0
6.001142722704893,545.0,0
6.001251953551684,545.0,0
6.001361184398475,544.0,0
6.001470415245266,544.0,0
6.001579646092058,544.0,0
6.001688876938848,544.0,0
6.001798107785639,543.0,0
6.001907338632431,544.0,0
6.002016569479221,544.0,0
6.002125800326013,543.0,0
6.002235031172804,543.0,0
6.002344262019595,543.0,0
6.002453492866386,543.0,0
6.002562723713177,543.0,0
6.002671954559968,543.0,0
6.002781185406759,543.0,0
6.002890416253551,542.0,0
6.002999647100341,542.0,0
6.003108877947133,543.0,0
6.003218108793924,542.0,0
6.003327339640714,542.0,0
6.003436570487506,542.0,0
6.0035458013342975,542.0,0
6.003655032181088,540.0,0
6.00376426302788,541.0,0
6.003873493874671,541.0,0
6.003982724721462,540.0,0
6.004091955568254,540.0,0
6.004201186415044,540.0,0
6.004310417261835,540.0,0
6.004419648108627,539.0,0
6.004528878955417,539.0,0
6.004638109802209,540.0,0
6.004747340649,539.0,0
6.004856571495791,539.0,0
6.004965802342582,539.0,0
6.005075033189373,539.0,0
6.005184264036164,538.0,0
6.005293494882955,539.0,0
6.005402725729747,539.0,0
6.005511956576537,538.0,0
6.005621187423329,538.0,0
6.00573041827012,539.0,0
6.005839649116911,539.0,0
6.005948879963702,537.0,0
6.006058110810494,538.0,0
6.006167341657285,539.0,0
6.006276572504076,537.0,0
6.0063858033508675,537.0,0
6.006495034197658,538.0,0
6.00660426504445,537.0,0
6.0067134958912405,537.0,0
6.006822726738031,537.0,0
6.006931957584823,537.0,0
6.0070411884316135,536.0,0
6.007150419278405,537.0,0
6.007259650125196,537.0,0
6.007368880971987,537.0,0
6.007478111818778,536.0,0
6.007587342665569,537.0,0
6.00769657351236,537.0,0
6.007805804359151,536.0,0
6.007915035205943,536.0,0
6.008024266052733,537.0,0
6.008133496899525,536.0,0
6.008242727746316,536.0,0
6.008351958593107,537.0,0
6.008461189439898,537.0,0
6.00857042028669,536.0,0
6.00867965113348,536.0,0
6.008788881980272,537.0,0
6.0088981128270635,536.0,0
6.009007343673854,536.0,0
6.009116574520646,537.0,0
6.009225805367437,537.0,0
6.009335036214227,536.0,0
6.009444267061019,537.0,0
6.00955349790781,537.0,0
6.009662728754601,536.0,0
6.009771959601392,536.0,0
6.0098811904481835,537.0,0
6.009990421294974,537.0,0
6.010099652141765,536.0,0
6.0102088829885565,536.0,0
6.010318113835347,537.0,0
6.010427344682139,536.0,0
6.0105365755289295,536.0,0
6.010645806375721,537.0,0
6.010755037222512,537.0,0
6.010864268069303,536.0,0
6.010973498916094,537.0,0
6.011082729762886,537.0,0
6.011191960609677,536.0,0
6.011301191456468,536.0,0
6.01141042230326,537.0,0
6.01151965315005,537.0,0
6.011628883996842,537.0,0
6.011738114843633,537.0,0
6.011847345690423,537.0,0
6.011956576537215,537.0,0
6.012065807384006,537.0,0
6.012175038230797,537.0,0
6.012284269077588,537.0,0
6.0123934999243795,537.0,0
6.01250273077117,537.0,0
6.012611961617961,537.0,0
6.012721192464753,537.0,0
6.012830423311543,536.0,0
6.012939654158335,537.0,0
6.013048885005126,536.0,0
6.013158115851917,536.0,0
6.013267346698708,536.0,0
6.0133765775454995,537.0,0
6.01348580839229,536.0,0
6.013595039239082,536.0,0
6.0137042700858725,536.0,0
6.013813500932664,536.0,0
6.013922731779456,536.0,0
6.014031962626246,536.0,0
6.014141193473038,536.0,0
6.014250424319829,536.0,0
6.014359655166619,536.0,0
6.014468886013411,536.0,0
6.014578116860202,536.0,0
6.014687347706993,536.0,0
6.014796578553784,536.0,0
6.014905809400576,536.0,0
6.015015040247366,536.0,0
6.015124271094157,536.0,0
6.015233501940949,536.0,0
6.015342732787739,536.0,0
6.015451963634531,536.0,0
6.015561194481322,536.0,0
6.015670425328113,536.0,0
6.015779656174904,536.0,0
6.0158888870216956,536.0,0
6.015998117868486,536.0,0
6.016107348715278,536.0,0
6.0162165795620695,536.0,0
6.01632581040886,536.0,0
6.016435041255652,537.0,0
6.0165442721024425,537.0,0
6.016653502949234,537.0,0
6.016762733796025,537.0,0
6.0168719646428155,537.0,0
6.016981195489607,537.0,0
6.017090426336398,537.0,0
6.017199657183189,537.0,0
6.01730888802998,537.0,0
6.017418118876772,537.0,0
6.017527349723562,538.0,0
6.017636580570353,537.0,0
6.017745811417145,537.0,0
6.017855042263935,538.0,0
6.017964273110727,538.0,0
6.018073503957518,538.0,0
6.018182734804309,539.0,0
6.0182919656511,539.0,0
6.018401196497892,539.0,0
6.018510427344682,539.0,0
6.018619658191474,540.0,0
6.018728889038265,540.0,0
6.018838119885056,540.0,0
6.018947350731848,540.0,0
6.0190565815786385,540.0,0
6.01916581242543,540.0,0
6.019275043272221,540.0,0
6.019384274119012,541.0,0
6.019493504965803,541.0,0
6.019602735812594,540.0,0
6.0197119666593855,541.0,0
6.019821197506176,542.0,0
6.019930428352968,541.0,0
6.0200396591997585,541.0,0
6.02014889004655,542.0,0
6.020258120893341,542.0,0
6.0203673517401315,541.0,0
6.020476582586923,542.0,0
6.020585813433714,542.0,0
6.020695044280505,542.0,0
6.020804275127296,542.0,0
6.020913505974088,542.0,0
6.021022736820878,542.0,0
6.02113196766767,542.0,0
6.021241198514462,542.0,0
6.021350429361252,542.0,0
6.021459660208044,542.0,0
6.021568891054835,542.0,0
6.021678121901626,542.0,0
6.021787352748417,542.0,0
6.021896583595208,542.0,0
6.022005814441999,542.0,0
6.02211504528879,542.0,0
6.0222242761355815,541.0,0
6.022333506982372,542.0,0
6.022442737829164,542.0,0
6.0225519686759545,541.0,0
6.022661199522746,540.0,0
6.022770430369537,541.0,0
6.022879661216328,540.0,0
6.022988892063119,540.0,0
6.02309812290991,540.0,0
6.0232073537567015,540.0,0
6.023316584603492,540.0,0
6.023425815450284,540.0,0
6.0235350462970745,540.0,0
6.023644277143866,540.0,0
6.023753507990657,539.0,0
6.023862738837448,540.0,0
6.02397196968424,540.0,0
6.024081200531031,539.0,0
6.024190431377822,539.0,0
6.024299662224613,539.0,0
6.024408893071404,539.0,0
6.024518123918195,539.0,0
6.024627354764986,539.0,0
6.024736585611778,539.0,0
6.024845816458568,539.0,0
6.02495504730536,539.0,0
6.025064278152151,539.0,0
6.025173508998942,538.0,0
6.025282739845733,538.0,0
6.025391970692524,538.0,0
6.025501201539315,538.0,0
6.025610432386106,538.0,0
6.0257196632328975,538.0,0
6.025828894079688,538.0,0
6.02593812492648,537.0,0
6.0260473557732706,538.0,0
6.026156586620062,537.0,0
6.026265817466854,538.0,0
6.0263750483136445,537.0,0
6.026484279160436,538.0,0
6.026593510007227,538.0,0
6.026702740854018,538.0,0
6.026811971700809,538.0,0
6.0269212025476,539.0,0
6.027030433394391,539.0,0
6.027139664241182,539.0,0
6.027248895087974,539.0,0
6.027358125934764,539.0,0
6.027467356781556,539.0,0
6.027576587628347,539.0,0
6.027685818475138,539.0,0
6.027795049321929,539.0,0
6.02790428016872,539.0,0
6.028013511015511,539.0,0
6.028122741862302,539.0,0
6.028231972709094,539.0,0
6.028341203555884,539.0,0
6.028450434402676,539.0,0
6.028559665249467,539.0,0
6.028668896096258,539.0,0
6.028778126943049,538.0,0
6.0288873577898405,539.0,0
6.028996588636632,538.0,0
6.029105819483423,538.0,0
6.029215050330214,537.0,0
6.029324281177005,538.0,0
6.029433512023796,537.0,0
6.0295427428705874,537.0,0
6.029651973717378,537.0,0
6.02976120456417,537.0,0
6.0298704354109605,537.0,0
6.029979666257752,538.0,0
6.030088897104543,537.0,0
6.030198127951334,538.0,0
6.030307358798125,539.0,0
6.030416589644916,539.0,0
6.030525820491707,538.0,0
6.030635051338498,539.0,0
6.03074428218529,539.0,0
6.03085351303208,539.0,0
6.030962743878872,539.0,0
6.031071974725663,540.0,0
6.031181205572454,539.0,0
6.031290436419246,539.0,0
6.031399667266037,540.0,0
6.031508898112828,540.0,0
6.031618128959619,539.0,0
6.0317273598064105,540.0,0
6.031836590653201,540.0,0
6.031945821499992,540.0,0
6.0320550523467835,539.0,0
6.032164283193574,540.0,0
6.032273514040366,540.0,0
6.0323827448871565,540.0,0
6.032491975733948,540.0,0
6.032601206580739,540.0,0
6.03271043742753,540.0,0
6.032819668274321,540.0,0
6.032928899121112,540.0,0
6.0330381299679035,540.0,0
6.033147360814694,539.0,0
6.033256591661486,540.0,0
6.0333658225082765,540.0,0
6.033475053355068,540.0,0
6.033584284201859,540.0,0
6.03369351504865,540.0,0
6.033802745895441,540.0,0
6.033911976742233,540.0,0
6.034021207589024,540.0,0
6.034130438435815,540.0,0
6.034239669282607,540.0,0
6.034348900129397,540.0,0
6.034458130976188,540.0,0
6.03456736182298,540.0,0
6.03467659266977,540.0,0
6.034785823516562,540.0,0
6.034895054363353,540.0,0
6.035004285210144,540.0,0
6.035113516056935,540.0,0
6.0352227469037265,540.0,0
6.035331977750517,540.0,0
6.035441208597308,540.0,0
6.0355504394440995,540.0,0
6.03565967029089,540.0,0
6.035768901137682,540.0,0
6.0358781319844725,540.0,0
6.035987362831264,540.0,0
6.036096593678055,540.0,0
6.036205824524846,540.0,0
6.036315055371638,540.0,0
6.036424286218429,540.0,0
6.03653351706522,540.0,0
6.036642747912011,540.0,0
6.036751978758803,540.0,0
6.036861209605593,540.0,0
6.036970440452385,540.0,0
6.037079671299176,540.0,0
6.037188902145966,540.0,0
6.037298132992758,540.0,0
6.037407363839549,540.0,0
6.03751659468634,540.0,0
6.037625825533131,540.0,0
6.037735056379923,540.0,0
6.037844287226713,540.0,0
6.037953518073504,540.0,0
6.038062748920296,540.0,0
6.038171979767086,540.0,0
6.038281210613878,540.0,0
6.038390441460669,540.0,0
6.03849967230746,541.0,0
6.038608903154251,540.0,0
6.0387181340010425,540.0,0
6.038827364847833,540.0,0
6.038936595694625,540.0,0
6.039045826541416,540.0,0
6.039155057388207,540.0,0
6.039264288234999,540.0,0
6.039373519081789,540.0,0
6.039482749928581,540.0,0
6.039591980775372,541.0,0
6.0397012116221624,541.0,0
6.039810442468954,540.0,0
6.039919673315745,540.0,0
6.040028904162536,541.0,0
6.040138135009327,541.0,0
6.040247365856119,540.0,0
6.040356596702909,541.0,0
6.0404658275497,541.0,0
6.040575058396492,540.0,0
6.040684289243282,540.0,0
6.040793520090074,541.0,0
6.040902750936865,540.0,0
6.041011981783656,540.0,0
6.041121212630447,541.0,0
6.041230443477239,540.0,0
6.04133967432403,540.0,0
6.041448905170821,540.0,0
6.0415581360176125,540.0,0
6.041667366864403,540.0,0
6.041776597711195,540.0,0
6.0418858285579855,540.0,0
6.041995059404777,540.0,0
6.042104290251568,540.0,0
6.0422135210983585,540.0,0
6.04232275194515,540.0,0
6.042431982791941,540.0,0
6.042541213638732,540.0,0
6.042650444485523,540.0,0
6.042759675332315,540.0,0
6.042868906179105,540.0,0
6.042978137025896,540.0,0
6.043087367872688,540.0,0
6.0431965987194785,540.0,0
6.04330582956627,540.0,0
6.043415060413061,540.0,0
6.043524291259852,540.0,0
6.043633522106643,540.0,0
6.043742752953435,540.0,0
6.043851983800225,540.0,0
6.043961214647017,540.0,0
6.044070445493809,540.0,0
6.044179676340599,540.0,0
6.044288907187391,540.0,0
6.044398138034182,540.0,0
6.044507368880973,540.0,0
6.044616599727764,540.0,0
6.044725830574555,540.0,0
6.044835061421346,540.0,0
6.044944292268137,540.0,0
6.0450535231149285,540.0,0
6.045162753961719,540.0,0
6.045271984808511,540.0,0
6.0453812156553015,540.0,0
6.045490446502092,539.0,0
6.045599677348884,539.0,0
6.0457089081956745,540.0,0
6.045818139042466,539.0,0
6.045927369889257,539.0,0
6.046036600736048,539.0,0
6.046145831582839,539.0,0
6.046255062429631,539.0,0
6.046364293276422,539.0,0
6.046473524123213,539.0,0
6.046582754970005,538.0,0
6.046691985816795,537.0,0
6.046801216663587,539.0,0
6.046910447510378,539.0,0
6.047019678357169,537.0,0
6.04712890920396,538.0,0
6.047238140050751,539.0,0
6.047347370897542,538.0,0
6.047456601744333,537.0,0
6.047565832591125,538.0,0
6.047675063437915,538.0,0
6.047784294284707,537.0,0
6.047893525131498,537.0,0
6.048002755978288,538.0,0
6.04811198682508,537.0,0
6.048221217671871,537.0,0
6.048330448518662,537.0,0
6.048439679365453,537.0,0
6.0485489102122445,537.0,0
6.048658141059035,537.0,0
6.048767371905827,537.0,0
6.0488766027526175,537.0,0
6.048985833599409,536.0,0
6.049095064446201,537.0,0
6.049204295292991,537.0,0
6.049313526139783,536.0,0
6.049422756986574,537.0,0
6.049531987833365,537.0,0
6.049641218680156,536.0,0
6.049750449526947,536.0,0
6.049859680373738,537.0,0
6.049968911220529,537.0,0
6.050078142067321,536.0,0
6.050187372914111,536.0,0
6.050296603760903,537.0,0
6.050405834607694,537.0,0
6.050515065454484,536.0,0
6.050624296301276,537.0,0
6.050733527148067,537.0,0
6.050842757994858,536.0,0
6.050951988841649,537.0,0
6.051061219688441,537.0,0
6.051170450535231,537.0,0
6.051279681382023,537.0,0
6.0513889122288145,537.0,0
6.051498143075605,537.0,0
6.051607373922397,537.0,0
6.0517166047691875,537.0,0
6.051825835615979,538.0,0
6.05193506646277,537.0,0
6.052044297309561,537.0,0
6.052153528156352,537.0,0
6.052262759003143,538.0,0
6.052371989849934,537.0,0
6.052481220696725,537.0,0
6.052590451543517,538.0,0
6.052699682390307,537.0,0
6.052808913237099,537.0,0
6.05291814408389,538.0,0
6.05302737493068,537.0,0
6.053136605777472,537.0,0
6.053245836624263,538.0,0
6.053355067471054,538.0,0
6.053464298317845,538.0,0
6.053573529164637,538.0,0
6.053682760011427,539.0,0
6.053791990858219,539.0,0
6.05390122170501,538.0,0
6.054010452551801,539.0,0
6.054119683398593,539.0,0
6.054228914245384,539.0,0
6.054338145092175,539.0,0
6.054447375938966,539.0,0
6.0545566067857575,539.0,0
6.054665837632548,539.0,0
6.054775068479339,538.0,0
6.0548842993261305,539.0,0
6.054993530172921,539.0,0
6.055102761019713,538.0,0
6.0552119918665035,539.0,0
6.055321222713295,539.0,0
6.055430453560086,539.0,0
6.0555396844068765,539.0,0
6.055648915253668,540.0,0
6.055758146100459,539.0,0
6.05586737694725,539.0,0
6.055976607794041,540.0,0
6.056085838640833,540.0,0
6.056195069487623,540.0,0
6.056304300334415,540.0,0
6.056413531181207,540.0,0
6.056522762027997,540.0,0
6.056631992874789,540.0,0
6.05674122372158,540.0,0
6.056850454568371,541.0,0
6.056959685415162,540.0,0
6.0570689162619535,541.0,0
6.057178147108744,541.0,0
6.057287377955535,541.0,0
6.0573966088023266,540.0,0
6.057505839649117,541.0,0
6.057615070495909,540.0,0
6.0577243013427,540.0,0
6.057833532189491,540.0,0
6.057942763036282,540.0,0
6.058051993883073,540.0,0
6.058161224729864,540.0,0
6.058270455576655,540.0,0
6.0583796864234465,540.0,0
6.058488917270237,540.0,0
6.058598148117029,540.0,0
6.0587073789638195,540.0,0
6.058816609810611,540.0,0
6.058925840657402,540.0,0
6.059035071504193,540.0,0
6.059144302350985,540.0,0
6.059253533197776,540.0,0
6.059362764044567,540.0,0
6.059471994891358,540.0,0
6.05958122573815,540.0,0
6.05969045658494,540.0,0
6.059799687431731,540.0,0
6.059908918278523,540.0,0
6.060018149125313,540.0,0
6.060127379972105,540.0,0
6.060236610818896,540.0,0
6.060345841665687,540.0,0
6.060455072512478,540.0,0
6.060564303359269,540.0,0
6.06067353420606,540.0,0
6.060782765052851,540.0,0
6.060891995899643,540.0,0
6.061001226746433,541.0,0
6.061110457593225,540.0,0
6.061219688440016,540.0,0
6.061328919286807,541.0,0
6.061438150133599,541.0,0
6.0615473809803895,540.0,0
6.061656611827181,541.0,0
6.061765842673972,542.0,0
6.061875073520763,541.0,0
6.061984304367554,541.0,0
6.062093535214346,542.0,0
6.062202766061136,542.0,0
6.062311996907927,542.0,0
6.062421227754719,542.0,0
6.062530458601509,542.0,0
6.062639689448301,542.0,0
6.062748920295092,542.0,0
6.062858151141883,542.0,0
6.062967381988674,542.0,0
6.063076612835465,542.0,0
6.063185843682256,542.0,0
6.063295074529047,542.0,0
6.063404305375839,542.0,0
6.063513536222629,542.0,0
6.063622767069421,542.0,0
6.063731997916212,542.0,0
6.063841228763003,542.0,0
6.063950459609794,542.0,0
6.0640596904565855,542.0,0
6.064168921303377,541.0,0
6.064278152150168,541.0,0
6.0643873829969595,541.0,0
6.06449661384375,541.0,0
6.064605844690542,540.0,0
6.0647150755373325,540.0,0
6.064824306384123,540.0,0
6.064933537230915,540.0,0
6.0650427680777055,540.0,0
6.065151998924497,540.0,0
6.065261229771288,540.0,0
6.065370460618079,540.0,0
6.06547969146487,540.0,0
6.065588922311661,540.0,0
6.065698153158452,540.0,0
6.065807384005243,540.0,0
6.065916614852035,540.0,0
6.066025845698825,540.0,0
6.066135076545617,540.0,0
6.066244307392408,540.0,0
6.066353538239199,540.0,0
6.066462769085991,540.0,0
6.066571999932782,540.0,0
6.066681230779573,540.0,0
6.066790461626364,540.0,0
6.0668996924731555,540.0,0
6.067008923319946,540.0,0
6.067118154166738,540.0,0
6.0672273850135285,540.0,0
6.067336615860319,540.0,0
6.067445846707111,540.0,0
6.0675550775539016,540.0,0
6.067664308400693,540.0,0
6.067773539247484,540.0,0
6.0678827700942755,540.0,0
6.067992000941066,540.0,0
6.068101231787858,540.0,0
6.0682104626346485,540.0,0
6.068319693481439,540.0,0
6.068428924328231,540.0,0
6.0685381551750215,540.0,0
6.068647386021813,540.0,0
6.068756616868604,540.0,0
6.068865847715395,540.0,0
6.068975078562186,540.0,0
6.069084309408978,540.0,0
6.069193540255769,540.0,0
6.06930277110256,540.0,0
6.069412001949352,540.0,0
6.069521232796142,540.0,0
6.069630463642934,539.0,0
6.069739694489725,540.0,0
6.069848925336515,539.0,0
6.069958156183307,539.0,0
6.070067387030098,539.0,0
6.070176617876889,539.0,0
6.07028584872368,538.0,0
6.0703950795704715,538.0,0
6.070504310417262,537.0,0
6.070613541264054,537.0,0
6.0707227721108445,537.0,0
6.070832002957635,537.0,0
6.070941233804427,537.0,0
6.071050464651218,537.0,0
6.071159695498009,537.0,0
6.0712689263448,537.0,0
6.0713781571915915,536.0,0
6.071487388038383,537.0,0
6.071596618885174,537.0,0
6.071705849731965,536.0,0
6.071815080578756,536.0,0
6.071924311425548,537.0,0
6.072033542272338,536.0,0
6.07214277311913,536.0,0
6.072252003965921,536.0,0
6.072361234812711,536.0,0
6.072470465659503,536.0,0
6.072579696506294,536.0,0
6.072688927353085,536.0,0
6.072798158199876,537.0,0
6.072907389046668,536.0,0
6.073016619893458,537.0,0
6.07312585074025,537.0,0
6.073235081587041,537.0,0
6.073344312433831,537.0,0
6.073453543280623,537.0,0
6.073562774127414,537.0,0
6.073672004974205,537.0,0
6.073781235820996,537.0,0
6.0738904666677875,537.0,0
6.073999697514578,537.0,0
6.07410892836137,537.0,0
6.074218159208161,537.0,0
6.074327390054952,537.0,0
6.074436620901744,536.0,0
6.0745458517485345,537.0,0
6.074655082595326,536.0,0
6.074764313442117,536.0,0
6.0748735442889075,536.0,0
6.074982775135699,536.0,0
6.07509200598249,536.0,0
6.075201236829281,536.0,0
6.075310467676072,536.0,0
6.075419698522864,536.0,0
6.075528929369654,536.0,0
6.075638160216446,536.0,0
6.075747391063237,536.0,0
6.075856621910027,536.0,0
6.075965852756819,536.0,0
6.07607508360361,535.0,0
6.076184314450401,534.0,0
6.076293545297192,534.0,0
6.076402776143984,534.0,0
6.076512006990775,534.0,0
6.076621237837566,534.0,0
6.0767304686843575,534.0,0
6.076839699531148,533.0,0
6.07694893037794,533.0,0
6.0770581612247305,532.0,0
6.077167392071522,532.0,0
6.077276622918313,532.0,0
6.0773858537651035,532.0,0
6.077495084611895,532.0,0
6.077604315458686,532.0,0
6.077713546305477,532.0,0
6.077822777152268,532.0,0
6.07793200799906,532.0,0
6.0780412388458505,532.0,0
6.078150469692642,532.0,0
6.078259700539433,533.0,0
6.0783689313862235,533.0,0
6.078478162233015,533.0,0
6.078587393079806,534.0,0
6.078696623926597,534.0,0
6.078805854773388,533.0,0
6.07891508562018,534.0,0
6.07902431646697,534.0,0
6.079133547313762,534.0,0
6.079242778160554,534.0,0
6.079352009007344,534.0,0
6.079461239854136,534.0,0
6.079570470700927,534.0,0
6.079679701547718,534.0,0
6.079788932394509,534.0,0
6.0798981632413,534.0,0
6.080007394088091,534.0,0
6.080116624934882,535.0,0
6.0802258557816735,535.0,0
6.080335086628464,534.0,0
6.080444317475256,535.0,0
6.0805535483220465,535.0,0
6.080662779168838,535.0,0
6.080772010015629,535.0,0
6.0808812408624195,536.0,0
6.080990471709211,536.0,0
6.081099702556002,536.0,0
6.0812089334027934,536.0,0
6.081318164249584,536.0,0
6.081427395096376,536.0,0
6.081536625943167,536.0,0
6.081645856789958,536.0,0
6.08175508763675,536.0,0
6.08186431848354,536.0,0
6.081973549330332,536.0,0
6.082082780177123,536.0,0
6.082192011023914,536.0,0
6.082301241870705,536.0,0
6.082410472717497,537.0,0
6.082519703564287,536.0,0
6.082628934411078,536.0,0
6.08273816525787,537.0,0
6.08284739610466,537.0,0
6.082956626951452,537.0,0
6.083065857798243,537.0,0
6.083175088645034,538.0,0
6.083284319491825,538.0,0
6.083393550338616,537.0,0
6.083502781185407,539.0,0
6.083612012032198,539.0,0
6.0837212428789895,539.0,0
6.08383047372578,539.0,0
6.083939704572572,540.0,0
6.0840489354193625,540.0,0
6.084158166266154,540.0,0
6.084267397112946,540.0,0
6.084376627959736,540.0,0
6.084485858806528,540.0,0
6.084595089653319,540.0,0
6.08470432050011,540.0,0
6.084813551346901,540.0,0
6.084922782193693,539.0,0
6.085032013040483,540.0,0
6.085141243887274,539.0,0
6.085250474734066,539.0,0
6.085359705580856,539.0,0
6.085468936427648,539.0,0
6.085578167274439,538.0,0
6.08568739812123,538.0,0
6.085796628968021,538.0,0
6.085905859814812,537.0,0
6.086015090661603,537.0,0
6.086124321508394,537.0,0
6.086233552355186,537.0,0
6.086342783201976,536.0,0
6.086452014048768,536.0,0
6.0865612448955595,536.0,0
6.08667047574235,536.0,0
6.086779706589142,536.0,0
6.0868889374359325,536.0,0
6.086998168282724,536.0,0
6.087107399129515,536.0,0
6.087216629976306,536.0,0
6.087325860823097,536.0,0
6.087435091669889,536.0,0
6.087544322516679,535.0,0
6.08765355336347,535.0,0
6.087762784210262,535.0,0
6.087872015057052,534.0,0
6.087981245903844,534.0,0
6.088090476750635,535.0,0
6.088199707597426,535.0,0
6.088308938444217,534.0,0
6.088418169291008,535.0,0
6.088527400137799,535.0,0
6.08863663098459,534.0,0
6.088745861831382,535.0,0
6.088855092678172,536.0,0
6.088964323524964,536.0,0
6.089073554371755,535.0,0
6.089182785218546,536.0,0
6.089292016065338,536.0,0
6.089401246912129,536.0,0
6.08951047775892,536.0,0
6.089619708605711,536.0,0
6.0897289394525025,536.0,0
6.089838170299293,536.0,0
6.089947401146085,536.0,0
6.0900566319928755,536.0,0
6.090165862839666,536.0,0
6.090275093686458,536.0,0
6.0903843245332485,536.0,0
6.09049355538004,536.0,0
6.090602786226831,536.0,0
6.090712017073622,536.0,0
6.090821247920413,536.0,0
6.090930478767204,536.0,0
6.091039709613995,536.0,0
6.091148940460786,536.0,0
6.091258171307578,536.0,0
6.0913674021543684,536.0,0
6.09147663300116,536.0,0
6.091585863847952,536.0,0
6.091695094694742,536.0,0
6.091804325541534,536.0,0
6.091913556388325,536.0,0
6.092022787235116,536.0,0
6.092132018081907,536.0,0
6.092241248928699,536.0,0
6.092350479775489,536.0,0
6.092459710622281,535.0,0
6.092568941469072,535.0,0
6.092678172315862,536.0,0
6.092787403162654,535.0,0
6.092896634009445,534.0,0
6.093005864856236,534.0,0
6.093115095703027,534.0,0
6.0932243265498185,534.0,0
6.093333557396609,534.0,0
6.0934427882434,534.0,0
6.0935520190901915,533.0,0
6.093661249936982,532.0,0
6.093770480783774,533.0,0
6.0938797116305645,532.0,0
6.093988942477356,532.0,0
6.094098173324147,532.0,0
6.094207404170938,532.0,0
6.09431663501773,531.0,0
6.094425865864521,531.0,0
6.094535096711312,532.0,0
6.094644327558103,531.0,0
6.094753558404895,531.0,0
6.094862789251685,531.0,0
6.094972020098477,531.0,0
6.095081250945268,531.0,0
6.095190481792058,531.0,0
6.09529971263885,531.0,0
6.095408943485641,531.0,0
6.095518174332432,531.0,0
6.095627405179223,531.0,0
6.095736636026015,531.0,0
6.095845866872805,531.0,0
6.095955097719596,531.0,0
6.096064328566388,531.0,0
6.096173559413178,531.0,0
6.09628279025997,530.0,0
6.096392021106761,531.0,0
6.096501251953552,531.0,0
6.096610482800344,531.0,0
6.0967197136471345,530.0,0
6.096828944493926,531.0,0
6.096938175340717,531.0,0
6.097047406187508,530.0,0
6.097156637034299,531.0,0
6.097265867881091,531.0,0
6.097375098727881,531.0,0
6.097484329574673,531.0,0
6.097593560421464,531.0,0
6.097702791268254,531.0,0
6.097812022115046,531.0,0
6.097921252961837,531.0,0
6.098030483808628,531.0,0
6.098139714655419,531.0,0
6.098248945502211,530.0,0
6.098358176349001,531.0,0
6.098467407195792,531.0,0
6.098576638042584,530.0,0
6.098685868889374,530.0,0
6.098795099736166,530.0,0
6.098904330582957,529.0,0
6.099013561429748,530.0,0
6.099122792276539,530.0,0
6.099232023123331,529.0,0
6.099341253970122,529.0,0
6.099450484816913,529.0,0
6.0995597156637045,530.0,0
6.099668946510495,529.0,0
6.099778177357287,529.0,0
6.0998874082040775,530.0,0
6.099996639050869,529.0,0
6.10010586989766,529.0,0
6.1002151007444505,530.0,0
6.100324331591242,530.0,0
6.100433562438033,529.0,0
6.100542793284824,530.0,0
6.100652024131615,530.0,0
6.100761254978407,530.0,0
6.100870485825197,530.0,0
6.100979716671988,531.0,0
6.10108894751878,531.0,0
6.10119817836557,530.0,0
6.101307409212362,531.0,0
6.101416640059153,531.0,0
6.101525870905944,531.0,0
6.101635101752736,531.0,0
6.101744332599527,531.0,0
6.101853563446318,531.0,0
6.101962794293109,531.0,0
6.1020720251399005,531.0,0
6.102181255986691,531.0,0
6.102290486833483,531.0,0
6.102399717680274,531.0,0
6.102508948527065,531.0,0
6.102618179373856,532.0,0
6.102727410220647,532.0,0
6.102836641067438,532.0,0
6.102945871914229,533.0,0
6.1030551027610205,533.0,0
6.103164333607811,532.0,0
6.103273564454603,533.0,0
6.1033827953013935,534.0,0
6.103492026148184,534.0,0
6.103601256994976,534.0,0
6.1037104878417665,534.0,0
6.103819718688558,534.0,0
6.103928949535349,534.0,0
6.10403818038214,535.0,0
6.104147411228931,536.0,0
6.104256642075723,535.0,0
6.104365872922514,535.0,0
6.104475103769305,536.0,0
6.104584334616097,536.0,0
6.104693565462887,536.0,0
6.104802796309679,536.0,0
6.10491202715647,536.0,0
6.105021258003261,536.0,0
6.105130488850052,536.0,0
6.105239719696843,536.0,0
6.105348950543634,536.0,0
6.105458181390425,536.0,0
6.1055674122372166,537.0,0
6.105676643084007,537.0,0
6.105785873930799,537.0,0
6.10589510477759,537.0,0
6.10600433562438,538.0,0
6.106113566471172,537.0,0
6.106222797317963,537.0,0
6.106332028164754,538.0,0
6.106441259011545,538.0,0
6.1065504898583365,537.0,0
6.106659720705128,538.0,0
6.106768951551919,538.0,0
6.10687818239871,537.0,0
6.106987413245501,537.0,0
6.107096644092293,537.0,0
6.107205874939083,537.0,0
6.107315105785875,537.0,0
6.107424336632666,537.0,0
6.107533567479457,537.0,0
6.107642798326248,537.0,0
6.107752029173039,537.0,0
6.10786126001983,537.0,0
6.107970490866621,537.0,0
6.108079721713413,536.0,0
6.108188952560203,536.0,0
6.108298183406995,537.0,0
6.108407414253786,536.0,0
6.108516645100576,536.0,0
6.108625875947368,537.0,0
6.108735106794159,537.0,0
6.10884433764095,536.0,0
6.108953568487741,537.0,0
6.109062799334533,537.0,0
6.109172030181323,537.0,0
6.109281261028115,537.0,0
6.1093904918749065,537.0,0
6.109499722721697,537.0,0
6.109608953568489,537.0,0
6.1097181844152795,537.0,0
6.109827415262071,538.0,0
6.109936646108862,537.0,0
6.110045876955653,537.0,0
6.110155107802444,539.0,0
6.110264338649235,538.0,0
6.110373569496026,537.0,0
6.110482800342817,538.0,0
6.110592031189609,539.0,0
6.110701262036399,538.0,0
6.110810492883191,538.0,0
6.110919723729982,539.0,0
6.111028954576772,538.0,0
6.111138185423564,537.0,0
6.111247416270355,537.0,0
6.111356647117146,537.0,0
6.111465877963937,537.0,0
6.111575108810729,536.0,0
6.11168433965752,536.0,0
6.111793570504311,536.0,0
6.1119028013511025,536.0,0
6.112012032197893,536.0,0
6.112121263044685,536.0,0
6.1122304938914755,535.0,0
6.112339724738267,534.0,0
6.112448955585058,535.0,0
6.1125581864318494,534.0,0
6.11266741727864,534.0,0
6.112776648125431,534.0,0
6.1128858789722225,534.0,0
6.112995109819013,534.0,0
6.113104340665805,534.0,0
6.1132135715125955,534.0,0
6.113322802359387,534.0,0
6.113432033206178,534.0,0
6.113541264052969,534.0,0
6.11365049489976,534.0,0
6.113759725746551,533.0,0
6.113868956593342,533.0,0
6.113978187440133,534.0,0
6.114087418286925,533.0,0
6.114196649133715,532.0,0
6.114305879980507,532.0,0
6.114415110827299,532.0,0
6.114524341674089,532.0,0
6.114633572520881,532.0,0
6.114742803367672,532.0,0
6.114852034214463,532.0,0
6.114961265061254,531.0,0
6.1150704959080455,531.0,0
6.115179726754836,532.0,0
6.115288957601627,531.0,0
6.1153981884484185,531.0,0
6.115507419295209,531.0,0
6.115616650142001,531.0,0
6.1157258809887916,531.0,0
6.115835111835583,531.0,0
6.115944342682374,531.0,0
6.1160535735291655,531.0,0
6.116162804375956,531.0,0
6.116272035222747,531.0,0
6.1163812660695385,531.0,0
6.116490496916329,531.0,0
6.116599727763121,531.0,0
6.116708958609912,531.0,0
6.116818189456703,531.0,0
6.116927420303495,531.0,0
6.117036651150285,531.0,0
6.117145881997077,531.0,0
6.117255112843868,531.0,0
6.117364343690659,531.0,0
6.11747357453745,531.0,0
6.117582805384242,531.0,0
6.117692036231032,531.0,0
6.117801267077823,531.0,0
6.117910497924615,531.0,0
6.118019728771405,531.0,0
6.118128959618197,531.0,0
6.118238190464988,531.0,0
6.118347421311779,531.0,0
6.11845665215857,531.0,0
6.1185658830053615,532.0,0
6.118675113852152,531.0,0
6.118784344698943,531.0,0
6.1188935755457345,531.0,0
6.119002806392525,532.0,0
6.119112037239317,531.0,0
6.119221268086108,531.0,0
6.119330498932899,532.0,0
6.119439729779691,531.0,0
6.1195489606264815,531.0,0
6.119658191473273,532.0,0
6.119767422320064,532.0,0
6.119876653166855,531.0,0
6.119985884013646,532.0,0
6.120095114860438,532.0,0
6.120204345707228,531.0,0
6.120313576554019,531.0,0
6.120422807400811,532.0,0
6.120532038247601,531.0,0
6.120641269094393,531.0,0
6.120750499941184,531.0,0
6.120859730787975,531.0,0
6.120968961634766,531.0,0
6.121078192481558,530.0,0
6.121187423328348,531.0,0
6.121296654175139,531.0,0
6.121405885021931,530.0,0
6.121515115868721,530.0,0
6.121624346715513,530.0,0
6.1217335775623045,530.0,0
6.121842808409095,529.0,0
6.121952039255887,530.0,0
6.1220612701026775,530.0,0
6.122170500949469,529.0,0
6.12227973179626,530.0,0
6.122388962643051,530.0,0
6.122498193489842,529.0,0
6.122607424336634,530.0,0
6.1227166551834245,530.0,0
6.122825886030215,530.0,0
6.122935116877007,530.0,0
6.1230443477237975,531.0,0
6.123153578570589,531.0,0
6.12326280941738,530.0,0
6.123372040264171,531.0,0
6.123481271110962,531.0,0
6.123590501957754,531.0,0
6.123699732804544,531.0,0
6.123808963651335,531.0,0
6.123918194498127,531.0,0
6.124027425344917,531.0,0
6.124136656191709,531.0,0
6.1242458870385,531.0,0
6.124355117885291,531.0,0
6.124464348732083,531.0,0
6.124573579578874,531.0,0
6.124682810425665,531.0,0
6.124792041272456,531.0,0
6.1249012721192475,531.0,0
6.125010502966038,531.0,0
6.12511973381283,531.0,0
6.1252289646596205,531.0,0
6.125338195506411,531.0,0
6.125447426353203,531.0,0
6.1255566571999935,531.0,0
6.125665888046785,531.0,0
6.125775118893576,531.0,0
6.125884349740367,531.0,0
6.125993580587158,531.0,0
6.12610281143395,532.0,0
6.1262120422807405,531.0,0
6.126321273127531,531.0,0
6.126430503974323,532.0,0
6.1265397348211135,532.0,0
6.126648965667905,532.0,0
6.126758196514697,532.0,0
6.126867427361487,533.0,0
6.126976658208279,534.0,0
6.12708588905507,532.0,0
6.127195119901861,534.0,0
6.127304350748652,534.0,0
6.127413581595444,534.0,0
6.127522812442234,534.0,0
6.127632043289026,535.0,0
6.127741274135817,535.0,0
6.127850504982607,534.0,0
6.127959735829399,535.0,0
6.12806896667619,536.0,0
6.128178197522981,535.0,0
6.128287428369772,535.0,0
6.1283966592165635,536.0,0
6.128505890063354,536.0,0
6.128615120910146,536.0,0
6.1287243517569365,536.0,0
6.128833582603727,536.0,0
6.128942813450519,536.0,0
6.1290520442973095,536.0,0
6.129161275144101,536.0,0
6.129270505990892,536.0,0
6.1293797368376834,535.0,0
6.129488967684475,535.0,0
6.129598198531266,536.0,0
6.129707429378057,535.0,0
6.129816660224848,534.0,0
6.12992589107164,534.0,0
6.13003512191843,534.0,0
6.130144352765222,534.0,0
6.130253583612013,534.0,0
6.130362814458804,534.0,0
6.130472045305595,534.0,0
6.130581276152386,534.0,0
6.130690506999177,534.0,0
6.130799737845968,534.0,0
6.13090896869276,533.0,0
6.13101819953955,534.0,0
6.131127430386342,534.0,0
6.131236661233133,533.0,0
6.131345892079923,534.0,0
6.131455122926715,534.0,0
6.131564353773506,534.0,0
6.131673584620297,533.0,0
6.131782815467089,534.0,0
6.1318920463138795,534.0,0
6.132001277160671,534.0,0
6.132110508007462,534.0,0
6.132219738854253,534.0,0
6.132328969701044,534.0,0
6.132438200547836,534.0,0
6.132547431394626,534.0,0
6.132656662241418,534.0,0
6.132765893088209,534.0,0
6.132875123935,534.0,0
6.132984354781791,534.0,0
6.133093585628582,534.0,0
6.133202816475373,534.0,0
6.133312047322164,534.0,0
6.133421278168956,534.0,0
6.133530509015746,534.0,0
6.133639739862538,533.0,0
6.133748970709329,534.0,0
6.133858201556119,534.0,0
6.133967432402911,533.0,0
6.134076663249702,532.0,0
6.134185894096493,534.0,0
6.134295124943284,534.0,0
6.134404355790076,532.0,0
6.134513586636867,534.0,0
6.134622817483658,534.0,0
6.1347320483304495,533.0,0
6.13484127917724,533.0,0
6.134950510024032,533.0,0
6.1350597408708225,533.0,0
6.135168971717614,532.0,0
6.135278202564405,532.0,0
6.135387433411196,532.0,0
6.135496664257987,532.0,0
6.135605895104778,532.0,0
6.135715125951569,532.0,0
6.13582435679836,532.0,0
6.135933587645152,531.0,0
6.136042818491942,531.0,0
6.136152049338734,532.0,0
6.136261280185525,531.0,0
6.1363705110323155,531.0,0
6.136479741879107,531.0,0
6.136588972725898,531.0,0
6.136698203572689,531.0,0
6.136807434419481,531.0,0
6.136916665266272,531.0,0
6.137025896113063,531.0,0
6.137135126959854,531.0,0
6.137244357806646,531.0,0
6.137353588653436,531.0,0
6.137462819500228,531.0,0
6.137572050347019,531.0,0
6.13768128119381,531.0,0
6.137790512040601,531.0,0
6.1378997428873925,531.0,0
6.138008973734183,532.0,0
6.138118204580974,532.0,0
6.1382274354277655,532.0,0
6.138336666274556,532.0,0
6.138445897121348,533.0,0
6.1385551279681385,533.0,0
6.13866435881493,533.0,0
6.138773589661721,534.0,0
6.1388828205085115,534.0,0
6.138992051355303,534.0,0
6.139101282202094,534.0,0
6.139210513048885,535.0,0
6.139319743895676,535.0,0
6.139428974742468,536.0,0
6.139538205589259,536.0,0
6.13964743643605,536.0,0
6.139756667282842,536.0,0
6.139865898129632,536.0,0
6.139975128976424,536.0,0
6.140084359823215,536.0,0
6.140193590670006,536.0,0
6.140302821516797,536.0,0
6.140412052363589,536.0,0
6.140521283210379,536.0,0
6.14063051405717,536.0,0
6.140739744903962,536.0,0
6.140848975750752,536.0,0
6.140958206597544,536.0,0
6.141067437444335,536.0,0
6.141176668291126,536.0,0
6.141285899137917,536.0,0
6.141395129984708,536.0,0
6.141504360831499,536.0,0
6.14161359167829,536.0,0
6.1417228225250815,536.0,0
6.141832053371873,535.0,0
6.141941284218664,534.0,0
6.142050515065455,534.0,0
6.142159745912246,534.0,0
6.142268976759038,534.0,0
6.142378207605828,533.0,0
6.14248743845262,534.0,0
6.142596669299411,533.0,0
6.142705900146202,532.0,0
6.142815130992993,532.0,0
6.142924361839785,532.0,0
6.143033592686575,532.0,0
6.143142823533366,532.0,0
6.143252054380158,532.0,0
6.143361285226948,532.0,0
6.14347051607374,531.0,0
6.143579746920531,531.0,0
6.143688977767322,532.0,0
6.143798208614113,531.0,0
6.143907439460904,531.0,0
6.144016670307695,531.0,0
6.144125901154486,531.0,0
6.144235132001278,531.0,0
6.144344362848068,531.0,0
6.14445359369486,531.0,0
6.1445628245416515,531.0,0
6.144672055388442,530.0,0
6.144781286235234,531.0,0
6.1448905170820245,531.0,0
6.144999747928816,529.0,0
6.145108978775607,531.0,0
6.145218209622398,531.0,0
6.145327440469189,529.0,0
6.145436671315981,529.0,0
6.145545902162771,530.0,0
6.145655133009562,530.0,0
6.145764363856354,529.0,0
6.145873594703144,529.0,0
6.145982825549936,530.0,0
6.146092056396727,529.0,0
6.146201287243518,529.0,0
6.146310518090309,530.0,0
6.1464197489371,530.0,0
6.146528979783891,530.0,0
6.146638210630682,531.0,0
6.146747441477474,531.0,0
6.146856672324265,531.0,0
6.146965903171056,531.0,0
6.1470751340178476,531.0,0
6.147184364864639,531.0,0
6.14729359571143,531.0,0
6.147402826558221,531.0,0
6.147512057405012,531.0,0
6.147621288251803,531.0,0
6.1477305190985945,531.0,0
6.147839749945385,531.0,0
6.147948980792177,531.0,0
6.1480582116389675,531.0,0
6.148167442485758,531.0,0
6.14827667333255,532.0,0
6.1483859041793405,532.0,0
6.148495135026132,532.0,0
6.148604365872923,532.0,0
6.148713596719714,532.0,0
6.148822827566505,532.0,0
6.148932058413296,532.0,0
6.149041289260087,532.0,0
6.149150520106878,532.0,0
6.14925975095367,532.0,0
6.14936898180046,532.0,0
6.149478212647252,532.0,0
6.149587443494044,532.0,0
6.149696674340834,532.0,0
6.149805905187626,532.0,0
6.149915136034417,532.0,0
6.150024366881208,532.0,0
6.150133597727999,532.0,0
6.1502428285747905,531.0,0
6.150352059421581,531.0,0
6.150461290268373,532.0,0
6.150570521115164,531.0,0
6.150679751961954,531.0,0
6.150788982808746,531.0,0
6.150898213655537,531.0,0
6.151007444502328,530.0,0
6.151116675349119,530.0,0
6.1512259061959105,531.0,0
6.151335137042701,530.0,0
6.151444367889492,529.0,0
6.1515535987362835,530.0,0
6.151662829583074,530.0,0
6.151772060429866,529.0,0
6.151881291276657,529.0,0
6.151990522123448,530.0,0
6.15209975297024,529.0,0
6.152208983817031,529.0,0
6.152318214663822,530.0,0
6.152427445510613,529.0,0
6.152536676357404,529.0,0
6.152645907204195,530.0,0
6.152755138050987,530.0,0
6.152864368897777,529.0,0
6.152973599744569,530.0,0
6.15308283059136,531.0,0
6.15319206143815,530.0,0
6.153301292284942,530.0,0
6.153410523131733,531.0,0
6.153519753978524,531.0,0
6.153628984825315,530.0,0
6.1537382156721065,530.0,0
6.153847446518897,531.0,0
6.153956677365688,531.0,0
6.15406590821248,530.0,0
6.15417513905927,531.0,0
6.154284369906062,531.0,0
6.154393600752853,530.0,0
6.154502831599644,530.0,0
6.154612062446436,531.0,0
6.1547212932932265,530.0,0
6.154830524140018,530.0,0
6.154939754986809,531.0,0
6.1550489858336,531.0,0
6.155158216680391,530.0,0
6.155267447527183,530.0,0
6.155376678373973,531.0,0
6.155485909220765,531.0,0
6.155595140067556,531.0,0
6.155704370914346,531.0,0
6.155813601761138,531.0,0
6.155922832607929,530.0,0
6.15603206345472,531.0,0
6.156141294301511,531.0,0
6.156250525148303,531.0,0
6.156359755995093,530.0,0
6.156468986841884,531.0,0
6.156578217688676,531.0,0
6.156687448535466,530.0,0
6.156796679382258,530.0,0
6.1569059102290495,531.0,0
6.15701514107584,531.0,0
6.157124371922632,530.0,0
6.157233602769423,530.0,0
6.157342833616214,530.0,0
6.157452064463005,529.0,0
6.1575612953097965,530.0,0
6.157670526156587,529.0,0
6.157779757003379,529.0,0
6.1578889878501695,529.0,0
6.157998218696961,529.0,0
6.158107449543752,529.0,0
6.1582166803905425,529.0,0
6.158325911237334,529.0,0
6.158435142084125,529.0,0
6.158544372930916,529.0,0
6.158653603777707,529.0,0
6.158762834624499,529.0,0
6.158872065471289,529.0,0
6.15898129631808,529.0,0
6.159090527164872,529.0,0
6.159199758011662,529.0,0
6.159308988858454,529.0,0
6.159418219705245,529.0,0
6.159527450552036,529.0,0
6.159636681398828,529.0,0
6.159745912245619,529.0,0
6.15985514309241,529.0,0
6.159964373939201,529.0,0
6.1600736047859925,529.0,0
6.160182835632783,529.0,0
6.160292066479575,530.0,0
6.1604012973263655,529.0,0
6.160510528173157,529.0,0
6.160619759019948,529.0,0
6.160728989866739,529.0,0
6.16083822071353,529.0,0
6.160947451560321,529.0,0
6.1610566824071125,529.0,0
6.161165913253903,529.0,0
6.161275144100695,529.0,0
6.1613843749474855,529.0,0
6.161493605794277,529.0,0
6.161602836641068,529.0,0
6.1617120674878585,529.0,0
6.16182129833465,529.0,0
6.161930529181442,529.0,0
6.162039760028232,528.0,0
6.162148990875024,529.0,0
6.162258221721816,529.0,0
6.162367452568606,529.0,0
6.162476683415397,529.0,0
6.162585914262189,530.0,0
6.162695145108979,529.0,0
6.162804375955771,529.0,0
6.162913606802562,530.0,0
6.163022837649353,530.0,0
6.163132068496144,529.0,0
6.163241299342935,529.0,0
6.163350530189726,530.0,0
6.163459761036517,530.0,0
6.1635689918833085,529.0,0
6.163678222730099,529.0,0
6.163787453576891,530.0,0
6.1638966844236815,529.0,0
6.164005915270473,529.0,0
6.164115146117264,529.0,0
6.164224376964055,529.0,0
6.164333607810846,529.0,0
6.164442838657637,529.0,0
6.1645520695044285,529.0,0
6.16466130035122,529.0,0
6.164770531198011,529.0,0
6.164879762044802,529.0,0
6.164988992891593,529.0,0
6.165098223738385,528.0,0
6.165207454585175,529.0,0
6.165316685431967,529.0,0
6.165425916278758,528.0,0
6.165535147125549,528.0,0
6.16564437797234,529.0,0
6.165753608819131,528.0,0
6.165862839665922,528.0,0
6.165972070512713,528.0,0
6.166081301359505,528.0,0
6.166190532206295,528.0,0
6.166299763053087,528.0,0
6.166408993899878,528.0,0
6.166518224746669,528.0,0
6.16662745559346,527.0,0
6.166736686440251,528.0,0
6.166845917287042,528.0,0
6.166955148133834,527.0,0
6.1670643789806245,527.0,0
6.167173609827416,527.0,0
6.167282840674208,527.0,0
6.167392071520998,527.0,0
6.167501302367789,527.0,0
6.167610533214581,527.0,0
6.1677197640613715,527.0,0
6.167828994908163,527.0,0
6.167938225754954,527.0,0
6.168047456601745,526.0,0
6.168156687448536,526.0,0
6.168265918295327,527.0,0
6.168375149142118,526.0,0
6.168484379988909,526.0,0
6.168593610835701,526.0,0
6.168702841682491,526.0,0
6.168812072529283,526.0,0
6.168921303376074,526.0,0
6.169030534222865,526.0,0
6.169139765069656,526.0,0
6.169248995916447,526.0,0
6.169358226763238,527.0,0
6.169467457610029,527.0,0
6.169576688456821,526.0,0
6.169685919303612,526.0,0
6.169795150150403,527.0,0
6.1699043809971945,527.0,0
6.170013611843985,527.0,0
6.170122842690777,527.0,0
6.1702320735375675,527.0,0
6.170341304384359,527.0,0
6.17045053523115,527.0,0
6.170559766077941,528.0,0
6.170668996924732,528.0,0
6.170778227771523,528.0,0
6.1708874586183144,528.0,0
6.170996689465105,529.0,0
6.171105920311897,529.0,0
6.1712151511586875,529.0,0
6.171324382005479,529.0,0
6.17143361285227,529.0,0
6.171542843699061,529.0,0
6.171652074545852,530.0,0
6.171761305392643,530.0,0
6.171870536239434,529.0,0
6.171979767086226,530.0,0
6.172088997933017,530.0,0
6.172198228779808,530.0,0
6.1723074596266,529.0,0
6.172416690473391,530.0,0
6.172525921320181,530.0,0
6.172635152166973,530.0,0
6.172744383013764,530.0,0
6.172853613860555,530.0,0
6.172962844707346,529.0,0
6.1730720755541375,530.0,0
6.173181306400928,530.0,0
6.173290537247719,530.0,0
6.1733997680945105,530.0,0
6.173508998941301,530.0,0
6.173618229788093,530.0,0
6.1737274606348835,530.0,0
6.173836691481675,530.0,0
6.173945922328466,531.0,0
6.174055153175257,530.0,0
6.174164384022048,531.0,0
6.174273614868839,531.0,0
6.1743828457156305,531.0,0
6.174492076562421,531.0,0
6.174601307409213,531.0,0
6.174710538256004,531.0,0
6.174819769102795,531.0,0
6.174928999949587,531.0,0
6.175038230796377,531.0,0
6.175147461643169,531.0,0
6.17525669248996,531.0,0
6.175365923336751,532.0,0
6.175475154183542,532.0,0
6.175584385030334,532.0,0
6.175693615877124,532.0,0
6.175802846723916,532.0,0
6.175912077570707,532.0,0
6.176021308417497,532.0,0
6.176130539264289,532.0,0
6.17623977011108,532.0,0
6.176349000957871,532.0,0
6.176458231804662,532.0,0
6.1765674626514535,532.0,0
6.176676693498244,532.0,0
6.176785924345035,532.0,0
6.1768951551918265,532.0,0
6.177004386038618,532.0,0
6.177113616885409,532.0,0
6.1772228477322,531.0,0
6.177332078578992,531.0,0
6.177441309425783,531.0,0
6.177550540272573,531.0,0
6.177659771119365,531.0,0
6.177769001966156,531.0,0
6.177878232812947,531.0,0
6.177987463659738,530.0,0
6.17809669450653,530.0,0
6.17820592535332,530.0,0
6.178315156200112,530.0,0
6.178424387046903,530.0,0
6.178533617893693,530.0,0
6.178642848740485,530.0,0
6.178752079587276,529.0,0
6.178861310434067,530.0,0
6.178970541280858,530.0,0
6.17907977212765,530.0,0
6.17918900297444,530.0,0
6.179298233821231,530.0,0
6.179407464668023,530.0,0
6.179516695514813,530.0,0
6.179625926361605,530.0,0
6.1797351572083965,531.0,0
6.179844388055187,531.0,0
6.179953618901979,531.0,0
6.1800628497487695,531.0,0
6.180172080595561,531.0,0
6.180281311442352,531.0,0
6.180390542289143,531.0,0
6.180499773135934,531.0,0
6.180609003982726,531.0,0
6.180718234829516,532.0,0
6.180827465676308,532.0,0
6.180936696523099,532.0,0
6.1810459273698894,532.0,0
6.181155158216681,532.0,0
6.181264389063472,532.0,0
6.181373619910263,532.0,0
6.181482850757054,532.0,0
6.181592081603846,532.0,0
6.181701312450636,532.0,0
6.181810543297427,532.0,0
6.181919774144219,532.0,0
6.18202900499101,532.0,0
6.182138235837801,531.0,0
6.182247466684593,532.0,0
6.182356697531384,531.0,0
6.182465928378175,531.0,0
6.182575159224966,531.0,0
6.182684390071757,531.0,0
6.182793620918548,531.0,0
6.1829028517653395,531.0,0
6.18301208261213,531.0,0
6.183121313458922,531.0,0
6.1832305443057125,530.0,0
6.183339775152504,530.0,0
6.183449005999295,530.0,0
6.1835582368460855,530.0,0
6.183667467692877,530.0,0
6.183776698539668,530.0,0
6.183885929386459,530.0,0
6.18399516023325,530.0,0
6.184104391080042,530.0,0
6.184213621926832,531.0,0
6.184322852773623,530.0,0
6.184432083620415,531.0,0
6.1845413144672055,531.0,0
6.184650545313997,530.0,0
6.184759776160789,531.0,0
6.184869007007579,531.0,0
6.184978237854371,531.0,0
6.185087468701162,531.0,0
6.185196699547953,531.0,0
6.185305930394744,531.0,0
6.185415161241536,531.0,0
6.185524392088326,530.0,0
6.185633622935118,531.0,0
6.185742853781909,531.0,0
6.1858520846287,530.0,0
6.185961315475491,531.0,0
6.186070546322282,531.0,0
6.186179777169073,530.0,0
6.186289008015864,530.0,0
6.1863982388626555,530.0,0
6.186507469709446,530.0,0
6.186616700556238,530.0,0
6.1867259314030285,530.0,0
6.186835162249819,530.0,0
6.186944393096611,529.0,0
6.187053623943402,530.0,0
6.187162854790193,530.0,0
6.187272085636985,530.0,0
6.187381316483776,530.0,0
6.187490547330567,531.0,0
6.187599778177358,530.0,0
6.187709009024149,531.0,0
6.18781823987094,531.0,0
6.187927470717732,531.0,0
6.188036701564522,531.0,0
6.188145932411314,531.0,0
6.188255163258105,531.0,0
6.188364394104896,531.0,0
6.188473624951687,531.0,0
6.188582855798478,531.0,0
6.188692086645269,531.0,0
6.18880131749206,531.0,0
6.188910548338852,531.0,0
6.189019779185642,531.0,0
6.189129010032434,531.0,0
6.189238240879225,531.0,0
6.189347471726015,531.0,0
6.189456702572807,531.0,0
6.189565933419598,531.0,0
6.189675164266389,531.0,0
6.189784395113181,531.0,0
6.1898936259599715,531.0,0
6.190002856806763,531.0,0
6.190112087653554,531.0,0
6.190221318500345,531.0,0
6.190330549347136,531.0,0
6.190439780193928,531.0,0
6.190549011040718,531.0,0
6.19065824188751,531.0,0
6.190767472734301,531.0,0
6.190876703581092,531.0,0
6.190985934427883,531.0,0
6.191095165274674,531.0,0
6.191204396121465,531.0,0
6.191313626968256,531.0,0
6.191422857815048,531.0,0
6.191532088661838,532.0,0
6.19164131950863,532.0,0
6.191750550355421,532.0,0
6.191859781202211,532.0,0
6.191969012049003,532.0,0
6.192078242895795,532.0,0
6.192187473742585,531.0,0
6.192296704589377,532.0,0
6.1924059354361685,532.0,0
6.192515166282959,532.0,0
6.192624397129751,531.0,0
6.1927336279765415,532.0,0
6.192842858823332,532.0,0
6.192952089670124,531.0,0
6.1930613205169145,531.0,0
6.193170551363706,531.0,0
6.193279782210497,531.0,0
6.193389013057288,531.0,0
6.193498243904079,531.0,0
6.19360747475087,531.0,0
6.193716705597661,531.0,0
6.193825936444452,531.0,0
6.193935167291244,531.0,0
6.194044398138034,531.0,0
6.194153628984826,531.0,0
6.194262859831617,531.0,0
6.194372090678407,531.0,0
6.194481321525199,531.0,0
6.19459055237199,531.0,0
6.194699783218781,531.0,0
6.194809014065573,530.0,0
6.194918244912364,530.0,0
6.195027475759155,530.0,0
6.195136706605947,530.0,0
6.1952459374527376,529.0,0
6.195355168299528,529.0,0
6.19546439914632,530.0,0
6.195573629993111,529.0,0
6.195682860839902,529.0,0
6.195792091686693,529.0,0
6.1959013225334845,528.0,0
6.196010553380275,528.0,0
6.196119784227066,529.0,0
6.1962290150738575,529.0,0
6.196338245920648,528.0,0
6.19644747676744,529.0,0
6.1965567076142305,529.0,0
6.196665938461022,529.0,0
6.196775169307813,529.0,0
6.1968844001546035,529.0,0
6.196993631001395,529.0,0
6.197102861848187,529.0,0
6.197212092694977,529.0,0
6.197321323541769,530.0,0
6.197430554388561,529.0,0
6.197539785235351,529.0,0
6.197649016082143,529.0,0
6.197758246928934,530.0,0
6.197867477775724,529.0,0
6.197976708622516,529.0,0
6.198085939469307,530.0,0
6.198195170316098,529.0,0
6.198304401162889,529.0,0
6.1984136320096805,529.0,0
6.198522862856471,530.0,0
6.198632093703262,529.0,0
6.1987413245500536,529.0,0
6.198850555396844,529.0,0
6.198959786243636,529.0,0
6.199069017090427,529.0,0
6.199178247937218,529.0,0
6.199287478784009,529.0,0
6.1993967096308,529.0,0
6.199505940477591,529.0,0
6.199615171324382,529.0,0
6.1997244021711735,529.0,0
6.199833633017965,528.0,0
6.199942863864756,529.0,0
6.200052094711547,529.0,0
6.200161325558339,528.0,0
6.20027055640513,528.0,0
6.20037978725192,528.0,0
6.200489018098712,528.0,0
6.200598248945503,528.0,0
6.200707479792294,528.0,0
6.200816710639085,528.0,0
6.200925941485877,528.0,0
6.201035172332667,528.0,0
6.201144403179458,528.0,0
6.20125363402625,528.0,0
6.20136286487304,528.0,0
6.201472095719832,528.0,0
6.201581326566623,528.0,0
6.201690557413414,528.0,0
6.201799788260205,528.0,0
6.201909019106996,528.0,0
6.202018249953787,528.0,0
6.202127480800579,528.0,0
6.20223671164737,528.0,0
6.202345942494161,528.0,0
6.202455173340953,528.0,0
6.2025644041877435,528.0,0
6.202673635034535,528.0,0
6.202782865881326,528.0,0
6.2028920967281165,528.0,0
6.203001327574908,528.0,0
6.203110558421699,528.0,0
6.20321978926849,528.0,0
6.203329020115281,528.0,0
6.203438250962073,528.0,0
6.203547481808863,527.0,0
6.203656712655654,527.0,0
6.203765943502446,527.0,0
6.203875174349236,527.0,0
6.203984405196028,527.0,0
6.204093636042819,527.0,0
6.20420286688961,527.0,0
6.204312097736401,527.0,0
6.204421328583192,527.0,0
6.204530559429983,527.0,0
6.204639790276774,527.0,0
6.204749021123566,527.0,0
6.204858251970357,527.0,0
6.204967482817148,527.0,0
6.2050767136639395,527.0,0
6.205185944510731,527.0,0
6.205295175357522,527.0,0
6.2054044062043126,527.0,0
6.205513637051104,526.0,0
6.205622867897895,526.0,0
6.2057320987446865,527.0,0
6.205841329591477,526.0,0
6.205950560438269,526.0,0
6.2060597912850595,526.0,0
6.20616902213185,526.0,0
6.206278252978642,526.0,0
6.2063874838254325,526.0,0
6.206496714672224,526.0,0
6.206605945519015,526.0,0
6.206715176365806,526.0,0
6.206824407212597,526.0,0
6.206933638059389,526.0,0
6.207042868906179,526.0,0
6.207152099752971,526.0,0
6.207261330599762,526.0,0
6.207370561446553,526.0,0
6.207479792293345,526.0,0
6.207589023140136,527.0,0
6.207698253986927,526.0,0
6.207807484833718,526.0,0
6.207916715680509,526.0,0
6.2080259465273,527.0,0
6.208135177374091,526.0,0
6.2082444082208825,527.0,0
6.208353639067673,527.0,0
6.208462869914465,527.0,0
6.2085721007612555,527.0,0
6.208681331608046,527.0,0
6.208790562454838,527.0,0
6.2088997933016286,527.0,0
6.20900902414842,527.0,0
6.209118254995211,528.0,0
6.2092274858420025,528.0,0
6.209336716688793,528.0,0
6.209445947535585,528.0,0
6.2095551783823755,529.0,0
6.209664409229166,528.0,0
6.209773640075958,528.0,0
6.209882870922749,529.0,0
6.20999210176954,529.0,0
6.210101332616332,528.0,0
6.210210563463123,529.0,0
6.210319794309914,529.0,0
6.210429025156705,528.0,0
6.210538256003496,528.0,0
6.210647486850287,529.0,0
6.210756717697079,529.0,0
6.210865948543869,528.0,0
6.210975179390661,529.0,0
6.211084410237452,529.0,0
6.211193641084242,529.0,0
6.211302871931034,529.0,0
6.211412102777825,529.0,0
6.211521333624616,529.0,0
6.211630564471407,528.0,0
6.2117397953181985,529.0,0
6.211849026164989,529.0,0
6.211958257011781,529.0,0
6.2120674878585715,529.0,0
6.212176718705363,529.0,0
6.212285949552154,529.0,0
6.2123951803989454,529.0,0
6.212504411245737,529.0,0
6.212613642092528,529.0,0
6.212722872939319,529.0,0
6.21283210378611,529.0,0
6.212941334632901,529.0,0
6.213050565479692,529.0,0
6.213159796326483,529.0,0
6.213269027173275,529.0,0
6.213378258020065,529.0,0
6.213487488866857,528.0,0
6.213596719713648,529.0,0
6.213705950560438,529.0,0
6.21381518140723,529.0,0
6.213924412254021,528.0,0
6.214033643100812,529.0,0
6.214142873947603,529.0,0
6.214252104794395,528.0,0
6.214361335641185,528.0,0
6.214470566487977,528.0,0
6.214579797334768,528.0,0
6.214689028181558,528.0,0
6.21479825902835,528.0,0
6.2149074898751415,528.0,0
6.215016720721932,528.0,0
6.215125951568724,528.0,0
6.215235182415515,529.0,0
6.215344413262306,528.0,0
6.215453644109097,528.0,0
6.215562874955888,529.0,0
6.215672105802679,529.0,0
6.215781336649471,528.0,0
6.2158905674962615,529.0,0
6.215999798343053,529.0,0
6.216109029189844,529.0,0
6.2162182600366345,529.0,0
6.216327490883426,529.0,0
6.216436721730217,529.0,0
6.216545952577008,529.0,0
6.216655183423799,529.0,0
6.216764414270591,529.0,0
6.216873645117381,529.0,0
6.216982875964173,528.0,0
6.217092106810964,529.0,0
6.217201337657755,529.0,0
6.217310568504546,529.0,0
6.217419799351338,529.0,0
6.217529030198129,529.0,0
6.21763826104492,529.0,0
6.2177474918917115,529.0,0
6.217856722738502,529.0,0
6.217965953585293,529.0,0
6.2180751844320845,529.0,0
6.218184415278875,529.0,0
6.218293646125667,529.0,0
6.2184028769724575,529.0,0
6.218512107819249,529.0,0
6.21862133866604,530.0,0
6.2187305695128305,529.0,0
6.218839800359622,529.0,0
6.218949031206413,530.0,0
6.2190582620532044,530.0,0
6.219167492899995,530.0,0
6.219276723746787,530.0,0
6.2193859545935775,531.0,0
6.219495185440369,530.0,0
6.21960441628716,530.0,0
6.2197136471339505,530.0,0
6.219822877980742,531.0,0
6.219932108827534,530.0,0
6.220041339674324,531.0,0
6.220150570521116,531.0,0
6.220259801367908,531.0,0
6.220369032214698,530.0,0
6.220478263061489,531.0,0
6.220587493908281,531.0,0
6.220696724755071,531.0,0
6.220805955601863,531.0,0
6.220915186448654,531.0,0
6.221024417295445,531.0,0
6.221133648142236,531.0,0
6.2212428789890275,531.0,0
6.221352109835818,531.0,0
6.221461340682609,531.0,0
6.2215705715294005,531.0,0
6.221679802376191,531.0,0
6.221789033222983,531.0,0
6.2218982640697735,531.0,0
6.222007494916565,531.0,0
6.222116725763356,531.0,0
6.222225956610147,531.0,0
6.222335187456938,531.0,0
6.22244441830373,531.0,0
6.222553649150521,531.0,0
6.222662879997312,530.0,0
6.222772110844104,530.0,0
6.222881341690894,530.0,0
6.222990572537685,529.0,0
6.223099803384477,529.0,0
6.223209034231267,530.0,0
6.223318265078059,529.0,0
6.22342749592485,529.0,0
6.223536726771641,529.0,0
6.223645957618432,529.0,0
6.223755188465224,528.0,0
6.223864419312014,528.0,0
6.223973650158805,528.0,0
6.224082881005597,528.0,0
6.224192111852387,527.0,0
6.224301342699179,527.0,0
6.22441057354597,528.0,0
6.224519804392761,527.0,0
6.224629035239552,527.0,0
6.224738266086343,527.0,0
6.224847496933134,527.0,0
6.224956727779926,527.0,0
6.2250659586267165,527.0,0
6.225175189473508,528.0,0
6.2252844203203,527.0,0
6.22539365116709,527.0,0
6.225502882013881,528.0,0
6.225612112860673,528.0,0
6.225721343707463,527.0,0
6.225830574554255,527.0,0
6.225939805401046,528.0,0
6.226049036247837,528.0,0
6.226158267094628,528.0,0
6.22626749794142,528.0,0
6.22637672878821,528.0,0
6.226485959635001,527.0,0
6.226595190481793,528.0,0
6.226704421328583,528.0,0
6.226813652175375,527.0,0
6.226922883022166,527.0,0
6.227032113868957,527.0,0
6.227141344715748,527.0,0
6.22725057556254,527.0,0
6.22735980640933,527.0,0
6.227469037256122,527.0,0
6.2275782681029135,527.0,0
6.227687498949704,527.0,0
6.227796729796496,527.0,0
6.2279059606432865,527.0,0
6.228015191490077,527.0,0
6.228124422336869,527.0,0
6.2282336531836595,527.0,0
6.228342884030451,527.0,0
6.228452114877242,527.0,0
6.228561345724033,527.0,0
6.228670576570824,527.0,0
6.228779807417616,527.0,0
6.228889038264406,527.0,0
6.228998269111197,528.0,0
6.229107499957989,527.0,0
6.2292167308047794,527.0,0
6.229325961651571,527.0,0
6.229435192498362,528.0,0
6.229544423345153,527.0,0
6.229653654191944,528.0,0
6.229762885038735,528.0,0
6.229872115885526,528.0,0
6.229981346732318,528.0,0
6.230090577579109,529.0,0
6.2301998084259,529.0,0
6.230309039272692,528.0,0
6.230418270119483,528.0,0
6.230527500966273,529.0,0
6.230636731813065,529.0,0
6.230745962659856,529.0,0
6.230855193506647,529.0,0
6.230964424353438,530.0,0
6.2310736552002295,529.0,0
6.23118288604702,530.0,0
6.231292116893812,530.0,0
6.2314013477406025,530.0,0
6.231510578587393,530.0,0
6.231619809434185,531.0,0
6.2317290402809755,531.0,0
6.231838271127767,531.0,0
6.231947501974558,531.0,0
6.232056732821349,531.0,0
6.23216596366814,531.0,0
6.232275194514932,531.0,0
6.232384425361722,531.0,0
6.232493656208514,531.0,0
6.232602887055306,531.0,0
6.232712117902096,531.0,0
6.232821348748888,531.0,0
6.232930579595679,531.0,0
6.233039810442469,532.0,0
6.233149041289261,532.0,0
6.233258272136052,532.0,0
6.233367502982843,532.0,0
6.233476733829634,532.0,0
6.233585964676426,533.0,0
6.233695195523216,532.0,0
6.233804426370008,533.0,0
6.233913657216799,534.0,0
6.234022888063589,533.0,0
6.234132118910381,532.0,0
6.234241349757172,534.0,0
6.234350580603963,533.0,0
6.234459811450754,532.0,0
6.2345690422975455,533.0,0
6.234678273144336,534.0,0
6.234787503991127,532.0,0
6.2348967348379185,532.0,0
6.23500596568471,532.0,0
6.235115196531501,532.0,0
6.235224427378292,532.0,0
6.235333658225084,532.0,0
6.235442889071875,532.0,0
6.235552119918665,532.0,0
6.235661350765457,531.0,0
6.235770581612248,532.0,0
6.235879812459039,532.0,0
6.23598904330583,531.0,0
6.236098274152622,532.0,0
6.236207504999412,532.0,0
6.236316735846204,532.0,0
6.236425966692995,532.0,0
6.236535197539785,532.0,0
6.236644428386577,532.0,0
6.236753659233368,531.0,0
6.236862890080159,532.0,0
6.23697212092695,532.0,0
6.237081351773742,532.0,0
6.237190582620532,532.0,0
6.237299813467324,533.0,0
6.237409044314115,532.0,0
6.237518275160906,532.0,0
6.237627506007698,532.0,0
6.2377367368544885,532.0,0
6.23784596770128,532.0,0
6.237955198548071,532.0,0
6.238064429394862,532.0,0
6.238173660241653,532.0,0
6.238282891088444,531.0,0
6.238392121935235,532.0,0
6.238501352782026,531.0,0
6.238610583628818,531.0,0
6.238719814475608,531.0,0
6.2388290453224,531.0,0
6.238938276169191,531.0,0
6.239047507015981,531.0,0
6.239156737862773,531.0,0
6.239265968709564,531.0,0
6.239375199556355,531.0,0
6.239484430403146,531.0,0
6.239593661249938,531.0,0
6.239702892096728,531.0,0
6.239812122943519,531.0,0
6.239921353790311,531.0,0
6.240030584637102,531.0,0
6.240139815483893,531.0,0
6.240249046330685,531.0,0
6.240358277177476,531.0,0
6.240467508024267,531.0,0
6.2405767388710585,531.0,0
6.240685969717849,531.0,0
6.24079520056464,532.0,0
6.2409044314114315,531.0,0
6.241013662258222,532.0,0
6.241122893105014,532.0,0
6.2412321239518045,532.0,0
6.241341354798596,532.0,0
6.241450585645387,532.0,0
6.2415598164921775,532.0,0
6.241669047338969,532.0,0
6.24177827818576,532.0,0
6.241887509032551,533.0,0
6.241996739879342,532.0,0
6.242105970726134,532.0,0
6.242215201572924,533.0,0
6.242324432419716,533.0,0
6.242433663266507,532.0,0
6.242542894113298,532.0,0
6.24265212496009,532.0,0
6.242761355806881,532.0,0
6.242870586653672,532.0,0
6.242979817500463,532.0,0
6.2430890483472545,532.0,0
6.243198279194045,532.0,0
6.243307510040836,531.0,0
6.2434167408876275,532.0,0
6.243525971734418,531.0,0
6.24363520258121,531.0,0
6.243744433428001,531.0,0
6.243853664274792,531.0,0
6.243962895121583,531.0,0
6.244072125968374,531.0,0
6.244181356815165,531.0,0
6.244290587661956,531.0,0
6.2443998185087475,531.0,0
6.244509049355538,531.0,0
6.24461828020233,531.0,0
6.2447275110491205,530.0,0
6.244836741895911,530.0,0
6.244945972742703,530.0,0
6.245055203589494,530.0,0
6.245164434436285,530.0,0
6.245273665283077,530.0,0
6.245382896129868,530.0,0
6.245492126976659,530.0,0
6.245601357823451,530.0,0
6.245710588670241,530.0,0
6.245819819517032,530.0,0
6.245929050363824,529.0,0
6.246038281210614,530.0,0
6.246147512057406,530.0,0
6.246256742904197,530.0,0
6.246365973750988,530.0,0
6.246475204597779,530.0,0
6.24658443544457,530.0,0
6.246693666291361,529.0,0
6.246802897138152,530.0,0
6.2469121279849436,530.0,0
6.247021358831734,529.0,0
6.247130589678526,530.0,0
6.247239820525317,530.0,0
6.247349051372108,530.0,0
6.247458282218899,529.0,0
6.2475675130656905,530.0,0
6.247676743912482,530.0,0
6.247785974759273,530.0,0
6.247895205606064,530.0,0
6.248004436452855,530.0,0
6.248113667299647,530.0,0
6.248222898146437,530.0,0
6.248332128993228,530.0,0
6.24844135984002,530.0,0
6.24855059068681,530.0,0
6.248659821533602,530.0,0
6.248769052380393,530.0,0
6.248878283227184,530.0,0
6.248987514073975,529.0,0
6.249096744920766,530.0,0
6.249205975767557,530.0,0
6.249315206614348,529.0,0
6.24942443746114,529.0,0
6.24953366830793,529.0,0
6.249642899154722,529.0,0
6.249752130001513,529.0,0
6.249861360848303,529.0,0
6.249970591695095,529.0,0
6.2500798225418865,529.0,0
6.250189053388677,529.0,0
6.250298284235469,529.0,0
6.2504075150822604,529.0,0
6.250516745929051,529.0,0
6.250625976775843,529.0,0
6.2507352076226335,529.0,0
6.250844438469424,529.0,0
6.250953669316216,529.0,0
6.2510629001630065,529.0,0
6.251172131009798,529.0,0
6.251281361856589,529.0,0
6.25139059270338,529.0,0
6.251499823550171,529.0,0
6.251609054396962,528.0,0
6.251718285243753,529.0,0
6.251827516090544,529.0,0
6.251936746937336,529.0,0
6.252045977784126,529.0,0
6.252155208630918,529.0,0
6.252264439477709,529.0,0
6.2523736703245,529.0,0
6.252482901171291,529.0,0
6.252592132018083,529.0,0
6.252701362864874,529.0,0
6.252810593711665,529.0,0
6.2529198245584565,529.0,0
6.253029055405247,529.0,0
6.253138286252039,528.0,0
6.2532475170988295,528.0,0
6.25335674794562,528.0,0
6.253465978792412,528.0,0
6.2535752096392025,528.0,0
6.253684440485994,528.0,0
6.253793671332785,528.0,0
6.2539029021795765,528.0,0
6.254012133026367,528.0,0
6.254121363873158,528.0,0
6.2542305947199495,528.0,0
6.25433982556674,528.0,0
6.254449056413532,528.0,0
6.2545582872603225,528.0,0
6.254667518107114,527.0,0
6.254776748953905,528.0,0
6.254885979800696,528.0,0
6.254995210647487,527.0,0
6.255104441494279,527.0,0
6.255213672341069,528.0,0
6.255322903187861,528.0,0
6.255432134034653,528.0,0
6.255541364881443,528.0,0
6.255650595728235,529.0,0
6.255759826575026,528.0,0
6.255869057421816,528.0,0
6.255978288268608,529.0,0
6.256087519115399,529.0,0
6.25619674996219,528.0,0
6.256305980808981,529.0,0
6.2564152116557725,529.0,0
6.256524442502563,529.0,0
6.256633673349354,529.0,0
6.2567429041961455,530.0,0
6.256852135042936,529.0,0
6.256961365889728,529.0,0
6.2570705967365186,530.0,0
6.25717982758331,530.0,0
6.257289058430101,530.0,0
6.2573982892768925,530.0,0
6.257507520123683,531.0,0
6.257616750970475,531.0,0
6.257725981817266,530.0,0
6.257835212664057,531.0,0
6.257944443510849,531.0,0
6.258053674357639,531.0,0
6.258162905204431,531.0,0
6.258272136051222,531.0,0
6.258381366898012,531.0,0
6.258490597744804,530.0,0
6.258599828591595,531.0,0
6.258709059438386,531.0,0
6.258818290285177,530.0,0
6.258927521131969,530.0,0
6.259036751978759,530.0,0
6.25914598282555,530.0,0
6.259255213672342,529.0,0
6.259364444519132,530.0,0
6.259473675365924,530.0,0
6.259582906212715,529.0,0
6.259692137059506,529.0,0
6.259801367906297,530.0,0
6.2599105987530885,529.0,0
6.260019829599879,529.0,0
6.260129060446671,529.0,0
6.2602382912934615,529.0,0
6.260347522140253,528.0,0
6.260456752987045,529.0,0
6.2605659838338354,529.0,0
6.260675214680627,529.0,0
6.260784445527418,528.0,0
6.2608936763742085,528.0,0
6.261002907221,529.0,0
6.261112138067791,528.0,0
6.261221368914582,528.0,0
6.261330599761373,528.0,0
6.261439830608165,528.0,0
6.261549061454955,527.0,0
6.261658292301746,528.0,0
6.261767523148538,528.0,0
6.261876753995328,527.0,0
6.26198598484212,527.0,0
6.262095215688911,527.0,0
6.262204446535702,527.0,0
6.262313677382493,527.0,0
6.262422908229285,527.0,0
6.262532139076075,527.0,0
6.262641369922867,527.0,0
6.2627506007696585,527.0,0
6.262859831616449,527.0,0
6.262969062463241,527.0,0
6.2630782933100315,527.0,0
6.263187524156823,527.0,0
6.263296755003614,527.0,0
6.2634059858504045,527.0,0
6.263515216697196,527.0,0
6.263624447543987,527.0,0
6.263733678390778,527.0,0
6.263842909237569,527.0,0
6.263952140084361,527.0,0
6.2640613709311515,527.0,0
6.264170601777942,527.0,0
6.264279832624734,527.0,0
6.2643890634715245,527.0,0
6.264498294318316,527.0,0
6.264607525165107,527.0,0
6.264716756011898,527.0,0
6.264825986858689,527.0,0
6.264935217705481,527.0,0
6.265044448552271,527.0,0
6.265153679399063,527.0,0
6.265262910245854,527.0,0
6.265372141092645,526.0,0
6.265481371939437,527.0,0
6.265590602786228,527.0,0
6.265699833633019,526.0,0
6.26580906447981,526.0,0
6.265918295326601,526.0,0
6.266027526173392,526.0,0
6.266136757020183,526.0,0
6.2662459878669745,526.0,0
6.266355218713765,526.0,0
6.266464449560557,525.0,0
6.2665736804073475,525.0,0
6.266682911254138,525.0,0
6.26679214210093,525.0,0
6.2669013729477205,524.0,0
6.267010603794512,525.0,0
6.267119834641303,524.0,0
6.267229065488094,524.0,0
6.267338296334885,524.0,0
6.267447527181677,524.0,0
6.2675567580284675,524.0,0
6.267665988875259,524.0,0
6.267775219722051,523.0,0
6.267884450568841,524.0,0
6.267993681415633,523.0,0
6.268102912262424,522.0,0
6.268212143109215,523.0,0
6.268321373956006,523.0,0
6.268430604802797,521.0,0
6.268539835649588,521.0,0
6.268649066496379,521.0,0
6.268758297343171,521.0,0
6.268867528189961,520.0,0
6.268976759036753,521.0,0
6.269085989883544,521.0,0
6.269195220730335,520.0,0
6.269304451577126,520.0,0
6.269413682423917,520.0,0
6.269522913270708,520.0,0
6.269632144117499,520.0,0
6.2697413749642905,520.0,0
6.269850605811081,520.0,0
6.269959836657873,520.0,0
6.2700690675046635,520.0,0
6.270178298351455,520.0,0
6.270287529198246,520.0,0
6.270396760045037,520.0,0
6.270505990891829,521.0,0
6.27061522173862,521.0,0
6.270724452585411,521.0,0
6.270833683432202,521.0,0
6.270942914278993,522.0,0
6.271052145125784,521.0,0
6.271161375972575,521.0,0
6.271270606819367,522.0,0
6.271379837666157,522.0,0
6.271489068512949,521.0,0
6.27159829935974,522.0,0
6.271707530206531,523.0,0
6.271816761053322,522.0,0
6.271925991900113,522.0,0
6.272035222746904,523.0,0
6.272144453593695,523.0,0
6.272253684440487,522.0,0
6.272362915287277,522.0,0
6.272472146134069,523.0,0
6.27258137698086,523.0,0
6.272690607827651,522.0,0
6.272799838674443,523.0,0
6.2729090695212335,523.0,0
6.273018300368025,522.0,0
6.273127531214816,523.0,0
6.273236762061607,523.0,0
6.273345992908398,523.0,0
6.273455223755189,522.0,0
6.27356445460198,524.0,0
6.273673685448771,523.0,0
6.273782916295563,523.0,0
6.273892147142353,523.0,0
6.274001377989145,524.0,0
6.274110608835936,523.0,0
6.274219839682727,523.0,0
6.274329070529518,524.0,0
6.274438301376309,524.0,0
6.2745475322231,523.0,0
6.274656763069891,524.0,0
6.274765993916683,524.0,0
6.274875224763473,524.0,0
6.274984455610265,524.0,0
6.275093686457056,524.0,0
6.275202917303847,524.0,0
6.275312148150638,524.0,0
6.27542137899743,524.0,0
6.275530609844221,524.0,0
6.275639840691012,524.0,0
6.2757490715378035,524.0,0
6.275858302384594,524.0,0
6.275967533231385,524.0,0
6.2760767640781765,524.0,0
6.276185994924967,524.0,0
6.276295225771759,524.0,0
6.2764044566185495,524.0,0
6.276513687465341,524.0,0
6.276622918312132,524.0,0
6.276732149158923,524.0,0
6.276841380005714,524.0,0
6.276950610852505,524.0,0
6.277059841699296,525.0,0
6.277169072546087,524.0,0
6.277278303392879,524.0,0
6.277387534239669,524.0,0
6.277496765086461,524.0,0
6.277605995933252,524.0,0
6.277715226780043,524.0,0
6.277824457626835,524.0,0
6.277933688473626,524.0,0
6.278042919320417,524.0,0
6.278152150167208,525.0,0
6.2782613810139996,524.0,0
6.27837061186079,524.0,0
6.278479842707581,524.0,0
6.278589073554373,524.0,0
6.278698304401163,524.0,0
6.278807535247955,524.0,0
6.278916766094746,524.0,0
6.279025996941537,524.0,0
6.279135227788328,524.0,0
6.2792444586351195,524.0,0
6.27935368948191,524.0,0
6.279462920328701,524.0,0
6.2795721511754925,524.0,0
6.279681382022283,525.0,0
6.279790612869075,524.0,0
6.2798998437158655,524.0,0
6.280009074562657,524.0,0
6.280118305409448,524.0,0
6.280227536256239,524.0,0
6.28033676710303,524.0,0
6.280445997949822,524.0,0
6.280555228796613,524.0,0
6.280664459643404,524.0,0
6.280773690490196,524.0,0
6.280882921336986,524.0,0
6.280992152183777,524.0,0
6.281101383030569,524.0,0
6.281210613877359,524.0,0
6.281319844724151,524.0,0
6.281429075570942,524.0,0
6.281538306417733,524.0,0
6.281647537264524,524.0,0
6.281756768111316,524.0,0
6.281865998958106,524.0,0
6.281975229804897,524.0,0
6.282084460651689,524.0,0
6.282193691498479,524.0,0
6.282302922345271,525.0,0
6.282412153192062,525.0,0
6.282521384038853,524.0,0
6.282630614885644,524.0,0
6.2827398457324355,525.0,0
6.282849076579227,525.0,0
6.282958307426018,524.0,0
6.283067538272809,525.0,0
6.2831767691196,525.0,0
6.283285999966392,524.0,0
6.283395230813182,524.0,0
6.283504461659974,524.0,0
6.283613692506765,524.0,0
6.283722923353555,524.0,0
6.283832154200347,524.0,0
6.283941385047138,524.0,0
6.284050615893929,524.0,0
6.28415984674072,524.0,0
6.284269077587512,524.0,0
6.284378308434302,524.0,0
6.284487539281093,523.0,0
6.284596770127885,523.0,0
6.284706000974675,524.0,0
6.284815231821467,523.0,0
6.284924462668258,523.0,0
6.285033693515049,523.0,0
6.28514292436184,523.0,0
6.285252155208632,522.0,0
6.285361386055422,523.0,0
6.285470616902214,523.0,0
6.2855798477490055,522.0,0
6.285689078595796,521.0,0
6.285798309442588,523.0,0
6.2859075402893785,522.0,0
6.28601677113617,521.0,0
6.286126001982961,521.0,0
6.2862352328297515,522.0,0
6.286344463676543,521.0,0
6.286453694523334,521.0,0
6.286562925370125,521.0,0
6.286672156216916,521.0,0
6.286781387063708,521.0,0
6.286890617910498,521.0,0
6.286999848757289,521.0,0
6.287109079604081,521.0,0
6.287218310450871,521.0,0
6.287327541297663,521.0,0
6.287436772144454,521.0,0
6.287546002991245,521.0,0
6.287655233838036,521.0,0
6.287764464684828,521.0,0
6.287873695531619,521.0,0
6.28798292637841,521.0,0
6.2880921572252015,521.0,0
6.288201388071992,521.0,0
6.288310618918784,520.0,0
6.2884198497655746,521.0,0
6.288529080612366,521.0,0
6.288638311459157,521.0,0
6.288747542305948,520.0,0
6.288856773152739,521.0,0
6.28896600399953,521.0,0
6.2890752348463215,520.0,0
6.289184465693112,520.0,0
6.289293696539904,521.0,0
6.2894029273866945,520.0,0
6.289512158233485,520.0,0
6.289621389080277,521.0,0
6.2897306199270675,521.0,0
6.289839850773859,520.0,0
6.28994908162065,521.0,0
6.290058312467441,521.0,0
6.290167543314232,520.0,0
6.290276774161024,520.0,0
6.290386005007814,521.0,0
6.290495235854606,521.0,0
6.290604466701398,520.0,0
6.290713697548188,521.0,0
6.29082292839498,521.0,0
6.290932159241771,520.0,0
6.291041390088562,521.0,0
6.291150620935353,521.0,0
6.291259851782144,521.0,0
6.291369082628935,520.0,0
6.291478313475726,521.0,0
6.2915875443225175,521.0,0
6.291696775169308,520.0,0
6.2918060060161,520.0,0
6.291915236862891,521.0,0
6.292024467709681,520.0,0
6.292133698556473,520.0,0
6.292242929403264,520.0,0
6.292352160250055,520.0,0
6.292461391096846,520.0,0
6.2925706219436375,519.0,0
6.292679852790428,520.0,0
6.29278908363722,520.0,0
6.292898314484011,520.0,0
6.293007545330802,520.0,0
6.293116776177594,520.0,0
6.293226007024384,520.0,0
6.293335237871176,520.0,0
6.293444468717967,521.0,0
6.293553699564758,521.0,0
6.293662930411549,520.0,0
6.29377216125834,520.0,0
6.293881392105131,521.0,0
6.293990622951922,521.0,0
6.294099853798714,521.0,0
6.294209084645504,521.0,0
6.294318315492296,521.0,0
6.294427546339087,521.0,0
6.294536777185877,521.0,0
6.294646008032669,521.0,0
6.29475523887946,521.0,0
6.294864469726251,521.0,0
6.294973700573042,521.0,0
6.2950829314198335,521.0,0
6.295192162266624,521.0,0
6.295301393113416,521.0,0
6.295410623960207,522.0,0
6.295519854806998,521.0,0
6.29562908565379,521.0,0
6.2957383165005805,522.0,0
6.295847547347372,522.0,0
6.295956778194163,521.0,0
6.296066009040954,522.0,0
6.296175239887745,522.0,0
6.296284470734536,522.0,0
6.296393701581327,522.0,0
6.296502932428118,523.0,0
6.29661216327491,522.0,0
6.2967213941217,522.0,0
6.296830624968492,523.0,0
6.296939855815283,523.0,0
6.297049086662073,522.0,0
6.297158317508865,522.0,0
6.297267548355656,523.0,0
6.297376779202447,523.0,0
6.297486010049238,522.0,0
6.29759524089603,523.0,0
6.29770447174282,523.0,0
6.297813702589612,521.0,0
6.2979229334364035,521.0,0
6.298032164283194,522.0,0
6.298141395129986,521.0,0
6.2982506259767765,521.0,0
6.298359856823568,521.0,0
6.298469087670359,521.0,0
6.29857831851715,521.0,0
6.298687549363941,521.0,0
6.298796780210732,521.0,0
6.2989060110575235,521.0,0
6.299015241904314,520.0,0
6.299124472751106,521.0,0
6.2992337035978965,521.0,0
6.299342934444688,520.0,0
6.299452165291479,520.0,0
6.2995613961382695,521.0,0
6.299670626985061,520.0,0
6.299779857831852,520.0,0
6.299889088678643,520.0,0
6.299998319525434,521.0,0
6.300107550372226,520.0,0
6.300216781219016,520.0,0
6.300326012065808,520.0,0
6.300435242912599,521.0,0
6.30054447375939,520.0,0
6.300653704606182,521.0,0
6.300762935452973,521.0,0
6.300872166299764,521.0,0
6.300981397146555,521.0,0
6.3010906279933465,521.0,0
6.301199858840137,521.0,0
6.301309089686928,521.0,0
6.3014183205337195,521.0,0
6.30152755138051,522.0,0
6.301636782227302,521.0,0
6.3017460130740925,522.0,0
6.301855243920884,522.0,0
6.301964474767675,522.0,0
6.302073705614466,521.0,0
6.302182936461257,522.0,0
6.302292167308048,522.0,0
6.3024013981548395,522.0,0
6.30251062900163,522.0,0
6.302619859848422,523.0,0
6.3027290906952125,522.0,0
6.302838321542004,522.0,0
6.302947552388796,521.0,0
6.303056783235586,522.0,0
6.303166014082378,521.0,0
6.303275244929169,521.0,0
6.30338447577596,521.0,0
6.303493706622751,522.0,0
6.303602937469543,521.0,0
6.303712168316333,521.0,0
6.303821399163124,521.0,0
6.303930630009916,521.0,0
6.304039860856706,521.0,0
6.304149091703498,521.0,0
6.304258322550289,521.0,0
6.30436755339708,521.0,0
6.304476784243871,520.0,0
6.304586015090662,521.0,0
6.304695245937453,521.0,0
6.304804476784244,520.0,0
6.3049137076310355,520.0,0
6.305022938477826,521.0,0
6.305132169324618,520.0,0
6.3052414001714086,520.0,0
6.3053506310182,520.0,0
6.305459861864991,521.0,0
6.3055690927117825,520.0,0
6.305678323558574,520.0,0
6.305787554405365,521.0,0
6.305896785252156,521.0,0
6.306006016098947,520.0,0
6.306115246945739,521.0,0
6.306224477792529,521.0,0
6.30633370863932,521.0,0
6.306442939486112,521.0,0
6.306552170332902,522.0,0
6.306661401179694,521.0,0
6.306770632026485,521.0,0
6.306879862873276,522.0,0
6.306989093720067,523.0,0
6.307098324566858,521.0,0
6.307207555413649,523.0,0
6.30731678626044,523.0,0
6.307426017107232,523.0,0
6.307535247954022,523.0,0
6.307644478800814,524.0,0
6.307753709647605,523.0,0
6.307862940494396,523.0,0
6.307972171341188,523.0,0
6.3080814021879785,524.0,0
6.30819063303477,523.0,0
6.308299863881561,523.0,0
6.308409094728352,524.0,0
6.308518325575143,523.0,0
6.308627556421935,523.0,0
6.308736787268725,524.0,0
6.308846018115516,523.0,0
6.308955248962308,523.0,0
6.3090644798090985,523.0,0
6.30917371065589,524.0,0
6.309282941502681,523.0,0
6.309392172349472,523.0,0
6.309501403196263,523.0,0
6.309610634043054,523.0,0
6.309719864889845,523.0,0
6.309829095736636,523.0,0
6.309938326583428,523.0,0
6.310047557430218,523.0,0
6.31015678827701,523.0,0
6.310266019123801,523.0,0
6.310375249970592,523.0,0
6.310484480817383,523.0,0
6.310593711664175,523.0,0
6.310702942510966,523.0,0
6.310812173357757,523.0,0
6.3109214042045485,523.0,0
6.311030635051339,523.0,0
6.311139865898131,523.0,0
6.3112490967449215,523.0,0
6.311358327591712,523.0,0
6.311467558438504,524.0,0
6.3115767892852945,523.0,0
6.311686020132086,523.0,0
6.311795250978877,524.0,0
6.311904481825668,523.0,0
6.312013712672459,523.0,0
6.31212294351925,523.0,0
6.3122321743660414,524.0,0
6.312341405212832,523.0,0
6.312450636059624,523.0,0
6.3125598669064145,524.0,0
6.312669097753206,524.0,0
6.312778328599997,523.0,0
6.312887559446788,524.0,0
6.31299679029358,524.0,0
6.313106021140371,524.0,0
6.313215251987162,524.0,0
6.313324482833953,524.0,0
6.313433713680745,524.0,0
6.313542944527535,524.0,0
6.313652175374327,524.0,0
6.313761406221118,524.0,0
6.313870637067908,524.0,0
6.3139798679147,524.0,0
6.314089098761491,524.0,0
6.314198329608282,524.0,0
6.314307560455073,524.0,0
6.3144167913018645,524.0,0
6.314526022148655,524.0,0
6.314635252995447,524.0,0
6.3147444838422375,524.0,0
6.314853714689028,524.0,0
6.31496294553582,524.0,0
6.3150721763826105,524.0,0
6.315181407229402,524.0,0
6.315290638076193,524.0,0
6.315399868922984,524.0,0
6.315509099769775,524.0,0
6.315618330616567,524.0,0
6.315727561463358,524.0,0
6.315836792310149,524.0,0
6.315946023156941,524.0,0
6.316055254003731,524.0,0
6.316164484850523,524.0,0
6.316273715697314,524.0,0
6.316382946544104,525.0,0
6.316492177390896,524.0,0
6.316601408237687,524.0,0
6.316710639084478,524.0,0
6.316819869931269,524.0,0
6.316929100778061,524.0,0
6.317038331624851,524.0,0
6.317147562471643,524.0,0
6.317256793318434,524.0,0
6.317366024165224,524.0,0
6.317475255012016,524.0,0
6.317584485858807,524.0,0
6.317693716705598,524.0,0
6.317802947552389,524.0,0
6.3179121783991805,524.0,0
6.318021409245972,524.0,0
6.318130640092763,524.0,0
6.318239870939554,524.0,0
6.318349101786345,524.0,0
6.318458332633137,524.0,0
6.318567563479927,524.0,0
6.318676794326719,524.0,0
6.31878602517351,524.0,0
6.3188952560203,524.0,0
6.319004486867092,524.0,0
6.319113717713883,524.0,0
6.319222948560674,524.0,0
6.319332179407465,524.0,0
6.319441410254257,524.0,0
6.319550641101047,524.0,0
6.319659871947839,524.0,0
6.31976910279463,524.0,0
6.31987833364142,524.0,0
6.319987564488212,523.0,0
6.320096795335003,524.0,0
6.320206026181794,523.0,0
6.320315257028585,523.0,0
6.320424487875377,524.0,0
6.320533718722167,524.0,0
6.320642949568959,523.0,0
6.3207521804157505,523.0,0
6.320861411262541,523.0,0
6.320970642109333,523.0,0
6.3210798729561235,523.0,0
6.321189103802915,523.0,0
6.321298334649706,523.0,0
6.3214075654964965,523.0,0
6.321516796343288,523.0,0
6.321626027190079,523.0,0
6.32173525803687,523.0,0
6.321844488883661,522.0,0
6.321953719730453,522.0,0
6.322062950577243,523.0,0
6.322172181424035,521.0,0
6.322281412270826,522.0,0
6.3223906431176164,522.0,0
6.322499873964408,521.0,0
6.322609104811199,521.0,0
6.32271833565799,521.0,0
6.322827566504781,521.0,0
6.322936797351573,521.0,0
6.323046028198364,521.0,0
6.323155259045155,521.0,0
6.323264489891947,521.0,0
6.323373720738737,521.0,0
6.323482951585529,521.0,0
6.32359218243232,521.0,0
6.323701413279111,520.0,0
6.323810644125902,521.0,0
6.323919874972693,521.0,0
6.324029105819484,521.0,0
6.324138336666275,520.0,0
6.3242475675130665,521.0,0
6.324356798359857,521.0,0
6.324466029206649,520.0,0
6.3245752600534395,520.0,0
6.324684490900231,521.0,0
6.324793721747022,521.0,0
6.3249029525938125,521.0,0
6.325012183440604,521.0,0
6.325121414287395,521.0,0
6.325230645134186,521.0,0
6.325339875980977,521.0,0
6.325449106827769,521.0,0
6.325558337674559,520.0,0
6.325667568521351,520.0,0
6.325776799368143,521.0,0
6.325886030214933,520.0,0
6.325995261061725,520.0,0
6.326104491908516,520.0,0
6.326213722755307,520.0,0
6.326322953602098,520.0,0
6.326432184448889,520.0,0
6.32654141529568,520.0,0
6.326650646142471,520.0,0
6.326759876989263,520.0,0
6.326869107836053,520.0,0
6.326978338682845,520.0,0
6.327087569529636,520.0,0
6.327196800376427,520.0,0
6.327306031223218,520.0,0
6.327415262070009,521.0,0
6.3275244929168,521.0,0
6.327633723763591,521.0,0
6.3277429546103825,521.0,0
6.327852185457173,521.0,0
6.327961416303965,521.0,0
6.328070647150756,521.0,0
6.328179877997547,522.0,0
6.328289108844339,521.0,0
6.328398339691129,522.0,0
6.328507570537921,522.0,0
6.328616801384712,523.0,0
6.328726032231503,522.0,0
6.328835263078294,522.0,0
6.328944493925085,523.0,0
6.329053724771876,523.0,0
6.329162955618667,523.0,0
6.329272186465459,523.0,0
6.329381417312249,523.0,0
6.329490648159041,523.0,0
6.329599879005832,523.0,0
6.329709109852623,524.0,0
6.329818340699414,523.0,0
6.329927571546205,523.0,0
6.330036802392996,524.0,0
6.330146033239787,524.0,0
6.330255264086579,523.0,0
6.330364494933369,524.0,0
6.330473725780161,524.0,0
6.330582956626952,523.0,0
6.330692187473743,523.0,0
6.330801418320535,524.0,0
6.3309106491673255,523.0,0
6.331019880014117,523.0,0
6.331129110860908,523.0,0
6.331238341707699,523.0,0
6.33134757255449,522.0,0
6.331456803401282,522.0,0
6.331566034248072,523.0,0
6.331675265094863,522.0,0
6.331784495941655,521.0,0
6.331893726788445,523.0,0
6.332002957635237,522.0,0
6.332112188482028,522.0,0
6.332221419328819,522.0,0
6.33233065017561,523.0,0
6.332439881022401,522.0,0
6.332549111869192,521.0,0
6.332658342715983,522.0,0
6.332767573562775,523.0,0
6.332876804409565,522.0,0
6.332986035256357,522.0,0
6.3330952661031485,522.0,0
6.333204496949939,523.0,0
6.333313727796731,522.0,0
6.333422958643522,523.0,0
6.333532189490313,523.0,0
6.333641420337104,522.0,0
6.3337506511838955,522.0,0
6.333859882030686,523.0,0
6.333969112877478,522.0,0
6.3340783437242685,521.0,0
6.334187574571059,522.0,0
6.334296805417851,522.0,0
6.3344060362646415,521.0,0
6.334515267111433,522.0,0
6.334624497958224,521.0,0
6.334733728805015,521.0,0
6.334842959651806,521.0,0
6.334952190498597,522.0,0
6.335061421345388,521.0,0
6.335170652192179,521.0,0
6.335279883038971,521.0,0
6.335389113885761,523.0,0
6.335498344732553,522.0,0
6.335607575579344,522.0,0
6.335716806426135,523.0,0
6.335826037272927,523.0,0
6.335935268119718,523.0,0
6.336044498966509,523.0,0
6.3361537298133,523.0,0
6.3362629606600915,523.0,0
6.336372191506882,523.0,0
6.336481422353674,524.0,0
6.3365906532004646,524.0,0
6.336699884047255,524.0,0
6.336809114894047,524.0,0
6.336918345740838,524.0,0
6.337027576587629,524.0,0
6.33713680743442,524.0,0
6.3372460382812115,525.0,0
6.337355269128002,525.0,0
6.337464499974793,525.0,0
6.3375737308215845,526.0,0
6.337682961668375,526.0,0
6.337792192515167,526.0,0
6.3379014233619575,526.0,0
6.338010654208749,526.0,0
6.338119885055541,526.0,0
6.338229115902331,527.0,0
6.338338346749123,527.0,0
6.338447577595914,527.0,0
6.338556808442705,527.0,0
6.338666039289496,527.0,0
6.338775270136288,527.0,0
6.338884500983078,527.0,0
6.33899373182987,527.0,0
6.339102962676661,527.0,0
6.339212193523451,527.0,0
6.339321424370243,528.0,0
6.339430655217034,528.0,0
6.339539886063825,528.0,0
6.339649116910616,528.0,0
6.3397583477574075,527.0,0
6.339867578604198,527.0,0
6.339976809450989,527.0,0
6.340086040297781,527.0,0
6.340195271144571,527.0,0
6.340304501991363,527.0,0
6.340413732838154,527.0,0
6.340522963684945,527.0,0
6.340632194531736,527.0,0
6.3407414253785275,527.0,0
6.340850656225319,527.0,0
6.34095988707211,527.0,0
6.341069117918901,527.0,0
6.341178348765692,527.0,0
6.341287579612484,527.0,0
6.341396810459274,527.0,0
6.341506041306066,527.0,0
6.341615272152857,527.0,0
6.341724502999647,527.0,0
6.341833733846439,527.0,0
6.34194296469323,527.0,0
6.342052195540021,527.0,0
6.342161426386812,527.0,0
6.342270657233604,527.0,0
6.342379888080394,527.0,0
6.342489118927185,528.0,0
6.342598349773977,528.0,0
6.342707580620767,527.0,0
6.342816811467559,528.0,0
6.34292604231435,528.0,0
6.343035273161141,528.0,0
6.343144504007933,528.0,0
6.3432537348547235,529.0,0
6.343362965701515,529.0,0
6.343472196548306,529.0,0
6.3435814273950974,529.0,0
6.343690658241888,529.0,0
6.34379988908868,529.0,0
6.3439091199354705,529.0,0
6.344018350782262,529.0,0
6.344127581629053,530.0,0
6.3442368124758435,530.0,0
6.344346043322635,530.0,0
6.344455274169426,531.0,0
6.344564505016217,531.0,0
6.344673735863008,531.0,0
6.3447829667098,531.0,0
6.34489219755659,531.0,0
6.345001428403381,531.0,0
6.345110659250173,531.0,0
6.345219890096963,531.0,0
6.345329120943755,531.0,0
6.345438351790546,531.0,0
6.345547582637337,531.0,0
6.345656813484128,532.0,0
6.34576604433092,531.0,0
6.345875275177711,531.0,0
6.345984506024502,532.0,0
6.3460937368712935,532.0,0
6.346202967718084,531.0,0
6.346312198564876,532.0,0
6.3464214294116665,532.0,0
6.346530660258458,531.0,0
6.346639891105249,531.0,0
6.3467491219520396,532.0,0
6.346858352798831,531.0,0
6.346967583645622,531.0,0
6.3470768144924135,531.0,0
6.347186045339204,531.0,0
6.347295276185996,531.0,0
6.3474045070327865,531.0,0
6.347513737879577,531.0,0
6.347622968726369,531.0,0
6.3477321995731595,531.0,0
6.347841430419951,531.0,0
6.347950661266742,531.0,0
6.348059892113533,531.0,0
6.348169122960325,530.0,0
6.348278353807116,531.0,0
6.348387584653907,530.0,0
6.348496815500698,530.0,0
6.34860604634749,530.0,0
6.34871527719428,530.0,0
6.348824508041072,529.0,0
6.348933738887863,529.0,0
6.349042969734654,530.0,0
6.349152200581445,529.0,0
6.349261431428236,529.0,0
6.349370662275027,529.0,0
6.349479893121818,529.0,0
6.3495891239686095,528.0,0
6.3496983548154,529.0,0
6.349807585662192,529.0,0
6.3499168165089825,528.0,0
6.350026047355773,528.0,0
6.350135278202565,528.0,0
6.350244509049356,528.0,0
6.350353739896147,527.0,0
6.350462970742938,527.0,0
6.3505722015897295,527.0,0
6.35068143243652,527.0,0
6.350790663283312,527.0,0
6.350899894130103,527.0,0
6.351009124976894,527.0,0
6.351118355823686,527.0,0
6.351227586670476,527.0,0
6.351336817517268,527.0,0
6.351446048364059,527.0,0
6.35155527921085,527.0,0
6.351664510057641,527.0,0
6.351773740904432,527.0,0
6.351882971751223,526.0,0
6.351992202598014,527.0,0
6.352101433444806,527.0,0
6.352210664291596,527.0,0
6.352319895138388,526.0,0
6.352429125985179,527.0,0
6.352538356831969,527.0,0
6.352647587678761,527.0,0
6.352756818525552,527.0,0
6.352866049372343,527.0,0
6.352975280219134,527.0,0
6.3530845110659255,527.0,0
6.353193741912717,527.0,0
6.353302972759508,527.0,0
6.353412203606299,527.0,0
6.35352143445309,527.0,0
6.353630665299882,527.0,0
6.3537398961466725,527.0,0
6.353849126993464,527.0,0
6.353958357840255,527.0,0
6.354067588687046,527.0,0
6.354176819533837,527.0,0
6.354286050380628,527.0,0
6.354395281227419,527.0,0
6.35450451207421,527.0,0
6.354613742921002,527.0,0
6.354722973767792,527.0,0
6.354832204614584,527.0,0
6.354941435461375,527.0,0
6.355050666308165,527.0,0
6.355159897154957,527.0,0
6.355269128001748,527.0,0
6.355378358848539,527.0,0
6.35548758969533,527.0,0
6.355596820542122,527.0,0
6.355706051388912,527.0,0
6.355815282235704,527.0,0
6.3559245130824955,527.0,0
6.356033743929286,527.0,0
6.356142974776078,527.0,0
6.3562522056228685,527.0,0
6.35636143646966,527.0,0
6.356470667316451,527.0,0
6.356579898163242,527.0,0
6.356689129010033,527.0,0
6.356798359856824,527.0,0
6.356907590703615,527.0,0
6.357016821550406,527.0,0
6.357126052397198,527.0,0
6.3572352832439885,527.0,0
6.35734451409078,527.0,0
6.357453744937571,527.0,0
6.3575629757843615,527.0,0
6.357672206631153,527.0,0
6.357781437477944,527.0,0
6.357890668324735,527.0,0
6.357999899171526,527.0,0
6.358109130018318,527.0,0
6.358218360865109,527.0,0
6.3583275917119,527.0,0
6.358436822558692,527.0,0
6.358546053405482,527.0,0
6.358655284252274,527.0,0
6.358764515099065,527.0,0
6.358873745945856,527.0,0
6.358982976792647,527.0,0
6.3590922076394385,526.0,0
6.359201438486229,526.0,0
6.35931066933302,526.0,0
6.3594199001798115,526.0,0
6.359529131026602,526.0,0
6.359638361873394,526.0,0
6.3597475927201845,526.0,0
6.359856823566976,526.0,0
6.359966054413767,525.0,0
6.3600752852605575,526.0,0
6.360184516107349,525.0,0
6.36029374695414,525.0,0
6.3604029778009314,525.0,0
6.360512208647722,525.0,0
6.360621439494514,524.0,0
6.3607306703413045,524.0,0
6.360839901188096,524.0,0
6.360949132034888,524.0,0
6.361058362881678,524.0,0
6.36116759372847,524.0,0
6.361276824575261,524.0,0
6.361386055422052,524.0,0
6.361495286268843,524.0,0
6.361604517115635,524.0,0
6.361713747962425,524.0,0
6.361822978809216,524.0,0
6.361932209656008,524.0,0
6.362041440502798,524.0,0
6.36215067134959,524.0,0
6.362259902196381,524.0,0
6.362369133043172,524.0,0
6.362478363889963,524.0,0
6.3625875947367545,524.0,0
6.362696825583545,524.0,0
6.362806056430336,524.0,0
6.3629152872771275,524.0,0
6.363024518123918,524.0,0
6.36313374897071,525.0,0
6.363242979817501,524.0,0
6.363352210664292,524.0,0
6.363461441511084,524.0,0
6.363570672357874,525.0,0
6.363679903204666,524.0,0
6.363789134051457,525.0,0
6.363898364898248,526.0,0
6.364007595745039,525.0,0
6.364116826591831,525.0,0
6.364226057438621,526.0,0
6.364335288285412,526.0,0
6.364444519132204,526.0,0
6.364553749978994,526.0,0
6.364662980825786,527.0,0
6.364772211672577,526.0,0
6.364881442519368,526.0,0
6.364990673366159,527.0,0
6.365099904212951,527.0,0
6.365209135059741,527.0,0
6.365318365906532,527.0,0
6.365427596753324,527.0,0
6.365536827600114,527.0,0
6.365646058446906,527.0,0
6.365755289293697,527.0,0
6.365864520140488,527.0,0
6.36597375098728,527.0,0
6.3660829818340705,527.0,0
6.366192212680862,528.0,0
6.366301443527653,527.0,0
6.366410674374444,527.0,0
6.366519905221235,528.0,0
6.366629136068027,528.0,0
6.366738366914817,527.0,0
6.366847597761608,528.0,0
6.3669568286084,528.0,0
6.36706605945519,528.0,0
6.367175290301982,528.0,0
6.367284521148773,528.0,0
6.367393751995564,528.0,0
6.367502982842355,528.0,0
6.367612213689147,528.0,0
6.367721444535937,529.0,0
6.367830675382728,529.0,0
6.36793990622952,528.0,0
6.36804913707631,529.0,0
6.368158367923102,529.0,0
6.368267598769894,529.0,0
6.368376829616684,529.0,0
6.368486060463476,529.0,0
6.368595291310267,529.0,0
6.368704522157058,529.0,0
6.368813753003849,529.0,0
6.3689229838506405,529.0,0
6.369032214697431,529.0,0
6.369141445544223,529.0,0
6.3692506763910135,529.0,0
6.369359907237804,529.0,0
6.369469138084596,529.0,0
6.3695783689313865,529.0,0
6.369687599778178,529.0,0
6.369796830624969,529.0,0
6.36990606147176,529.0,0
6.370015292318551,529.0,0
6.370124523165343,529.0,0
6.370233754012133,528.0,0
6.370342984858924,528.0,0
6.370452215705716,528.0,0
6.3705614465525064,527.0,0
6.370670677399298,527.0,0
6.370779908246089,528.0,0
6.37088913909288,527.0,0
6.370998369939672,527.0,0
6.371107600786463,527.0,0
6.371216831633254,527.0,0
6.371326062480045,527.0,0
6.371435293326837,527.0,0
6.371544524173627,527.0,0
6.371653755020419,527.0,0
6.37176298586721,526.0,0
6.371872216714,527.0,0
6.371981447560792,527.0,0
6.372090678407583,526.0,0
6.372199909254374,526.0,0
6.372309140101165,526.0,0
6.3724183709479565,526.0,0
6.372527601794747,525.0,0
6.372636832641539,525.0,0
6.3727460634883295,525.0,0
6.37285529433512,524.0,0
6.372964525181912,524.0,0
6.3730737560287025,524.0,0
6.373182986875494,524.0,0
6.373292217722286,524.0,0
6.373401448569076,524.0,0
6.373510679415868,524.0,0
6.373619910262659,524.0,0
6.37372914110945,524.0,0
6.373838371956241,524.0,0
6.373947602803033,524.0,0
6.374056833649823,524.0,0
6.374166064496615,524.0,0
6.374275295343406,524.0,0
6.374384526190196,524.0,0
6.374493757036988,524.0,0
6.374602987883779,524.0,0
6.37471221873057,524.0,0
6.374821449577361,524.0,0
6.374930680424153,524.0,0
6.375039911270943,524.0,0
6.375149142117735,524.0,0
6.375258372964526,524.0,0
6.375367603811316,525.0,0
6.375476834658108,524.0,0
6.375586065504899,524.0,0
6.37569529635169,525.0,0
6.375804527198481,525.0,0
6.3759137580452725,525.0,0
6.376022988892064,526.0,0
6.376132219738855,526.0,0
6.376241450585646,526.0,0
6.376350681432437,526.0,0
6.376459912279229,526.0,0
6.376569143126019,526.0,0
6.376678373972811,526.0,0
6.376787604819602,526.0,0
6.376896835666393,527.0,0
6.377006066513184,526.0,0
6.377115297359975,527.0,0
6.377224528206766,527.0,0
6.377333759053557,527.0,0
6.377442989900349,527.0,0
6.377552220747139,527.0,0
6.377661451593931,527.0,0
6.377770682440722,527.0,0
6.377879913287512,527.0,0
6.377989144134304,527.0,0
6.378098374981095,526.0,0
6.378207605827886,526.0,0
6.378316836674678,526.0,0
6.378426067521469,526.0,0
6.37853529836826,526.0,0
6.378644529215051,526.0,0
6.3787537600618425,526.0,0
6.378862990908633,526.0,0
6.378972221755425,525.0,0
6.3790814526022155,526.0,0
6.379190683449007,526.0,0
6.379299914295798,525.0,0
6.379409145142589,526.0,0
6.37951837598938,526.0,0
6.379627606836171,525.0,0
6.379736837682962,525.0,0
6.379846068529753,525.0,0
6.379955299376545,525.0,0
6.380064530223335,525.0,0
6.380173761070127,525.0,0
6.380282991916918,525.0,0
6.380392222763708,525.0,0
6.3805014536105,525.0,0
6.380610684457291,525.0,0
6.380719915304082,524.0,0
6.380829146150873,525.0,0
6.380938376997665,525.0,0
6.381047607844456,525.0,0
6.381156838691247,524.0,0
6.3812660695380385,524.0,0
6.381375300384829,525.0,0
6.381484531231621,525.0,0
6.381593762078412,524.0,0
6.381702992925203,524.0,0
6.381812223771994,524.0,0
6.3819214546187855,524.0,0
6.382030685465576,524.0,0
6.382139916312367,524.0,0
6.3822491471591585,524.0,0
6.382358378005949,524.0,0
6.382467608852741,524.0,0
6.3825768396995315,524.0,0
6.382686070546323,524.0,0
6.382795301393114,524.0,0
6.3829045322399045,524.0,0
6.383013763086696,524.0,0
6.383122993933487,523.0,0
6.383232224780278,524.0,0
6.38334145562707,523.0,0
6.383450686473861,523.0,0
6.383559917320652,523.0,0
6.383669148167443,524.0,0
6.383778379014235,523.0,0
6.383887609861025,523.0,0
6.383996840707817,524.0,0
6.384106071554608,523.0,0
6.384215302401399,523.0,0
6.38432453324819,524.0,0
6.3844337640949815,524.0,0
6.384542994941772,524.0,0
6.384652225788563,524.0,0
6.3847614566353545,524.0,0
6.384870687482145,524.0,0
6.384979918328937,524.0,0
6.385089149175728,524.0,0
6.385198380022519,524.0,0
6.38530761086931,524.0,0
6.385416841716101,524.0,0
6.385526072562892,524.0,0
6.385635303409683,524.0,0
6.3857445342564745,524.0,0
6.385853765103265,524.0,0
6.385962995950057,525.0,0
6.386072226796848,525.0,0
6.386181457643639,524.0,0
6.386290688490431,526.0,0
6.386399919337221,525.0,0
6.386509150184013,525.0,0
6.386618381030804,526.0,0
6.386727611877595,526.0,0
6.386836842724386,526.0,0
6.386946073571178,526.0,0
6.387055304417968,526.0,0
6.387164535264759,526.0,0
6.387273766111551,526.0,0
6.387382996958341,527.0,0
6.387492227805133,527.0,0
6.387601458651924,527.0,0
6.387710689498715,527.0,0
6.387819920345506,527.0,0
6.387929151192297,527.0,0
6.388038382039088,527.0,0
6.388147612885879,527.0,0
6.3882568437326706,528.0,0
6.388366074579462,527.0,0
6.388475305426253,527.0,0
6.3885845362730445,528.0,0
6.388693767119835,528.0,0
6.388802997966627,528.0,0
6.3889122288134175,528.0,0
6.389021459660209,528.0,0
6.389130690507,528.0,0
6.389239921353791,528.0,0
6.389349152200582,528.0,0
6.389458383047374,528.0,0
6.389567613894164,528.0,0
6.389676844740955,528.0,0
6.389786075587747,528.0,0
6.389895306434537,528.0,0
6.390004537281329,528.0,0
6.39011376812812,528.0,0
6.390222998974911,528.0,0
6.390332229821702,527.0,0
6.390441460668493,528.0,0
6.390550691515284,528.0,0
6.390659922362075,527.0,0
6.390769153208867,527.0,0
6.390878384055657,528.0,0
6.390987614902449,527.0,0
6.3910968457492405,527.0,0
6.391206076596031,527.0,0
6.391315307442823,527.0,0
6.3914245382896135,527.0,0
6.391533769136405,527.0,0
6.391642999983196,527.0,0
6.3917522308299874,527.0,0
6.391861461676778,527.0,0
6.39197069252357,527.0,0
6.3920799233703605,527.0,0
6.392189154217151,527.0,0
6.392298385063943,527.0,0
6.3924076159107335,527.0,0
6.392516846757525,527.0,0
6.392626077604316,526.0,0
6.392735308451107,526.0,0
6.392844539297898,526.0,0
6.392953770144689,526.0,0
6.39306300099148,526.0,0
6.393172231838271,525.0,0
6.393281462685063,525.0,0
6.393390693531854,524.0,0
6.393499924378645,525.0,0
6.393609155225437,524.0,0
6.393718386072228,524.0,0
6.393827616919019,524.0,0
6.39393684776581,524.0,0
6.394046078612601,524.0,0
6.394155309459392,524.0,0
6.3942645403061835,524.0,0
6.394373771152974,524.0,0
6.394483001999766,524.0,0
6.3945922328465565,524.0,0
6.394701463693347,524.0,0
6.394810694540139,524.0,0
6.3949199253869295,524.0,0
6.395029156233721,524.0,0
6.395138387080512,524.0,0
6.3952476179273035,524.0,0
6.395356848774094,523.0,0
6.395466079620885,524.0,0
6.3955753104676765,523.0,0
6.395684541314467,523.0,0
6.395793772161259,523.0,0
6.3959030030080495,523.0,0
6.396012233854841,523.0,0
6.396121464701633,523.0,0
6.396230695548423,523.0,0
6.396339926395215,523.0,0
6.396449157242006,523.0,0
6.396558388088797,523.0,0
6.396667618935588,523.0,0
6.39677684978238,523.0,0
6.39688608062917,523.0,0
6.396995311475962,523.0,0
6.397104542322753,523.0,0
6.397213773169543,523.0,0
6.397323004016335,523.0,0
6.397432234863126,523.0,0
6.397541465709917,523.0,0
6.397650696556708,523.0,0
6.3977599274034995,523.0,0
6.39786915825029,523.0,0
6.397978389097081,523.0,0
6.3980876199438725,524.0,0
6.398196850790663,523.0,0
6.398306081637455,524.0,0
6.398415312484246,523.0,0
6.398524543331037,523.0,0
6.398633774177829,523.0,0
6.39874300502462,523.0,0
6.398852235871411,523.0,0
6.398961466718202,523.0,0
6.399070697564993,523.0,0
6.399179928411784,523.0,0
6.399289159258576,523.0,0
6.399398390105366,523.0,0
6.399507620952158,523.0,0
6.399616851798949,523.0,0
6.399726082645739,523.0,0
6.399835313492531,523.0,0
6.399944544339322,523.0,0
6.400053775186113,523.0,0
6.400163006032904,523.0,0
6.400272236879696,523.0,0
6.400381467726486,522.0,0
6.400490698573277,522.0,0
6.400599929420069,522.0,0
6.400709160266859,521.0,0
6.400818391113651,521.0,0
6.400927621960442,522.0,0
6.401036852807233,521.0,0
6.401146083654025,521.0,0
6.4012553145008155,521.0,0
6.401364545347607,521.0,0
6.401473776194398,521.0,0
6.401583007041189,521.0,0
6.40169223788798,521.0,0
6.401801468734772,521.0,0
6.4019106995815624,521.0,0
6.402019930428354,521.0,0
6.402129161275145,521.0,0
6.4022383921219355,521.0,0
6.402347622968727,521.0,0
6.402456853815518,521.0,0
6.402566084662309,520.0,0
6.4026753155091,521.0,0
6.402784546355892,521.0,0
6.402893777202682,520.0,0
6.403003008049473,520.0,0
6.403112238896265,521.0,0
6.403221469743055,520.0,0
6.403330700589847,520.0,0
6.403439931436639,520.0,0
6.403549162283429,521.0,0
6.403658393130221,520.0,0
6.4037676239770125,520.0,0
6.403876854823803,521.0,0
6.403986085670594,520.0,0
6.4040953165173855,520.0,0
6.404204547364176,521.0,0
6.404313778210968,521.0,0
6.4044230090577585,520.0,0
6.40453223990455,520.0,0
6.404641470751341,521.0,0
6.4047507015981315,521.0,0
6.404859932444923,520.0,0
6.404969163291714,521.0,0
6.405078394138505,521.0,0
6.405187624985296,521.0,0
6.405296855832088,521.0,0
6.4054060866788785,521.0,0
6.405515317525669,521.0,0
6.405624548372461,521.0,0
6.4057337792192515,521.0,0
6.405843010066043,521.0,0
6.405952240912834,521.0,0
6.406061471759625,521.0,0
6.406170702606417,522.0,0
6.406279933453208,521.0,0
6.406389164299999,521.0,0
6.40649839514679,522.0,0
6.406607625993582,522.0,0
6.406716856840372,521.0,0
6.406826087687164,522.0,0
6.406935318533955,522.0,0
6.407044549380746,522.0,0
6.407153780227537,521.0,0
6.407263011074328,523.0,0
6.407372241921119,522.0,0
6.40748147276791,522.0,0
6.4075907036147015,522.0,0
6.407699934461492,523.0,0
6.407809165308284,522.0,0
6.4079183961550745,522.0,0
6.408027627001866,522.0,0
6.408136857848657,522.0,0
6.4082460886954475,522.0,0
6.408355319542239,522.0,0
6.408464550389031,522.0,0
6.408573781235821,522.0,0
6.408683012082613,522.0,0
6.408792242929405,523.0,0
6.408901473776195,522.0,0
6.409010704622986,522.0,0
6.409119935469778,522.0,0
6.409229166316568,522.0,0
6.40933839716336,522.0,0
6.409447628010151,522.0,0
6.409556858856942,522.0,0
6.409666089703733,522.0,0
6.409775320550524,522.0,0
6.409884551397315,522.0,0
6.409993782244106,522.0,0
6.410103013090898,522.0,0
6.410212243937688,521.0,0
6.41032147478448,522.0,0
6.410430705631271,522.0,0
6.410539936478062,522.0,0
6.410649167324853,521.0,0
6.410758398171644,522.0,0
6.410867629018435,521.0,0
6.410976859865226,521.0,0
6.4110860907120175,522.0,0
6.411195321558809,522.0,0
6.4113045524056,521.0,0
6.411413783252391,522.0,0
6.411523014099182,522.0,0
6.411632244945974,521.0,0
6.411741475792764,521.0,0
6.411850706639556,522.0,0
6.411959937486347,522.0,0
6.412069168333138,521.0,0
6.412178399179929,521.0,0
6.41228763002672,522.0,0
6.412396860873511,521.0,0
6.412506091720302,521.0,0
6.412615322567094,521.0,0
6.412724553413884,522.0,0
6.412833784260676,521.0,0
6.412943015107467,521.0,0
6.413052245954258,522.0,0
6.413161476801049,522.0,0
6.41327070764784,521.0,0
6.413379938494631,522.0,0
6.413489169341423,522.0,0
6.413598400188214,522.0,0
6.413707631035005,522.0,0
6.413816861881797,523.0,0
6.4139260927285875,523.0,0
6.414035323575378,522.0,0
6.41414455442217,522.0,0
6.4142537852689605,523.0,0
6.414363016115752,522.0,0
6.414472246962543,521.0,0
6.414581477809334,522.0,0
6.414690708656125,521.0,0
6.414799939502916,521.0,0
6.414909170349707,521.0,0
6.415018401196498,521.0,0
6.41512763204329,521.0,0
6.41523686289008,520.0,0
6.415346093736872,521.0,0
6.415455324583663,520.0,0
6.415564555430454,520.0,0
6.415673786277245,520.0,0
6.415783017124036,520.0,0
6.415892247970827,520.0,0
6.416001478817618,520.0,0
6.41611070966441,520.0,0
6.416219940511201,520.0,0
6.416329171357992,520.0,0
6.416438402204784,520.0,0
6.416547633051574,521.0,0
6.416656863898366,521.0,0
6.416766094745157,520.0,0
6.416875325591948,521.0,0
6.416984556438739,521.0,0
6.4170937872855305,521.0,0
6.417203018132321,521.0,0
6.417312248979112,522.0,0
6.4174214798259035,521.0,0
6.417530710672694,522.0,0
6.417639941519486,522.0,0
6.4177491723662765,523.0,0
6.417858403213068,522.0,0
6.417967634059859,523.0,0
6.41807686490665,523.0,0
6.418186095753441,523.0,0
6.418295326600232,522.0,0
6.418404557447023,523.0,0
6.418513788293815,523.0,0
6.418623019140606,523.0,0
6.418732249987397,523.0,0
6.418841480834189,524.0,0
6.41895071168098,523.0,0
6.41905994252777,523.0,0
6.419169173374562,524.0,0
6.419278404221353,524.0,0
6.419387635068144,523.0,0
6.419496865914935,524.0,0
6.4196060967617266,524.0,0
6.419715327608517,524.0,0
6.419824558455308,524.0,0
6.4199337893021,524.0,0
6.42004302014889,524.0,0
6.420152250995682,524.0,0
6.420261481842473,524.0,0
6.420370712689264,524.0,0
6.420479943536055,524.0,0
6.4205891743828465,524.0,0
6.420698405229637,524.0,0
6.420807636076428,524.0,0
6.4209168669232195,524.0,0
6.42102609777001,524.0,0
6.421135328616802,524.0,0
6.421244559463593,524.0,0
6.421353790310384,523.0,0
6.421463021157176,524.0,0
6.421572252003966,523.0,0
6.421681482850758,523.0,0
6.421790713697549,523.0,0
6.42189994454434,523.0,0
6.422009175391131,522.0,0
6.422118406237923,521.0,0
6.422227637084713,522.0,0
6.422336867931504,521.0,0
6.422446098778296,521.0,0
6.422555329625086,521.0,0
6.422664560471878,521.0,0
6.422773791318669,521.0,0
6.42288302216546,520.0,0
6.422992253012251,521.0,0
6.423101483859043,521.0,0
6.423210714705833,521.0,0
6.423319945552624,521.0,0
6.423429176399416,521.0,0
6.423538407246207,521.0,0
6.423647638092998,521.0,0
6.4237568689397895,521.0,0
6.423866099786581,521.0,0
6.423975330633372,521.0,0
6.4240845614801625,521.0,0
6.424193792326954,521.0,0
6.424303023173745,521.0,0
6.424412254020536,520.0,0
6.424521484867327,521.0,0
6.424630715714119,521.0,0
6.424739946560909,521.0,0
6.424849177407701,521.0,0
6.424958408254492,521.0,0
6.425067639101282,521.0,0
6.425176869948074,521.0,0
6.425286100794865,521.0,0
6.425395331641656,521.0,0
6.425504562488447,520.0,0
6.425613793335239,521.0,0
6.425723024182029,521.0,0
6.42583225502882,521.0,0
6.425941485875612,520.0,0
6.426050716722402,521.0,0
6.426159947569194,521.0,0
6.4262691784159856,520.0,0
6.426378409262776,520.0,0
6.426487640109568,521.0,0
6.426596870956359,521.0,0
6.42670610180315,520.0,0
6.426815332649941,521.0,0
6.4269245634967325,521.0,0
6.427033794343523,520.0,0
6.427143025190315,520.0,0
6.4272522560371055,521.0,0
6.427361486883897,521.0,0
6.427470717730688,520.0,0
6.4275799485774785,521.0,0
6.42768917942427,521.0,0
6.427798410271061,520.0,0
6.427907641117852,520.0,0
6.428016871964643,521.0,0
6.428126102811435,520.0,0
6.428235333658225,520.0,0
6.428344564505016,520.0,0
6.428453795351808,521.0,0
6.428563026198599,520.0,0
6.42867225704539,521.0,0
6.428781487892182,521.0,0
6.428890718738973,521.0,0
6.428999949585764,521.0,0
6.429109180432555,521.0,0
6.429218411279346,521.0,0
6.429327642126137,521.0,0
6.4294368729729285,521.0,0
6.429546103819719,521.0,0
6.429655334666511,521.0,0
6.4297645655133016,521.0,0
6.429873796360093,521.0,0
6.429983027206884,521.0,0
6.430092258053675,521.0,0
6.430201488900466,522.0,0
6.430310719747257,522.0,0
6.4304199505940485,522.0,0
6.430529181440839,522.0,0
6.430638412287631,522.0,0
6.4307476431344215,522.0,0
6.430856873981212,522.0,0
6.430966104828004,522.0,0
6.4310753356747945,522.0,0
6.431184566521586,522.0,0
6.431293797368378,523.0,0
6.431403028215168,522.0,0
6.43151225906196,522.0,0
6.431621489908751,522.0,0
6.431730720755542,523.0,0
6.431839951602333,522.0,0
6.431949182449125,522.0,0
6.432058413295915,522.0,0
6.432167644142707,522.0,0
6.432276874989498,521.0,0
6.432386105836289,522.0,0
6.43249533668308,522.0,0
6.432604567529871,522.0,0
6.432713798376662,521.0,0
6.432823029223453,522.0,0
6.4329322600702445,521.0,0
6.433041490917035,521.0,0
6.433150721763827,522.0,0
6.433259952610618,522.0,0
6.433369183457408,521.0,0
6.4334784143042,522.0,0
6.4335876451509915,522.0,0
6.433696875997782,521.0,0
6.433806106844574,521.0,0
6.433915337691365,522.0,0
6.434024568538156,521.0,0
6.434133799384947,521.0,0
6.434243030231738,522.0,0
6.434352261078529,522.0,0
6.434461491925321,521.0,0
6.434570722772111,522.0,0
6.434679953618903,521.0,0
6.434789184465694,522.0,0
6.434898415312485,521.0,0
6.435007646159276,522.0,0
6.435116877006067,521.0,0
6.435226107852858,521.0,0
6.435335338699649,521.0,0
6.435444569546441,521.0,0
6.435553800393231,521.0,0
6.435663031240023,521.0,0
6.435772262086814,521.0,0
6.435881492933604,521.0,0
6.435990723780396,521.0,0
6.436099954627187,521.0,0
6.436209185473978,521.0,0
6.43631841632077,521.0,0
6.4364276471675606,521.0,0
6.436536878014352,521.0,0
6.436646108861143,521.0,0
6.4367553397079345,521.0,0
6.436864570554725,520.0,0
6.436973801401517,521.0,0
6.4370830322483075,520.0,0
6.437192263095099,520.0,0
6.43730149394189,520.0,0
6.437410724788681,520.0,0
6.437519955635472,519.0,0
6.437629186482263,519.0,0
6.437738417329054,519.0,0
6.437847648175845,519.0,0
6.437956879022637,519.0,0
6.438066109869427,519.0,0
6.438175340716219,519.0,0
6.43828457156301,519.0,0
6.4383938024098,519.0,0
6.438503033256592,519.0,0
6.438612264103384,519.0,0
6.438721494950174,519.0,0
6.438830725796966,519.0,0
6.4389399566437575,519.0,0
6.439049187490548,519.0,0
6.43915841833734,519.0,0
6.4392676491841305,519.0,0
6.439376880030921,519.0,0
6.439486110877713,519.0,0
6.4395953417245035,519.0,0
6.439704572571295,519.0,0
6.439813803418086,519.0,0
6.439923034264877,519.0,0
6.440032265111668,519.0,0
6.440141495958459,519.0,0
6.4402507268052505,519.0,0
6.440359957652041,519.0,0
6.440469188498833,519.0,0
6.4405784193456235,519.0,0
6.440687650192415,519.0,0
6.440796881039206,519.0,0
6.4409061118859965,519.0,0
6.441015342732788,519.0,0
6.441124573579579,520.0,0
6.44123380442637,519.0,0
6.441343035273162,519.0,0
6.441452266119953,519.0,0
6.441561496966744,520.0,0
6.441670727813536,519.0,0
6.441779958660327,519.0,0
6.441889189507117,519.0,0
6.441998420353909,519.0,0
6.4421076512007,519.0,0
6.442216882047491,519.0,0
6.442326112894282,519.0,0
6.4424353437410735,519.0,0
6.442544574587864,519.0,0
6.442653805434655,519.0,0
6.4427630362814465,519.0,0
6.442872267128237,519.0,0
6.442981497975029,519.0,0
6.4430907288218195,519.0,0
6.443199959668611,519.0,0
6.443309190515402,519.0,0
6.443418421362193,519.0,0
6.443527652208984,519.0,0
6.443636883055776,519.0,0
6.4437461139025665,519.0,0
6.443855344749358,519.0,0
6.44396457559615,519.0,0
6.44407380644294,519.0,0
6.444183037289732,519.0,0
6.444292268136523,519.0,0
6.444401498983313,519.0,0
6.444510729830105,519.0,0
6.444619960676896,519.0,0
6.444729191523687,519.0,0
6.444838422370478,519.0,0
6.44494765321727,519.0,0
6.44505688406406,519.0,0
6.445166114910851,519.0,0
6.445275345757643,520.0,0
6.445384576604433,520.0,0
6.445493807451225,519.0,0
6.445603038298016,520.0,0
6.445712269144807,520.0,0
6.445821499991598,520.0,0
6.445930730838389,520.0,0
6.44603996168518,520.0,0
6.446149192531971,520.0,0
6.4462584233787625,520.0,0
6.446367654225554,521.0,0
6.446476885072345,521.0,0
6.446586115919136,520.0,0
6.446695346765928,520.0,0
6.446804577612719,521.0,0
6.4469138084595095,521.0,0
6.447023039306301,521.0,0
6.447132270153092,521.0,0
6.447241500999883,522.0,0
6.447350731846674,521.0,0
6.447459962693466,521.0,0
6.447569193540256,522.0,0
6.447678424387047,522.0,0
6.447787655233839,521.0,0
6.447896886080629,522.0,0
6.448006116927421,522.0,0
6.448115347774212,521.0,0
6.448224578621003,521.0,0
6.448333809467794,523.0,0
6.448443040314585,522.0,0
6.448552271161376,521.0,0
6.448661502008168,521.0,0
6.448770732854959,522.0,0
6.44887996370175,521.0,0
6.448989194548542,521.0,0
6.4490984253953325,521.0,0
6.449207656242124,521.0,0
6.449316887088915,520.0,0
6.4494261179357055,521.0,0
6.449535348782497,521.0,0
6.449644579629288,520.0,0
6.449753810476079,520.0,0
6.44986304132287,520.0,0
6.449972272169662,520.0,0
6.4500815030164524,520.0,0
6.450190733863243,520.0,0
6.450299964710035,520.0,0
6.4504091955568255,519.0,0
6.450518426403617,520.0,0
6.450627657250408,520.0,0
6.450736888097199,519.0,0
6.45084611894399,519.0,0
6.450955349790781,519.0,0
6.451064580637572,519.0,0
6.451173811484363,519.0,0
6.451283042331155,519.0,0
6.451392273177946,519.0,0
6.451501504024737,519.0,0
6.451610734871529,519.0,0
6.45171996571832,519.0,0
6.451829196565111,519.0,0
6.451938427411902,519.0,0
6.452047658258693,519.0,0
6.452156889105484,519.0,0
6.4522661199522755,519.0,0
6.452375350799066,519.0,0
6.452484581645858,520.0,0
6.4525938124926485,520.0,0
6.452703043339439,520.0,0
6.452812274186231,520.0,0
6.4529215050330215,521.0,0
6.453030735879813,520.0,0
6.453139966726604,520.0,0
6.453249197573395,521.0,0
6.453358428420186,521.0,0
6.453467659266977,521.0,0
6.4535768901137684,521.0,0
6.45368612096056,521.0,0
6.453795351807351,522.0,0
6.453904582654142,521.0,0
6.454013813500934,523.0,0
6.454123044347725,522.0,0
6.454232275194516,522.0,0
6.454341506041307,522.0,0
6.454450736888098,523.0,0
6.454559967734889,523.0,0
6.45466919858168,523.0,0
6.454778429428472,523.0,0
6.454887660275262,523.0,0
6.454996891122054,523.0,0
6.455106121968845,523.0,0
6.455215352815635,523.0,0
6.455324583662427,523.0,0
6.455433814509218,523.0,0
6.455543045356009,523.0,0
6.4556522762028,523.0,0
6.4557615070495915,523.0,0
6.455870737896382,523.0,0
6.455979968743174,523.0,0
6.4560891995899645,523.0,0
6.456198430436755,522.0,0
6.456307661283547,522.0,0
6.456416892130338,522.0,0
6.456526122977129,521.0,0
6.456635353823921,521.0,0
6.456744584670712,521.0,0
6.456853815517503,521.0,0
6.456963046364294,521.0,0
6.457072277211085,521.0,0
6.457181508057876,521.0,0
6.457290738904668,521.0,0
6.457399969751458,520.0,0
6.45750920059825,521.0,0
6.457618431445041,520.0,0
6.457727662291831,520.0,0
6.457836893138623,520.0,0
6.457946123985414,520.0,0
6.458055354832205,520.0,0
6.458164585678996,520.0,0
6.458273816525788,520.0,0
6.458383047372578,520.0,0
6.45849227821937,520.0,0
6.458601509066161,520.0,0
6.458710739912952,520.0,0
6.458819970759743,520.0,0
6.4589292016065345,520.0,0
6.459038432453326,520.0,0
6.459147663300117,520.0,0
6.459256894146908,520.0,0
6.459366124993699,520.0,0
6.45947535584049,521.0,0
6.459584586687281,521.0,0
6.459693817534072,521.0,0
6.459803048380864,521.0,0
6.459912279227654,521.0,0
6.460021510074446,521.0,0
6.460130740921237,521.0,0
6.4602399717680274,521.0,0
6.460349202614819,522.0,0
6.46045843346161,522.0,0
6.460567664308401,523.0,0
6.460676895155192,522.0,0
6.460786126001984,523.0,0
6.460895356848774,523.0,0
6.461004587695566,523.0,0
6.461113818542357,523.0,0
6.461223049389147,524.0,0
6.461332280235939,524.0,0
6.461441511082731,524.0,0
6.461550741929521,524.0,0
6.461659972776313,524.0,0
6.4617692036231045,524.0,0
6.461878434469895,524.0,0
6.461987665316686,524.0,0
6.4620968961634775,524.0,0
6.462206127010268,524.0,0
6.46231535785706,524.0,0
6.4624245887038505,524.0,0
6.462533819550642,524.0,0
6.462643050397433,524.0,0
6.4627522812442235,524.0,0
6.462861512091015,524.0,0
6.462970742937806,524.0,0
6.463079973784597,524.0,0
6.463189204631388,524.0,0
6.46329843547818,524.0,0
6.46340766632497,524.0,0
6.463516897171762,524.0,0
6.463626128018553,524.0,0
6.463735358865344,524.0,0
6.463844589712135,524.0,0
6.463953820558927,524.0,0
6.464063051405718,524.0,0
6.464172282252509,524.0,0
6.4642815130993005,524.0,0
6.464390743946091,524.0,0
6.464499974792882,524.0,0
6.464609205639674,524.0,0
6.464718436486464,524.0,0
6.464827667333256,523.0,0
6.464936898180047,524.0,0
6.465046129026838,524.0,0
6.465155359873629,523.0,0
6.46526459072042,523.0,0
6.465373821567211,524.0,0
6.465483052414002,523.0,0
6.4655922832607935,523.0,0
6.465701514107584,523.0,0
6.465810744954376,524.0,0
6.4659199758011665,523.0,0
6.466029206647958,523.0,0
6.466138437494749,523.0,0
6.4662476683415395,523.0,0
6.466356899188331,523.0,0
6.466466130035123,523.0,0
6.466575360881913,523.0,0
6.466684591728705,523.0,0
6.466793822575497,522.0,0
6.466903053422287,523.0,0
6.467012284269078,522.0,0
6.46712151511587,522.0,0
6.46723074596266,522.0,0
6.467339976809452,522.0,0
6.467449207656243,521.0,0
6.467558438503034,522.0,0
6.467667669349825,522.0,0
6.467776900196616,521.0,0
6.467886131043407,521.0,0
6.467995361890198,521.0,0
6.46810459273699,521.0,0
6.46821382358378,521.0,0
6.468323054430572,521.0,0
6.468432285277363,521.0,0
6.468541516124154,521.0,0
6.468650746970945,521.0,0
6.4687599778177365,521.0,0
6.468869208664527,521.0,0
6.468978439511319,520.0,0
6.46908767035811,521.0,0
6.469196901204901,520.0,0
6.469306132051693,520.0,0
6.469415362898483,520.0,0
6.469524593745274,520.0,0
6.469633824592066,520.0,0
6.469743055438856,520.0,0
6.469852286285648,520.0,0
6.469961517132439,520.0,0
6.47007074797923,519.0,0
6.470179978826021,520.0,0
6.470289209672813,520.0,0
6.470398440519603,519.0,0
6.470507671366394,519.0,0
6.470616902213186,519.0,0
6.470726133059976,519.0,0
6.470835363906768,519.0,0
6.470944594753559,519.0,0
6.47105382560035,519.0,0
6.471163056447141,519.0,0
6.471272287293932,519.0,0
6.471381518140723,520.0,0
6.471490748987515,520.0,0
6.471599979834306,520.0,0
6.471709210681097,520.0,0
6.471818441527889,520.0,0
6.4719276723746795,520.0,0
6.47203690322147,520.0,0
6.472146134068262,521.0,0
6.4722553649150525,520.0,0
6.472364595761844,521.0,0
6.472473826608635,520.0,0
6.472583057455426,521.0,0
6.472692288302217,521.0,0
6.472801519149009,521.0,0
6.472910749995799,521.0,0
6.47301998084259,521.0,0
6.473129211689382,521.0,0
6.473238442536172,521.0,0
6.473347673382964,521.0,0
6.473456904229755,521.0,0
6.473566135076546,520.0,0
6.473675365923337,521.0,0
6.473784596770129,520.0,0
6.473893827616919,520.0,0
6.474003058463711,520.0,0
6.4741122893105025,520.0,0
6.474221520157293,520.0,0
6.474330751004085,520.0,0
6.4744399818508755,519.0,0
6.474549212697666,519.0,0
6.474658443544458,519.0,0
6.474767674391249,519.0,0
6.47487690523804,519.0,0
6.474986136084831,519.0,0
6.4750953669316225,519.0,0
6.475204597778413,519.0,0
6.475313828625205,519.0,0
6.4754230594719955,519.0,0
6.475532290318786,518.0,0
6.475641521165578,518.0,0
6.4757507520123685,518.0,0
6.47585998285916,518.0,0
6.475969213705951,518.0,0
6.476078444552742,518.0,0
6.476187675399533,517.0,0
6.476296906246324,517.0,0
6.476406137093115,517.0,0
6.476515367939907,517.0,0
6.476624598786698,516.0,0
6.476733829633489,516.0,0
6.476843060480281,516.0,0
6.476952291327072,517.0,0
6.477061522173862,516.0,0
6.477170753020654,516.0,0
6.477279983867445,516.0,0
6.477389214714236,516.0,0
6.477498445561027,516.0,0
6.4776076764078185,516.0,0
6.477716907254609,516.0,0
6.477826138101401,516.0,0
6.4779353689481916,516.0,0
6.478044599794982,518.0,0
6.478153830641774,516.0,0
6.478263061488565,516.0,0
6.478372292335356,517.0,0
6.478481523182147,518.0,0
6.4785907540289385,516.0,0
6.478699984875729,517.0,0
6.478809215722521,518.0,0
6.4789184465693115,518.0,0
6.479027677416103,517.0,0
6.479136908262895,518.0,0
6.479246139109685,518.0,0
6.479355369956477,518.0,0
6.479464600803268,518.0,0
6.479573831650058,518.0,0
6.47968306249685,518.0,0
6.479792293343641,518.0,0
6.479901524190432,518.0,0
6.480010755037223,518.0,0
6.480119985884015,518.0,0
6.480229216730805,518.0,0
6.480338447577597,519.0,0
6.480447678424388,518.0,0
6.480556909271178,518.0,0
6.48066614011797,519.0,0
6.480775370964761,518.0,0
6.480884601811552,518.0,0
6.480993832658343,518.0,0
6.4811030635051345,519.0,0
6.481212294351925,518.0,0
6.481321525198716,518.0,0
6.481430756045508,519.0,0
6.481539986892299,518.0,0
6.48164921773909,518.0,0
6.4817584485858815,518.0,0
6.481867679432673,519.0,0
6.481976910279464,518.0,0
6.4820861411262545,518.0,0
6.482195371973046,519.0,0
6.482304602819837,519.0,0
6.482413833666628,518.0,0
6.482523064513419,519.0,0
6.482632295360211,519.0,0
6.482741526207001,519.0,0
6.482850757053793,519.0,0
6.482959987900584,519.0,0
6.483069218747374,519.0,0
6.483178449594166,519.0,0
6.483287680440957,519.0,0
6.483396911287748,519.0,0
6.483506142134539,519.0,0
6.483615372981331,519.0,0
6.483724603828121,520.0,0
6.483833834674913,520.0,0
6.483943065521704,519.0,0
6.484052296368495,519.0,0
6.484161527215287,520.0,0
6.4842707580620775,520.0,0
6.484379988908869,520.0,0
6.48448921975566,520.0,0
6.484598450602451,520.0,0
6.484707681449242,520.0,0
6.484816912296033,520.0,0
6.4849261431428245,520.0,0
6.485035373989615,520.0,0
6.485144604836407,520.0,0
6.4852538356831975,521.0,0
6.485363066529989,520.0,0
6.48547229737678,520.0,0
6.4855815282235705,520.0,0
6.485690759070362,521.0,0
6.485799989917153,521.0,0
6.485909220763944,521.0,0
6.486018451610735,521.0,0
6.486127682457527,521.0,0
6.486236913304317,521.0,0
6.486346144151108,522.0,0
6.4864553749979,522.0,0
6.486564605844691,522.0,0
6.486673836691482,522.0,0
6.486783067538274,523.0,0
6.486892298385065,522.0,0
6.487001529231856,522.0,0
6.4871107600786475,522.0,0
6.487219990925438,523.0,0
6.487329221772229,522.0,0
6.4874384526190205,522.0,0
6.487547683465811,523.0,0
6.487656914312603,523.0,0
6.4877661451593935,522.0,0
6.487875376006185,523.0,0
6.487984606852976,523.0,0
6.4880938376997666,522.0,0
6.488203068546558,522.0,0
6.488312299393349,523.0,0
6.4884215302401405,522.0,0
6.488530761086931,522.0,0
6.488639991933723,522.0,0
6.4887492227805135,523.0,0
6.488858453627305,522.0,0
6.488967684474096,522.0,0
6.489076915320887,522.0,0
6.489186146167679,522.0,0
6.48929537701447,521.0,0
6.489404607861261,522.0,0
6.489513838708052,521.0,0
6.489623069554844,521.0,0
6.489732300401634,521.0,0
6.489841531248425,521.0,0
6.489950762095217,521.0,0
6.490059992942007,521.0,0
6.490169223788799,520.0,0
6.49027845463559,521.0,0
6.490387685482381,520.0,0
6.490496916329172,520.0,0
6.490606147175963,520.0,0
6.490715378022754,520.0,0
6.490824608869545,519.0,0
6.4909338397163365,519.0,0
6.491043070563127,519.0,0
6.491152301409919,519.0,0
6.4912615322567095,519.0,0
6.4913707631035,519.0,0
6.491479993950292,519.0,0
6.4915892247970834,519.0,0
6.491698455643874,519.0,0
6.491807686490666,519.0,0
6.491916917337457,519.0,0
6.492026148184248,519.0,0
6.49213537903104,519.0,0
6.49224460987783,519.0,0
6.492353840724621,518.0,0
6.492463071571413,519.0,0
6.492572302418203,519.0,0
6.492681533264995,518.0,0
6.492790764111786,518.0,0
6.492899994958577,518.0,0
6.493009225805368,518.0,0
6.493118456652159,518.0,0
6.49322768749895,518.0,0
6.493336918345741,518.0,0
6.493446149192533,516.0,0
6.493555380039323,516.0,0
6.493664610886115,516.0,0
6.493773841732906,516.0,0
6.493883072579697,516.0,0
6.493992303426488,516.0,0
6.4941015342732795,515.0,0
6.494210765120071,515.0,0
6.494319995966862,515.0,0
6.494429226813653,515.0,0
6.494538457660444,515.0,0
6.494647688507236,515.0,0
6.494756919354026,515.0,0
6.494866150200817,515.0,0
6.494975381047609,515.0,0
6.4950846118943995,515.0,0
6.495193842741191,515.0,0
6.495303073587982,515.0,0
6.495412304434773,515.0,0
6.495521535281564,515.0,0
6.495630766128355,515.0,0
6.495739996975146,515.0,0
6.495849227821937,515.0,0
6.495958458668729,515.0,0
6.496067689515519,515.0,0
6.496176920362311,515.0,0
6.496286151209102,515.0,0
6.496395382055892,515.0,0
6.496504612902684,515.0,0
6.496613843749476,515.0,0
6.496723074596266,515.0,0
6.496832305443058,515.0,0
6.4969415362898495,515.0,0
6.49705076713664,516.0,0
6.497159997983432,516.0,0
6.4972692288302225,516.0,0
6.497378459677013,516.0,0
6.497487690523805,516.0,0
6.4975969213705955,516.0,0
6.497706152217387,516.0,0
6.497815383064178,517.0,0
6.497924613910969,518.0,0
6.49803384475776,516.0,0
6.498143075604551,518.0,0
6.498252306451342,518.0,0
6.498361537298133,517.0,0
6.498470768144925,517.0,0
6.4985799989917155,518.0,0
6.498689229838507,518.0,0
6.498798460685298,518.0,0
6.498907691532089,518.0,0
6.49901692237888,518.0,0
6.499126153225672,518.0,0
6.499235384072463,518.0,0
6.499344614919254,518.0,0
6.499453845766046,518.0,0
6.499563076612836,518.0,0
6.499672307459628,519.0,0
6.499781538306419,519.0,0
6.499890769153209,519.0,0
6.5,519.0,0
